0.9977693557739258 1
0.09170075505971909 0
0.052249517291784286 0
0.022157792001962662 0
0.5874892473220825 0
0.9645645022392273 1
0.018380532041192055 0
0.42926639318466187 0
0.10181562602519989 0
0.9849623441696167 0
0.999914288520813 1
0.1951994150876999 0
0.8707318305969238 0
0.1386505663394928 0
0.47662481665611267 0
0.999729335308075 1
0.24851533770561218 0
0.48938632011413574 0
0.3186495006084442 0
0.9585930109024048 0
0.9727948904037476 1
0.6423314809799194 0
0.8547132015228271 0
0.9546629786491394 0
0.9875666499137878 0
0.9999535083770752 1
0.9667832255363464 0
0.9950279593467712 0
0.6841455698013306 0
0.9985743761062622 0
0.981048047542572 1
0.18325196206569672 0
0.9358005523681641 0
0.020360739901661873 0
0.03161773085594177 0
0.999494731426239 1
0.20811209082603455 0
0.009549031034111977 0
0.0029524993151426315 0
0.7140688300132751 0
0.995391309261322 1
0.9682327508926392 0
0.9893280267715454 0
0.0010731152724474669 0
0.02902979776263237 0
0.9998989105224609 1
0.018687527626752853 0
0.3581030070781708 0
0.07804975658655167 0
0.8016270995140076 0
0.9771897792816162 1
0.681496798992157 0
0.030118603259325027 0
0.9874701499938965 0
0.9434243440628052 0
0.9991044998168945 1
0.35213321447372437 0
0.8030598163604736 0
0.8678779006004333 0
0.996934175491333 0
0.9994182586669922 1
0.021284397691488266 0
0.0011855218326672912 0
0.022395726293325424 0
0.14552722871303558 0
0.9986299872398376 1
0.9850174188613892 0
0.9967567324638367 0
0.9571130275726318 0
0.9933401346206665 0
0.9998170137405396 1
0.19122302532196045 0
0.01757626049220562 0
0.5755724310874939 0
0.9989630579948425 0
0.9984900951385498 1
0.09930655360221863 0
0.14187729358673096 0
0.6615105867385864 0
0.8459196090698242 0
0.9966546297073364 1
0.16456881165504456 0
0.003782156389206648 0
0.998849093914032 0
0.7270224094390869 0
0.9998503923416138 1
0.0008289035176858306 0
0.13172464072704315 0
0.769354522228241 0
0.7627239227294922 0
0.9958631992340088 1
0.00014257844304665923 0
0.003659251844510436 0
0.22579853236675262 0
0.036214448511600494 0
0.999642014503479 1
0.00050537841161713 0
0.011264923959970474 0
0.03666767105460167 0
0.08165208995342255 0
0.978752076625824 1
0.0008046689326874912 0
0.015413637273013592 0
0.004725398030132055 0
0.016444453969597816 0
0.9998793601989746 1
0.018530365079641342 0
0.9903464317321777 0
0.12041272222995758 0
0.008080001920461655 0
0.9994164705276489 1
0.016467880457639694 0
0.9246207475662231 0
0.052097469568252563 0
0.023136025294661522 0
0.9995976686477661 1
0.025558456778526306 0
0.9581364393234253 0
0.0037340857088565826 0
0.0030753209721297026 0
0.9993969798088074 1
0.004828343633562326 0
0.9629014730453491 0
0.9170506000518799 0
0.21726016700267792 0
0.9993381500244141 1
0.01833651028573513 0
0.9893993139266968 0
0.5625838041305542 0
0.710791289806366 0
0.9168533086776733 1
0.46406087279319763 0
0.9977876543998718 0
0.026238879188895226 0
0.029608719050884247 0
0.9904584884643555 1
0.0009438464185222983 0
0.6320194602012634 0
0.861343264579773 0
0.042185477912425995 0
0.9995686411857605 1
0.0047828336246311665 0
0.4706549048423767 0
0.8004087805747986 0
0.07283109426498413 0
0.9941015243530273 1
0.0006907961214892566 0
0.13979443907737732 0
0.07124339789152145 0
0.06384854763746262 0
0.9998602867126465 1
0.009284374304115772 0
0.24149978160858154 0
0.0026193340308964252 0
0.051894575357437134 0
0.9998852014541626 1
0.03258843719959259 0
0.23244653642177582 0
0.12376289069652557 0
0.0008294103899970651 0
0.9980577826499939 1
0.010133041068911552 0
0.17866212129592896 0
0.0012319441884756088 0
0.003001360921189189 0
0.9127888679504395 1
0.0011813691817224026 0
0.023398419842123985 0
0.024358076974749565 0
0.0030572544783353806 0
0.9954262971878052 1
6.54908362776041e-05 0
0.0010873152641579509 0
0.02823452278971672 0
0.004465946927666664 0
0.9818586111068726 1
0.0007006035884842277 0
0.006048280745744705 0
0.00047232440556399524 0
0.0004693007213063538 0
0.9884012937545776 1
0.004125130828469992 0
0.5790010690689087 0
0.6686725616455078 0
0.0030925290193408728 0
0.9671599268913269 1
0.006887572817504406 0
0.9497212767601013 0
0.915122389793396 0
0.3760771155357361 0
0.89610356092453 1
0.7374157309532166 0
0.8877710700035095 0
0.4603576064109802 0
0.9851967096328735 0
0.8760478496551514 1
0.00021758477669209242 0
0.026717139407992363 0
0.4009355306625366 0
0.0009908460779115558 0
0.986760139465332 1
0.0002460053947288543 0
0.0029124529100954533 0
0.05053682625293732 0
0.00027021003188565373 0
0.9776353240013123 1
9.030629735207185e-05 0
0.011838847771286964 0
0.0014768167166039348 0
0.005666553974151611 0
0.9941093325614929 1
0.3147016167640686 0
0.9993764162063599 0
0.8417300581932068 0
0.00034380663419142365 0
0.9998984336853027 1
0.04186133295297623 0
0.9982902407646179 0
0.9660207033157349 0
0.5891427993774414 0
0.9989550113677979 1
0.9104560613632202 0
0.9840584993362427 0
0.34454163908958435 0
0.6256784796714783 0
0.9997731447219849 1
8.883862028596923e-05 0
0.0033995797857642174 0
0.6348921656608582 0
5.9412319387774915e-05 0
0.9998829364776611 1
0.0020414728205651045 0
0.9819573760032654 0
0.4423017203807831 0
0.00014148617628961802 0
0.9914423823356628 1
0.07649281620979309 0
0.9704157710075378 0
0.9306901693344116 0
0.007258547004312277 0
0.9682801961898804 1
0.5998949408531189 0
0.8333958387374878 0
0.4278441369533539 0
0.024239294230937958 0
0.8390798568725586 1
0.9711180925369263 0
0.9899104833602905 0
0.008888404816389084 0
0.11855161190032959 0
0.7890757918357849 1
0.6916221380233765 0
0.9921680688858032 0
0.5493214130401611 0
0.11520332098007202 0
0.8079847097396851 1
0.5687575340270996 0
0.6557728052139282 0
0.07825731486082077 0
0.0021198848262429237 0
0.878795325756073 1
0.4533465802669525 0
0.9932129383087158 0
0.0010438071331009269 0
0.002106713829562068 0
0.9982315897941589 1
0.3030715882778168 0
0.8743390440940857 0
0.04083162918686867 0
0.5345701575279236 0
0.9852657318115234 1
0.001959574408829212 0
0.39196938276290894 0
0.9378200769424438 0
0.0007515499601140618 0
0.9657531976699829 1
0.22577260434627533 0
0.9976139068603516 0
0.9954051971435547 0
0.931620717048645 0
0.9979056119918823 1
0.4369085431098938 0
0.6766905784606934 0
0.5031778812408447 0
0.9064185619354248 0
0.8556241393089294 1
6.239797949092463e-05 0
0.016008388251066208 0
0.825230062007904 0
0.002139914780855179 0
0.9991564750671387 1
0.0007437057793140411 0
0.2015710175037384 0
0.9361013770103455 0
8.333918231073767e-05 0
0.9983735084533691 1
0.0010649759788066149 0
0.08412995934486389 0
0.1864095777273178 0
0.001156136393547058 0
0.9981051683425903 1
0.5606227517127991 0
0.7782827615737915 0
0.7918466925621033 0
0.008922243490815163 0
0.9998425245285034 1
0.035665448755025864 0
0.5075106024742126 0
0.9670540690422058 0
0.8571910858154297 0
0.9978441596031189 1
0.37550193071365356 0
0.5819169282913208 0
0.4707419276237488 0
0.23605090379714966 0
0.9979902505874634 1
0.0006586557719856501 0
0.8749980926513672 0
1.5249628631863743e-05 0
0.000335012620780617 0
0.962199330329895 1
0.002844944130629301 0
0.42014071345329285 0
0.03061973862349987 0
5.2463990869000554e-05 0
0.9966818690299988 1
0.33174508810043335 0
0.9709485769271851 0
0.8126088380813599 0
0.08256345242261887 0
0.36432409286499023 1
0.00017846195260062814 0
0.31837260723114014 0
0.3909274935722351 0
9.937889262801036e-05 0
0.9985567927360535 1
0.0005599214928224683 0
0.9177361726760864 0
0.4731045663356781 0
0.24590085446834564 0
0.9767197966575623 1
0.04461466521024704 0
0.8857275247573853 0
0.5844179391860962 0
0.14709727466106415 0
0.06159007176756859 1
0.0003295240458101034 0
0.0002661302569322288 0
0.02359740063548088 0
4.618495950126089e-06 0
0.8551217913627625 1
0.00013516441686078906 0
0.00020988701726309955 0
0.049821026623249054 0
0.00014632429520133883 0
0.9728653430938721 1
0.0009235513280145824 0
0.001553189940750599 0
0.05096945911645889 0
0.004257319029420614 0
