0.09636282920837402 1
0.37374746799468994 1
0.16304484009742737 1
0.25156089663505554 1
0.03120845928788185 1
0.30040931701660156 1
0.43377429246902466 1
0.0185740627348423 1
0.3381972312927246 1
0.06748805940151215 1
0.3352659344673157 1
0.026752479374408722 1
0.2573204040527344 1
0.3468427062034607 1
0.6766074895858765 1
0.37191957235336304 1
0.018395934253931046 1
0.2530118227005005 1
0.09344331920146942 1
0.4556524157524109 1
0.14801998436450958 1
0.38346871733665466 1
0.6008340120315552 1
0.016413532197475433 0
0.005162440240383148 0
0.6840788722038269 0
0.0008714915020391345 0
0.11448007822036743 0
0.29754629731178284 0
0.0016422502230852842 0
0.0017539601540192962 0
0.14890578389167786 0
0.06340409815311432 0
0.007244715001434088 0
0.7552926540374756 0
0.0003838753909803927 0
0.0010286301840096712 0
0.8996960520744324 0
0.0007234345539472997 0
0.00026827864348888397 0
0.45591485500335693 0
0.0007578525692224503 0
0.009040330536663532 0
0.4799965023994446 0
0.01333322748541832 0
0.006026091985404491 0
0.3272009491920471 0
0.0006577154854312539 0
0.005237128119915724 0
0.38845187425613403 0
0.008410745300352573 0
0.018918732181191444 0
0.3393682837486267 0
0.013341760262846947 0
0.016865458339452744 0
0.34870779514312744 0
0.03791533410549164 0
0.0159587599337101 0
0.3766193985939026 0
0.01399499736726284 0
0.013454228639602661 0
0.41676050424575806 0
0.0019460715120658278 0
0.05082325637340546 0
0.31289246678352356 0
0.10257644951343536 0
0.009712149389088154 0
0.5117502212524414 0
0.02242448553442955 0
0.01226073782891035 0
0.4551067352294922 0
0.016950711607933044 0
0.021006718277931213 0
0.6013631820678711 0
0.0019355531549081206 0
0.01713753119111061 0
0.38189932703971863 0
0.003566334955394268 0
0.002911518793553114 0
0.544320821762085 0
0.02882814034819603 0
0.011784650385379791 0
0.5354244709014893 0
0.015814071521162987 0
0.022936362773180008 0
0.4057728052139282 0
0.03463686257600784 0
0.013834331184625626 0
0.6711628437042236 0
0.1252877563238144 0
0.004086903762072325 0
0.7750584483146667 0
0.7255489230155945 1
0.9407512545585632 1
0.5035480856895447 1
0.6906422972679138 1
0.9702576398849487 1
0.9145842790603638 1
0.9829394817352295 1
0.9770482778549194 1
0.9035228490829468 1
0.3932071626186371 1
0.5455036163330078 1
0.8757413625717163 1
0.42537450790405273 1
0.4175320565700531 1
0.5483126044273376 1
0.4122256934642792 1
0.8384305238723755 1
0.4697452187538147 1
0.512441873550415 1
0.4685695767402649 1
0.6740603446960449 1
0.8245906829833984 1
0.5509088039398193 1
