0.9999629855155945 1
0.08629415929317474 0
0.2675570249557495 0
0.11122260987758636 0
0.8968662023544312 0
0.9570002555847168 1
0.014441123232245445 0
0.3301541209220886 0
0.3416895270347595 0
0.9467636942863464 0
0.9997438192367554 1
0.19152598083019257 0
0.4246285855770111 0
0.6620877981185913 0
0.8070974349975586 0
0.9999932050704956 1
0.5527968406677246 0
0.6361186504364014 0
0.17339158058166504 0
0.9954676628112793 0
0.9926882982254028 1
0.805050790309906 0
0.7089979648590088 0
0.9848877787590027 0
0.9921571612358093 0
0.9999849796295166 1
0.8684179186820984 0
0.9784117937088013 0
0.962689995765686 0
0.9994988441467285 0
0.9972114562988281 1
0.5711013674736023 0
0.8473124504089355 0
0.06637068092823029 0
0.22635798156261444 0
0.999417245388031 1
0.19032250344753265 0
0.016447387635707855 0
0.016061801463365555 0
0.9608423113822937 0
0.9973596930503845 1
0.7245771884918213 0
0.9673492908477783 0
0.004635957069694996 0
0.43112295866012573 0
0.9999852180480957 1
0.1804979294538498 0
0.33273547887802124 0
0.03053964674472809 0
0.9982389211654663 0
0.9896087050437927 1
0.09524767100811005 0
0.018474087119102478 0
0.5037737488746643 0
0.9917303919792175 0
0.9996645450592041 1
0.4193507432937622 0
0.5052828788757324 0
0.771868109703064 0
0.9985743761062622 0
0.9999472498893738 1
0.3815443515777588 0
0.00377396191470325 0
0.28833723068237305 0
0.39514920115470886 0
0.99870765209198 1
0.9796271324157715 0
0.9950257539749146 0
0.9534014463424683 0
0.9987656474113464 0
0.9999456405639648 1
0.3507779836654663 0
0.04783149063587189 0
0.9784457087516785 0
0.9997533559799194 0
0.9997254610061646 1
0.24587640166282654 0
0.7294083833694458 0
0.6986197829246521 0
0.9923755526542664 0
0.9894963502883911 1
0.14810077846050262 0
0.011285245418548584 0
0.9989327192306519 0
0.9590429067611694 0
0.9995021820068359 1
0.002141204196959734 0
0.15639114379882812 0
0.9729540348052979 0
0.9927560687065125 0
0.9994005560874939 1
0.00010655783989932388 0
0.00025806776829995215 0
0.15573059022426605 0
0.04966150224208832 0
0.9998667240142822 1
0.0004981704987585545 0
0.0408119335770607 0
0.006404760293662548 0
0.02893989346921444 0
0.994575023651123 1
0.002146332059055567 0
0.01917351223528385 0
0.0032314572017639875 0
0.024674758315086365 0
0.9999902248382568 1
0.01788811758160591 0
0.9981856346130371 0
0.4969344139099121 0
0.019421430304646492 0
0.9994544386863708 1
0.014880608767271042 0
0.9830920696258545 0
0.10388872027397156 0
0.031860679388046265 0
0.999663233757019 1
0.06362563371658325 0
0.9578560590744019 0
0.001955268904566765 0
0.008585530333220959 0
0.9997155666351318 1
0.03260404244065285 0
0.9584395289421082 0
0.8750893473625183 0
0.23557846248149872 0
0.9998794794082642 1
0.07023283839225769 0
0.9627008438110352 0
0.4774995744228363 0
0.6464108824729919 0
0.9615201950073242 1
0.9726532697677612 0
0.9940567016601562 0
0.022166674956679344 0
0.2579762637615204 0
0.9957311153411865 1
0.0013984174001961946 0
0.02339996211230755 0
0.9739183187484741 0
0.1677933782339096 0
0.9999863505363464 1
0.005035551264882088 0
0.9868895411491394 0
0.9532987475395203 0
0.09522106498479843 0
0.9955590963363647 1
0.0025878245942294598 0
0.09450539201498032 0
0.14750944077968597 0
0.10729559510946274 0
0.9999918937683105 1
0.014616947621107101 0
0.5587185621261597 0
0.003578757867217064 0
0.03428027406334877 0
0.9999508857727051 1
0.017421690747141838 0
0.2043592929840088 0
0.08687718212604523 0
0.00043169601121917367 0
0.9975146651268005 1
0.018113374710083008 0
0.21453450620174408 0
0.00045964561286382377 0
0.008346411399543285 0
0.873978853225708 1
0.0020164125598967075 0
0.026178358122706413 0
0.1296239197254181 0
0.02853166125714779 0
0.9983261823654175 1
0.00020536092051770538 0
0.0017133423825725913 0
0.04128100723028183 0
0.04896283149719238 0
0.9068394899368286 1
0.0019524914678186178 0
0.01857752911746502 0
0.001110884826630354 0
0.004532677121460438 0
0.9997409582138062 1
0.001093024853616953 0
0.46072983741760254 0
0.8007180094718933 0
0.0016229157336056232 0
0.9990174770355225 1
0.0006058528088033199 0
0.8476898670196533 0
0.7437652349472046 0
0.2545420825481415 0
0.9931031465530396 1
0.8162357211112976 0
0.9898659586906433 0
0.6317680478096008 0
0.99321448802948 0
0.9847854971885681 1
0.0003249282599426806 0
0.008676978759467602 0
0.48780128359794617 0
0.0011339678894728422 0
0.9913236498832703 1
0.00129602977540344 0
0.0018353813793510199 0
0.10494404286146164 0
0.002084406092762947 0
0.9854930639266968 1
0.00018204427033197135 0
0.04892367124557495 0
0.013775911182165146 0
0.008483218960464 0
0.999678373336792 1
0.9176720380783081 0
0.9996085166931152 0
0.9956929683685303 0
0.004382984712719917 0
0.9999794960021973 1
0.11578687280416489 0
0.9980005621910095 0
0.7543023824691772 0
0.3464324474334717 0
0.9994525909423828 1
0.8419386148452759 0
0.9383881092071533 0
0.5645334720611572 0
0.6073471307754517 0
0.9996416568756104 1
0.002731097862124443 0
0.20880065858364105 0
0.6652664542198181 0
0.0003207107656635344 0
0.9999023675918579 1
0.009896090254187584 0
0.9914101362228394 0
0.3746870458126068 0
0.0036153492983430624 0
0.9988905787467957 1
0.3551332950592041 0
0.9838491678237915 0
0.9560779929161072 0
0.017734773457050323 0
0.9832741618156433 1
0.1274605393409729 0
0.1353001892566681 0
0.10762953758239746 0
0.27002567052841187 0
0.9719898104667664 1
0.7417939901351929 0
0.6017811298370361 0
0.027413567528128624 0
0.25016406178474426 0
0.9688105583190918 1
0.20283588767051697 0
0.7970142364501953 0
0.7512534856796265 0
0.4324507713317871 0
0.9652780890464783 1
0.5096569061279297 0
0.5849529504776001 0
0.06492456048727036 0
0.002949143759906292 0
0.9858734607696533 1
0.8738960027694702 0
0.9716767072677612 0
0.004578268155455589 0
0.0010200596880167723 0
0.9995075464248657 1
0.7657865285873413 0
0.6430680155754089 0
0.05435624718666077 0
0.7953147888183594 0
0.9992804527282715 1
0.0003446037298999727 0
0.26149782538414 0
0.8446308970451355 0
0.002494719810783863 0
0.997127890586853 1
0.013320226222276688 0
0.9932984113693237 0
0.9998540878295898 0
0.9897054433822632 0
0.9988918304443359 1
0.8754050135612488 0
0.6502549648284912 0
0.9264789819717407 0
0.9571182727813721 0
0.8994581699371338 1
4.800177339348011e-05 0
0.018353130668401718 0
0.8526250720024109 0
0.0015803606947883964 0
0.999065637588501 1
0.002280405955389142 0
0.07930054515600204 0
0.01000903733074665 0
0.008546951226890087 0
0.9936347007751465 1
0.0014961045235395432 0
0.10294103622436523 0
0.17711198329925537 0
0.01765064150094986 0
0.9998948574066162 1
0.8322045207023621 0
0.7352839708328247 0
0.8198510408401489 0
0.017245866358280182 0
0.9999960660934448 1
0.06529727578163147 0
0.38202691078186035 0
0.9949914216995239 0
0.9386088252067566 0
0.9989256262779236 1
0.104072205722332 0
0.5509450435638428 0
0.5695635676383972 0
0.8516044616699219 0
0.999596357345581 1
0.001325002289377153 0
0.8974226713180542 0
1.7490256141172722e-05 0
0.000522010144777596 0
0.9980537295341492 1
0.010021930560469627 0
0.5302037596702576 0
0.007192215882241726 0
0.0027430865447968245 0
0.9985532760620117 1
0.7530021667480469 0
0.96117103099823 0
0.94774329662323 0
0.12697231769561768 0
0.9602295756340027 1
0.003936753608286381 0
0.7400352954864502 0
0.353002667427063 0
0.0004105685220565647 0
0.998832106590271 1
0.0017352772410959005 0
0.9743237495422363 0
0.9651030898094177 0
0.6250226497650146 0
0.9902746081352234 1
0.2422933578491211 0
0.9858511686325073 0
0.5884170532226562 0
0.6341201663017273 0
0.25702452659606934 1
0.0008606986957602203 0
0.008428885601460934 0
0.34563252329826355 0
0.00010378682054579258 0
0.8059584498405457 1
0.0005077635869383812 0
0.052560918033123016 0
0.035764724016189575 0
0.003301322925835848 0
0.9708156585693359 1
0.01081814058125019 0
0.002572552300989628 0
0.08417900651693344 0
0.016763901337981224 0
