0.2336321920156479 1
0.2907761335372925 1
0.09647931903600693 1
0.22871914505958557 1
0.04545425996184349 1
0.20537588000297546 1
0.4575560688972473 1
0.025810301303863525 1
0.21234825253486633 1
0.06713788211345673 1
0.2349412441253662 1
0.042524367570877075 1
0.17688927054405212 1
0.15208689868450165 1
0.4103054404258728 1
0.2311597466468811 1
0.027096934616565704 1
0.07735392451286316 1
0.05160357803106308 1
0.3670613467693329 1
0.2635037302970886 1
0.06180444359779358 1
0.32177841663360596 1
0.016958199441432953 0
0.012116039171814919 0
0.5621687173843384 0
0.01558748073875904 0
0.1639031022787094 0
0.28143805265426636 0
0.0018105361377820373 0
0.0025378894060850143 0
0.17132577300071716 0
0.04998796805739403 0
0.03172694146633148 0
0.3377948999404907 0
0.0028227586299180984 0
0.007747197523713112 0
0.6886506080627441 0
0.003475768491625786 0
0.0009721384267322719 0
0.6208453178405762 0
0.002274074126034975 0
0.0019471016712486744 0
0.5586801767349243 0
0.03455250337719917 0
0.00701556634157896 0
0.2866315245628357 0
0.0012222121004015207 0
0.019537078216671944 0
0.33173447847366333 0
0.0026869834400713444 0
0.01936899684369564 0
0.3065943121910095 0
0.014877326786518097 0
0.007786918431520462 0
0.3875448703765869 0
0.12160325050354004 0
0.08019381016492844 0
0.443672239780426 0
0.053414925932884216 0
0.031042329967021942 0
0.4183340072631836 0
0.0015104131307452917 0
0.02483207732439041 0
0.27638089656829834 0
0.07607802003622055 0
0.0429704412817955 0
0.5582646131515503 0
0.030565394088625908 0
0.018900971859693527 0
0.4543745517730713 0
0.19352243840694427 0
0.09394209831953049 0
0.6062161922454834 0
0.0021408717148005962 0
0.10399648547172546 0
0.37104272842407227 0
0.005903573706746101 0
0.014755651354789734 0
0.5830735564231873 0
0.00975788850337267 0
0.01772751286625862 0
0.5712916254997253 0
0.021164800971746445 0
0.07964804768562317 0
0.37268370389938354 0
0.043195780366659164 0
0.034763552248477936 0
0.6951810717582703 0
0.14883115887641907 0
0.019917845726013184 0
0.766312301158905 0
0.6930907964706421 1
0.7794753313064575 1
0.17834898829460144 1
0.569716215133667 1
0.8126313090324402 1
0.8558367490768433 1
0.9213011264801025 1
0.8890643119812012 1
0.8463901281356812 1
0.4819394052028656 1
0.586276113986969 1
0.8114525675773621 1
0.4247109889984131 1
0.37720173597335815 1
0.5467683672904968 1
0.33652210235595703 1
0.7515232563018799 1
0.4718782603740692 1
0.5724244117736816 1
0.36879175901412964 1
0.6899649500846863 1
0.5951211452484131 1
0.44389772415161133 1
