0.9961721897125244 1
0.23540101945400238 0
0.20868746936321259 0
0.6111554503440857 0
0.9297322034835815 0
0.9713870286941528 1
0.028406482189893723 0
0.14722560346126556 0
0.785033643245697 0
0.9558305740356445 0
0.998953104019165 1
0.01613626629114151 0
0.2424282282590866 0
0.6208223700523376 0
0.08228325098752975 0
0.9995412826538086 1
0.8249015808105469 0
0.9648268222808838 0
0.18638330698013306 0
0.961864709854126 0
0.9945988655090332 1
0.12442848086357117 0
0.4748830199241638 0
0.9560732841491699 0
0.9776327013969421 0
0.9998976588249207 1
0.9569439888000488 0
0.993217408657074 0
0.8781449794769287 0
0.9946812987327576 0
0.9981500506401062 1
0.27566787600517273 0
0.8907172679901123 0
0.4316138029098511 0
0.8028078079223633 0
0.9982880353927612 1
0.2522798776626587 0
0.012144765816628933 0
0.6862590312957764 0
0.9707046747207642 0
0.995530366897583 1
0.7655059099197388 0
0.9223531484603882 0
0.10183867067098618 0
0.9799766540527344 0
0.9996452331542969 1
0.0182415172457695 0
0.33557623624801636 0
0.01358697097748518 0
0.3664625585079193 0
0.928013801574707 1
0.09108739346265793 0
0.1011132001876831 0
0.2308049201965332 0
0.9344128966331482 0
0.9978039264678955 1
0.05278591439127922 0
0.2629294693470001 0
0.6605263352394104 0
0.9947323799133301 0
0.9984753131866455 1
0.6518197655677795 0
0.07079742848873138 0
0.5240018367767334 0
0.45930027961730957 0
0.9972928762435913 1
0.9152019023895264 0
0.9560350775718689 0
0.9507403373718262 0
0.9872130751609802 0
0.9994860887527466 1
0.5919393301010132 0
0.2841728925704956 0
0.8978747725486755 0
0.9445328116416931 0
0.9757630228996277 1
0.00788868498057127 0
0.022740185260772705 0
0.23453538119792938 0
0.5910080671310425 0
0.8895148038864136 1
0.028977710753679276 0
0.010825715959072113 0
0.9915052652359009 0
0.19958089292049408 0
0.9894799590110779 1
0.005130707751959562 0
0.01374715007841587 0
0.7401411533355713 0
0.05757897347211838 0
0.9932222366333008 1
0.000235566811170429 0
0.0008776952745392919 0
0.3619932532310486 0
0.028926685452461243 0
0.9990574717521667 1
0.0010539060458540916 0
0.013676988892257214 0
0.04125972092151642 0
0.03801637887954712 0
0.9945036172866821 1
0.0009795634541660547 0
0.010510683059692383 0
0.027707193046808243 0
0.01665489375591278 0
0.9998840689659119 1
0.00763707747682929 0
0.9918610453605652 0
0.22546479105949402 0
0.020413193851709366 0
0.999602735042572 1
0.006610965356230736 0
0.8816348910331726 0
0.039019737392663956 0
0.08888405561447144 0
0.9938865900039673 1
0.022640906274318695 0
0.8511680364608765 0
0.004792134743183851 0
0.0423714779317379 0
0.9964771270751953 1
0.01479090005159378 0
0.8253406286239624 0
0.5798476338386536 0
0.5400621891021729 0
0.9997770190238953 1
0.0042866300791502 0
0.8831113576889038 0
0.3359902501106262 0
0.6093271970748901 0
0.855823278427124 1
0.21650618314743042 0
0.8799071311950684 0
0.01839573308825493 0
0.14319786429405212 0
0.9970995783805847 1
0.0017536296509206295 0
0.15060336887836456 0
0.9284318685531616 0
0.03779301792383194 0
0.9981789588928223 1
0.003879671450704336 0
0.11544638872146606 0
0.44531863927841187 0
0.041626423597335815 0
0.9618222713470459 1
0.0012128567323088646 0
0.009589584544301033 0
0.05373982712626457 0
0.0307576023042202 0
0.9998987913131714 1
0.004904057830572128 0
0.11765598505735397 0
0.03887878358364105 0
0.13990066945552826 0
0.9998351335525513 1
0.02749166451394558 0
0.10540859401226044 0
0.3250496983528137 0
0.0014345112722367048 0
0.9994645118713379 1
0.008953987620770931 0
0.02616199105978012 0
0.012121698819100857 0
0.01103128120303154 0
0.6621072888374329 1
0.0006323429988697171 0
0.0019348043715581298 0
0.03673719987273216 0
0.005532368086278439 0
0.9427456855773926 1
0.00016848811355885118 0
0.0006516454741358757 0
0.009218255989253521 0
0.005837747827172279 0
0.5008527040481567 1
0.0007982234237715602 0
0.0015915976837277412 0
0.006728425156325102 0
0.01008409820497036 0
0.9988238215446472 1
0.039037659764289856 0
0.3200947046279907 0
0.8722650408744812 0
0.006343873217701912 0
0.9672381281852722 1
0.002381935017183423 0
0.08220244199037552 0
0.9145767688751221 0
0.059801407158374786 0
0.949629008769989 1
0.016153013333678246 0
0.45992526412010193 0
0.6538540720939636 0
0.915898323059082 0
0.9464929103851318 1
0.0005345524405129254 0
0.005148403346538544 0
0.5207699537277222 0
0.0010458509204909205 0
0.9017359018325806 1
0.0006669943104498088 0
0.0015999164897948503 0
0.05511489510536194 0
0.0005504909786395729 0
0.9952888488769531 1
0.0002940089616458863 0
0.002070899587124586 0
0.05366681516170502 0
0.004261107183992863 0
0.997043788433075 1
0.8520736694335938 0
0.9983066320419312 0
0.951390266418457 0
0.00011051628098357469 0
0.9999375343322754 1
0.08411797136068344 0
0.9903160929679871 0
0.8086212873458862 0
0.7747480273246765 0
0.9985477924346924 1
0.41542744636535645 0
0.9785741567611694 0
0.2614451050758362 0
0.47700461745262146 0
0.999856173992157 1
0.006783939432352781 0
0.11813425272703171 0
0.6175740361213684 0
0.0005720373010262847 0
0.9967701435089111 1
0.005971167236566544 0
0.8380207419395447 0
0.15559127926826477 0
0.0003953001578338444 0
0.9962165355682373 1
0.0503048412501812 0
0.963747501373291 0
0.679871678352356 0
0.018320489674806595 0
0.9851269125938416 1
0.23321625590324402 0
0.12102273106575012 0
0.7408355474472046 0
0.2484094351530075 0
0.9692985415458679 1
0.40240395069122314 0
0.9032860994338989 0
0.28189754486083984 0
0.7741984128952026 0
0.9652707576751709 1
0.021303728222846985 0
0.371579110622406 0
0.10416313260793686 0
0.5009903907775879 0
0.999126136302948 1
0.6623291969299316 0
0.8312613368034363 0
0.07684025913476944 0
0.010195243172347546 0
0.9414510726928711 1
0.06340229511260986 0
0.6744585037231445 0
0.00917221698909998 0
0.0006998640019446611 0
0.9904212355613708 1
0.5209149718284607 0
0.8829819560050964 0
0.1006205826997757 0
0.7560127973556519 0
0.9886907935142517 1
0.007683181669563055 0
0.30166977643966675 0
0.7679709196090698 0
0.0011594763491302729 0
0.9902337789535522 1
0.006590354256331921 0
0.8438090682029724 0
0.19073209166526794 0
0.9274532198905945 0
0.995572030544281 1
0.01960138790309429 0
0.3024694621562958 0
0.09724260866641998 0
0.933417558670044 0
0.7068742513656616 1
0.00013583831605501473 0
0.004264078103005886 0
0.5209592580795288 0
0.0004435025039128959 0
0.978958010673523 1
0.0008453689515590668 0
0.008632621727883816 0
0.11472238600254059 0
0.0004348854417912662 0
0.9986444711685181 1
0.0012354024220257998 0
0.015784047544002533 0
0.4900376498699188 0
0.01509850099682808 0
0.9998573064804077 1
0.913038432598114 0
0.9174373149871826 0
0.82708740234375 0
0.01746537536382675 0
0.9996616244316101 1
0.5991635322570801 0
0.13497792184352875 0
0.9587363004684448 0
0.7513737678527832 0
0.9962429404258728 1
0.080307237803936 0
0.43797191977500916 0
0.23121218383312225 0
0.4566170573234558 0
0.9998993873596191 1
0.013053594157099724 0
0.44006475806236267 0
9.284048428526148e-05 0
0.0003962824121117592 0
0.9821853637695312 1
0.005749101750552654 0
0.04904579743742943 0
0.02889278344810009 0
0.0006494508706964552 0
0.9976902008056641 1
0.8712974786758423 0
0.9662889242172241 0
0.9130563139915466 0
0.06559949368238449 0
0.7796770930290222 1
0.0005929574253968894 0
0.2804901599884033 0
0.11495723575353622 0
0.00034044007770717144 0
0.9942466020584106 1
0.0004210824554320425 0
0.47794362902641296 0
0.1668539047241211 0
0.029012544080615044 0
0.926192045211792 1
0.003754539880901575 0
0.28535306453704834 0
0.09591490030288696 0
0.02402380108833313 0
0.03368744999170303 1
3.726253635250032e-05 0
0.00040841527516022325 0
0.039547406136989594 0
3.3438250284234527e-06 0
0.4506784677505493 1
0.0005744200316257775 0
0.001885422389023006 0
0.04635251685976982 0
0.0011491774348542094 0
0.9814280867576599 1
0.002548899268731475 0
0.003899994306266308 0
0.618861198425293 0
0.008341044187545776 0
