0.999991774559021 1
0.4485820233821869 0
0.7063779830932617 0
0.5828102827072144 0
0.9933599233627319 0
0.9779724478721619 1
0.025265123695135117 0
0.3471413850784302 0
0.5085563063621521 0
0.9982673525810242 0
0.9999932050704956 1
0.1877897083759308 0
0.7306138873100281 0
0.839367151260376 0
0.9492799043655396 0
0.9999960660934448 1
0.8516361713409424 0
0.8291844129562378 0
0.7047863006591797 0
0.9969865679740906 0
0.9965590834617615 1
0.9272458553314209 0
0.9162590503692627 0
0.9655658006668091 0
0.9942868947982788 0
0.9999969005584717 1
0.9864363074302673 0
0.9931660890579224 0
0.9922924041748047 0
0.9999397993087769 0
0.9986209273338318 1
0.233612060546875 0
0.8702820539474487 0
0.0656546875834465 0
0.5494534373283386 0
0.9999607801437378 1
0.0744369626045227 0
0.08966588973999023 0
0.03321577608585358 0
0.9745092391967773 0
0.9997715950012207 1
0.6666466593742371 0
0.9464496970176697 0
0.01700596697628498 0
0.9421877264976501 0
0.9999806880950928 1
0.22515688836574554 0
0.6035594940185547 0
0.2174079418182373 0
0.9948046207427979 0
0.9914559125900269 1
0.25189369916915894 0
0.021581558510661125 0
0.9792212843894958 0
0.9968564510345459 0
0.9998659491539001 1
0.5389111638069153 0
0.9227239489555359 0
0.9954959154129028 0
0.9997968077659607 0
0.9999927282333374 1
0.13280931115150452 0
0.015325440093874931 0
0.8407391905784607 0
0.6982263326644897 0
0.9998698234558105 1
0.9916439056396484 0
0.9995913505554199 0
0.9946248531341553 0
0.998447060585022 0
0.9999737739562988 1
0.7200417518615723 0
0.07340487837791443 0
0.9838346242904663 0
0.9997681379318237 0
0.9996970891952515 1
0.7481255531311035 0
0.8305517435073853 0
0.9446296691894531 0
0.9994814395904541 0
0.9993071556091309 1
0.2722569406032562 0
0.004387420602142811 0
0.9994440078735352 0
0.9739193320274353 0
0.999903678894043 1
0.005177387967705727 0
0.1176941990852356 0
0.9700197577476501 0
0.9972278475761414 0
0.9999127388000488 1
0.00010255177039653063 0
0.0019993921741843224 0
0.2546745240688324 0
0.12989914417266846 0
0.9999936819076538 1
0.000627168919891119 0
0.08610471338033676 0
0.02279210463166237 0
0.12979096174240112 0
0.983634889125824 1
0.0018432231154292822 0
0.034977592527866364 0
0.014906419441103935 0
0.05273336172103882 0
0.9999966621398926 1
0.08880339562892914 0
0.9992785453796387 0
0.7768726348876953 0
0.0386674664914608 0
0.9999791979789734 1
0.04899442940950394 0
0.9974624514579773 0
0.12829560041427612 0
0.07683055102825165 0
0.9999768137931824 1
0.07227160036563873 0
0.9890348315238953 0
0.009830843657255173 0
0.023299824446439743 0
0.9998713731765747 1
0.009315639734268188 0
0.9343442320823669 0
0.9499509334564209 0
0.6927750110626221 0
0.9999529123306274 1
0.02952713333070278 0
0.9394798278808594 0
0.8166074752807617 0
0.9026942253112793 0
0.95660400390625 1
0.8561975955963135 0
0.9864878058433533 0
0.07965607941150665 0
0.12456972897052765 0
0.9994954466819763 1
0.0033432706259191036 0
0.8012410998344421 0
0.9487332105636597 0
0.40947288274765015 0
0.9999987483024597 1
0.18557468056678772 0
0.9975168704986572 0
0.996576189994812 0
0.21253852546215057 0
0.9994626045227051 1
0.008278090506792068 0
0.4687531888484955 0
0.5742276310920715 0
0.24770671129226685 0
0.9999924898147583 1
0.011160185560584068 0
0.7185858488082886 0
0.03257584571838379 0
0.17697648704051971 0
0.999997079372406 1
0.09310491383075714 0
0.5091122984886169 0
0.5200316905975342 0
0.0030267767142504454 0
0.9998798370361328 1
0.023316245526075363 0
0.4178895652294159 0
0.006302197929471731 0
0.03729131072759628 0
0.9702215194702148 1
0.0014584519667550921 0
0.02029828540980816 0
0.31792208552360535 0
0.2379157394170761 0
0.9999756813049316 1
0.00011429857113398612 0
0.007987272925674915 0
0.5160804986953735 0
0.37398362159729004 0
0.9755918979644775 1
0.0026939695235341787 0
0.024140462279319763 0
0.002594923134893179 0
0.0060210879892110825 0
0.9996943473815918 1
0.012278040871024132 0
0.8683399558067322 0
0.9885887503623962 0
0.0036836443468928337 0
0.9990054965019226 1
0.0043080272153019905 0
0.9641337394714355 0
0.9587448835372925 0
0.9460728168487549 0
0.9988092184066772 1
0.9540809392929077 0
0.9970855712890625 0
0.7492461204528809 0
0.9530251026153564 0
0.9980005621910095 1
0.00036892257048748434 0
0.0150276068598032 0
0.8889386057853699 0
0.0005637306021526456 0
0.9994696974754333 1
0.0007911722059361637 0
0.007471687626093626 0
0.1683349609375 0
0.00022992570302449167 0
0.9986960887908936 1
0.0004013990983366966 0
0.038629766553640366 0
0.02944064512848854 0
0.011612910777330399 0
0.9999131560325623 1
0.8979358077049255 0
0.9999630451202393 0
0.9924895763397217 0
0.0012741268146783113 0
0.9999836683273315 1
0.20873278379440308 0
0.9996743202209473 0
0.9913222789764404 0
0.9222041964530945 0
0.9996609091758728 1
0.9858729839324951 0
0.9721436500549316 0
0.454181045293808 0
0.8849002718925476 0
0.9999861717224121 1
0.0018178687896579504 0
0.4460851848125458 0
0.9711370468139648 0
0.0004463347140699625 0
0.9999717473983765 1
0.014319400303065777 0
0.9984416365623474 0
0.987430989742279 0
0.001912643201649189 0
0.9994472861289978 1
0.4340561628341675 0
0.9971546530723572 0
0.9887211322784424 0
0.023816373199224472 0
0.9992693662643433 1
0.09888452291488647 0
0.07266747206449509 0
0.1990574449300766 0
0.7827222347259521 0
0.9964856505393982 1
0.4295855760574341 0
0.6971055269241333 0
0.021723374724388123 0
0.4844006896018982 0
0.9677121639251709 1
0.027509327977895737 0
0.5939606428146362 0
0.6069485545158386 0
0.3032969832420349 0
0.9992352724075317 1
0.5073872804641724 0
0.4150034785270691 0
0.5741889476776123 0
0.004219437018036842 0
0.9982409477233887 1
0.4601139426231384 0
0.9398046731948853 0
0.1547226756811142 0
0.0010658407118171453 0
0.99992436170578 1
0.40226754546165466 0
0.7023049592971802 0
0.09173722565174103 0
0.9681237936019897 0
0.9997848272323608 1
0.002119924407452345 0
0.8594948649406433 0
0.9792842864990234 0
0.005493815056979656 0
0.9965721964836121 1
0.13733892142772675 0
0.9989293813705444 0
0.9992637634277344 0
0.9692173004150391 0
0.9990628957748413 1
0.9634677767753601 0
0.9804012775421143 0
0.9213122129440308 0
0.9893373250961304 0
0.9865595698356628 1
0.0003432976081967354 0
0.044232603162527084 0
0.9959803819656372 0
0.0021999350283294916 0
0.9998220205307007 1
0.00274403253570199 0
0.49625927209854126 0
0.8612896800041199 0
0.0033607366494834423 0
0.9984316825866699 1
0.0013799841981381178 0
0.23224923014640808 0
0.7277666330337524 0
0.009834740310907364 0
0.9998170137405396 1
0.9284789562225342 0
0.9399305582046509 0
0.8780741095542908 0
0.05695777386426926 0
0.9999985694885254 1
0.4204889237880707 0
0.7217150926589966 0
0.9988746047019958 0
0.993496298789978 0
0.9997774958610535 1
0.4916669726371765 0
0.984250009059906 0
0.9512448310852051 0
0.9587559103965759 0
0.9999537467956543 1
0.0060245743952691555 0
0.9339232444763184 0
4.82975592603907e-05 0
0.0008278796449303627 0
0.9997908473014832 1
0.033310748636722565 0
0.7791520953178406 0
0.15378421545028687 0
0.006515610031783581 0
0.9993246793746948 1
0.7725107073783875 0
0.9771565794944763 0
0.9338724613189697 0
0.04886224493384361 0
0.9986648559570312 1
0.004260699730366468 0
0.9875165224075317 0
0.986426830291748 0
0.00044533805339597166 0
0.9998001456260681 1
0.00283025368116796 0
0.9941713213920593 0
0.9523507356643677 0
0.9368862509727478 0
0.9888342618942261 1
0.24808108806610107 0
0.9973654747009277 0
0.9597675800323486 0
0.9881169199943542 0
0.3838195204734802 1
0.00035103768459521234 0
0.0023506549187004566 0
0.6866185665130615 0
3.533977360348217e-05 0
0.7489983439445496 1
0.0006450303480960429 0
0.015012865886092186 0
0.036610040813684464 0
0.0007198737002909184 0
0.991902768611908 1
0.0071486192755401134 0
0.004300454165786505 0
0.10692112147808075 0
0.0037975329905748367 0
