0.6821529269218445 1
0.32638031244277954 0
0.3320811092853546 0
0.08248134702444077 0
0.4643371105194092 0
0.6335646510124207 1
0.029033448547124863 0
0.3417365252971649 0
0.2468222677707672 0
0.6449164748191833 0
0.5429838299751282 1
0.3271811008453369 0
0.33562803268432617 0
0.3040351867675781 0
0.32741260528564453 0
0.9132117033004761 1
0.5070098638534546 0
0.7779895067214966 0
0.31440070271492004 0
0.644629180431366 0
0.7773420214653015 1
0.8140164613723755 0
0.765638530254364 0
0.5802953839302063 0
0.7221199870109558 0
0.9545971751213074 1
0.9117554426193237 0
0.7907446622848511 0
0.32628077268600464 0
0.6553258895874023 0
0.6157197952270508 1
0.5718032121658325 0
0.9550711512565613 0
0.31596001982688904 0
0.3520934581756592 0
0.6811122298240662 1
0.7860924601554871 0
0.3869990110397339 0
0.33527886867523193 0
0.6648469567298889 0
0.3706643581390381 1
0.8486195802688599 0
0.9960421919822693 0
0.3186272382736206 0
0.3394539952278137 0
0.98697829246521 1
0.1270110309123993 0
0.33332377672195435 0
0.08357091248035431 0
0.6921343207359314 0
0.8956758975982666 1
0.1340903639793396 0
0.12601076066493988 0
0.4836536645889282 0
0.6295630931854248 0
0.8697609901428223 1
0.32016026973724365 0
0.3264980912208557 0
0.34795281291007996 0
0.7392207384109497 0
0.905317485332489 1
0.3298908472061157 0
0.34951353073120117 0
0.15307745337486267 0
0.3436570167541504 0
0.7253904342651367 1
0.9585317373275757 0
0.9756566882133484 0
0.49839115142822266 0
0.8382231593132019 0
0.6898665428161621 1
0.32317250967025757 0
0.33787739276885986 0
0.3331339657306671 0
0.3839263617992401 0
0.7120825052261353 1
0.29618555307388306 0
0.6947588920593262 0
0.2595641016960144 0
0.16891589760780334 0
0.7474367618560791 1
0.6498352885246277 0
0.6649352312088013 0
0.8493891954421997 0
0.6412827372550964 0
0.788677453994751 1
0.2614451050758362 0
0.6384985446929932 0
0.340789794921875 0
0.6024904251098633 0
0.633100688457489 1
0.0013047716347500682 0
0.04569472372531891 0
0.08375711739063263 0
0.32172852754592896 0
0.61780846118927 1
0.013777356594800949 0
0.3131244480609894 0
0.15908512473106384 0
0.32533860206604004 0
0.5769264101982117 1
0.06262007355690002 0
0.33082109689712524 0
0.20035064220428467 0
0.21674923598766327 0
0.6745714545249939 1
0.194794163107872 0
0.7462431192398071 0
0.3829883337020874 0
0.018248841166496277 0
0.677337646484375 1
0.24090906977653503 0
0.6687160730361938 0
0.2784026563167572 0
0.1478961855173111 0
0.6583313941955566 1
0.32732683420181274 0
0.6542069911956787 0
0.23689016699790955 0
0.232894167304039 0
0.6569199562072754 1
0.1526220291852951 0
0.9206693172454834 0
0.6446092128753662 0
0.511773943901062 0
0.6783521175384521 1
0.13753828406333923 0
0.9794518351554871 0
0.6328980922698975 0
0.6093674898147583 0
0.6573106050491333 1
0.5959374904632568 0
0.9951476454734802 0
0.3343384861946106 0
0.4438651502132416 0
0.6610321998596191 1
0.11330950260162354 0
0.4655957818031311 0
0.6481451988220215 0
0.5052390098571777 0
0.701026201248169 1
0.004231492523103952 0
0.33716604113578796 0
0.41302239894866943 0
0.3332972526550293 0
0.6817447543144226 1
0.10876508057117462 0
0.35419201850891113 0
0.3156126141548157 0
0.3966529965400696 0
0.7034627199172974 1
0.16431012749671936 0
0.5590930581092834 0
0.12971213459968567 0
0.3167029917240143 0
0.6775259971618652 1
0.11252853274345398 0
0.423434853553772 0
0.2377740442752838 0
0.008176932111382484 0
0.6964831352233887 1
0.3253065347671509 0
0.4082159698009491 0
0.022548936307430267 0
0.18249362707138062 0
0.6458673477172852 1
0.021055614575743675 0
0.2178170382976532 0
0.3900277018547058 0
0.24252432584762573 0
0.6673466563224792 1
0.0048695094883441925 0
0.030828416347503662 0
0.11180683970451355 0
0.011371813714504242 0
0.35298845171928406 1
0.15116967260837555 0
0.33873265981674194 0
0.010303564369678497 0
0.01034278329461813 0
0.34158599376678467 1
0.3315775394439697 0
0.33308929204940796 0
0.3333471715450287 0
0.2472413033246994 0
0.3690396249294281 1
0.24448591470718384 0
0.33369919657707214 0
0.3336793780326843 0
0.34106796979904175 0
0.35541045665740967 1
0.3284655809402466 0
0.3345508575439453 0
0.029574796557426453 0
0.294586181640625 0
0.334372878074646 1
0.1517881453037262 0
0.32508328557014465 0
0.32608652114868164 0
0.017482081428170204 0
0.38504451513290405 1
0.08211985975503922 0
0.09946475923061371 0
0.27325695753097534 0
0.19307845830917358 0
0.6310080289840698 1
0.06739438325166702 0
0.2748035788536072 0
0.33576521277427673 0
0.3363417387008667 0
0.6879032850265503 1
0.6248112916946411 0
0.6244025230407715 0
0.5746845602989197 0
0.3064478039741516 0
0.7183361053466797 1
0.39063501358032227 0
0.570297122001648 0
0.33357295393943787 0
0.4093434512615204 0
0.8312703371047974 1
0.418990820646286 0
0.3515937030315399 0
0.10102149099111557 0
0.22346729040145874 0
0.677247941493988 1
0.3264883756637573 0
0.393083781003952 0
0.5333590507507324 0
0.02120881900191307 0
0.7184991836547852 1
0.3574135899543762 0
0.6529430150985718 0
0.33431026339530945 0
0.16835984587669373 0
0.9024890661239624 1
0.6659463047981262 0
0.8995851278305054 0
0.6671866774559021 0
0.16271711885929108 0
0.33391305804252625 1
0.8456400632858276 0
0.9642415046691895 0
0.44200390577316284 0
0.6055854558944702 0
0.33916306495666504 1
0.5904184579849243 0
0.9761003851890564 0
0.31654149293899536 0
0.3418429493904114 0
0.5273081064224243 1
0.59068763256073 0
0.9869062900543213 0
0.24051997065544128 0
0.21878784894943237 0
0.33779942989349365 1
0.9504090547561646 0
0.9686185121536255 0
0.38150569796562195 0
0.49478679895401 0
0.4372498691082001 1
0.6400713920593262 0
0.9532628059387207 0
0.29067206382751465 0
0.250551700592041 0
0.6740059852600098 1
0.7462910413742065 0
0.8990670442581177 0
0.6611485481262207 0
0.7814192771911621 0
0.673154354095459 1
0.32784807682037354 0
0.31322982907295227 0
0.3731476962566376 0
0.22899124026298523 0
0.6670255661010742 1
0.3275597393512726 0
0.3408501148223877 0
0.5026137828826904 0
0.5139482617378235 0
0.978146493434906 1
0.024810992181301117 0
0.3315906524658203 0
0.2499816119670868 0
0.39547431468963623 0
0.588555634021759 1
0.00015414344670716673 0
0.31534603238105774 0
0.41981178522109985 0
0.015440007671713829 0
0.6693577766418457 1
0.11112459748983383 0
0.3201684355735779 0
0.3438754677772522 0
0.05506143718957901 0
0.9527811408042908 1
0.35207435488700867 0
0.19662082195281982 0
0.675708532333374 0
0.09317949414253235 0
0.48681148886680603 1
0.3365042805671692 0
0.3335479199886322 0
0.35276901721954346 0
0.3292425274848938 0
0.6693989634513855 1
0.3223262131214142 0
0.3449420928955078 0
0.33749252557754517 0
0.37116414308547974 0
0.5618554353713989 1
0.14468681812286377 0
0.334220290184021 0
0.24570932984352112 0
0.1750284880399704 0
0.6712967157363892 1
0.3321390450000763 0
0.6471511125564575 0
0.03396686539053917 0
0.08335570991039276 0
0.5786968469619751 1
0.3325966000556946 0
0.33370327949523926 0
0.33323317766189575 0
0.05525009334087372 0
0.8961541652679443 1
0.7267808318138123 0
0.9044641852378845 0
0.6853343844413757 0
0.5998643636703491 0
0.5404350757598877 1
0.3324524760246277 0
0.1724136769771576 0
0.37247979640960693 0
0.09464078396558762 0
0.6666152477264404 1
0.07905943691730499 0
0.4568105638027191 0
0.33874231576919556 0
0.26691484451293945 0
0.5932931900024414 1
0.21504651010036469 0
0.6509528756141663 0
0.33047786355018616 0
0.037712980061769485 0
0.39427483081817627 1
0.2309187352657318 0
0.022454068064689636 0
0.263047456741333 0
0.0005866168066859245 0
0.6659634113311768 1
0.10813891142606735 0
0.22419314086437225 0
0.33288103342056274 0
0.031476233154535294 0
0.8136343955993652 1
0.3199133574962616 0
0.5921320915222168 0
0.6524287462234497 0
0.017663100734353065 0
