0.9788980484008789 1
0.032023098319768906 0
0.13659895956516266 0
0.09153701364994049 0
0.4201405644416809 0
0.8195606470108032 1
0.024976372718811035 0
0.29567691683769226 0
0.15356984734535217 0
0.8253815174102783 0
0.9490488767623901 1
0.04354066774249077 0
0.3101097345352173 0
0.04429934173822403 0
0.046627916395664215 0
0.9941651821136475 1
0.492417573928833 0
0.6014070510864258 0
0.08664791285991669 0
0.5567482113838196 0
0.9926882982254028 1
0.8312152624130249 0
0.758126437664032 0
0.7175577878952026 0
0.9380660057067871 0
0.9977068901062012 1
0.556096613407135 0
0.8753234148025513 0
0.21768972277641296 0
0.8905962705612183 0
0.9642187356948853 1
0.2446564882993698 0
0.9463955760002136 0
0.0967259630560875 0
0.10828801244497299 0
0.9603917598724365 1
0.866240918636322 0
0.11883586645126343 0
0.20995870232582092 0
0.5522626638412476 0
0.8590424060821533 1
0.7544893622398376 0
0.9597281813621521 0
0.008732704445719719 0
0.08515288680791855 0
0.9970743060112 1
0.017249349504709244 0
0.11952519416809082 0
0.03483474999666214 0
0.5509523153305054 0
0.9801641702651978 1
0.1221928596496582 0
0.03249700739979744 0
0.3635367751121521 0
0.8275271654129028 0
0.9901031255722046 1
0.03285016864538193 0
0.17842045426368713 0
0.10160835087299347 0
0.8938528299331665 0
0.9880127310752869 1
0.06264741718769073 0
0.0784568041563034 0
0.14921234548091888 0
0.2988424003124237 0
0.9647607207298279 1
0.9864120483398438 0
0.9128061532974243 0
0.6577271819114685 0
0.9917696714401245 0
0.9819903373718262 1
0.13455364108085632 0
0.2091856449842453 0
0.16935697197914124 0
0.6784940958023071 0
0.975461483001709 1
0.052778199315071106 0
0.3164629340171814 0
0.18261229991912842 0
0.6984639167785645 0
0.966758131980896 1
0.5766208171844482 0
0.045442670583724976 0
0.9923498034477234 0
0.8962289094924927 0
0.9806909561157227 1
0.03519739210605621 0
0.5189324617385864 0
0.558892011642456 0
0.9841029047966003 0
0.8816099166870117 1
0.0005347249680198729 0
0.0027680061757564545 0
0.05404970794916153 0
0.10681390017271042 0
0.867100715637207 1
0.0029728240333497524 0
0.014831073582172394 0
0.007863638922572136 0
0.048779360949993134 0
0.761273980140686 1
0.0033200830221176147 0
0.011452091857790947 0
0.005671651568263769 0
0.02117394283413887 0
0.9931498765945435 1
0.03867299109697342 0
0.98082435131073 0
0.08348388969898224 0
0.02400727942585945 0
0.9730214476585388 1
0.02249152585864067 0
0.5562490820884705 0
0.015926528722047806 0
0.19611239433288574 0
0.7997514605522156 1
0.015056915581226349 0
0.3893173336982727 0
0.017164889723062515 0
0.024042200297117233 0
0.9609095454216003 1
0.017306987196207047 0
0.918533205986023 0
0.5383427143096924 0
0.6588325500488281 0
0.9529883861541748 1
0.07135009765625 0
0.8676873445510864 0
0.3714533746242523 0
0.493388295173645 0
0.6092450618743896 1
0.2842852771282196 0
0.906175971031189 0
0.014116281643509865 0
0.16071081161499023 0
0.9306976795196533 1
0.005471834447234869 0
0.14156460762023926 0
0.6052924394607544 0
0.5936633944511414 0
0.9869556427001953 1
0.008903812617063522 0
0.5226098299026489 0
0.3520062565803528 0
0.07579295337200165 0
0.8486677408218384 1
0.002042603213340044 0
0.05928480252623558 0
0.051387496292591095 0
0.15154960751533508 0
0.996527373790741 1
0.00945950485765934 0
0.2796424627304077 0
0.0556708425283432 0
0.1794109046459198 0
0.9873318672180176 1
0.01391194574534893 0
0.08953936398029327 0
0.14984332025051117 0
0.011058471165597439 0
0.9256643056869507 1
0.005678892135620117 0
0.1391923576593399 0
0.012911021709442139 0
0.016716334968805313 0
0.6666007041931152 1
0.008366295136511326 0
0.19198188185691833 0
0.08301910758018494 0
0.06836703419685364 0
0.9645289778709412 1
0.0024455985985696316 0
0.013145200908184052 0
0.0554443895816803 0
0.13830459117889404 0
0.49338802695274353 1
0.003654944710433483 0
0.10557737201452255 0
0.009009500965476036 0
0.007685534190386534 0
0.7939469814300537 1
0.0009045185870490968 0
0.28256601095199585 0
0.15043608844280243 0
0.009042860940098763 0
0.7312079668045044 1
0.00999732967466116 0
0.4754182994365692 0
0.3683338761329651 0
0.14085161685943604 0
0.4781605899333954 1
0.06311963498592377 0
0.5178828835487366 0
0.06984492391347885 0
0.4719703197479248 0
0.4088819921016693 1
0.0008580380817875266 0
0.01947762817144394 0
0.012669595889747143 0
0.004392728209495544 0
0.7379480600357056 1
0.0021005719900131226 0
0.004365093540400267 0
0.006359888240695 0
0.00037213924224488437 0
0.7890123128890991 1
0.00084798748139292 0
0.012116002850234509 0
0.0031556948088109493 0
0.01892954856157303 0
0.9903707504272461 1
0.21012431383132935 0
0.9628874659538269 0
0.6500307321548462 0
0.0002304952358826995 0
0.9995197057723999 1
0.12378278374671936 0
0.9535612463951111 0
0.6158941984176636 0
0.23192083835601807 0
0.9946039915084839 1
0.14428973197937012 0
0.7640496492385864 0
0.026989400386810303 0
0.2258923500776291 0
0.9626345634460449 1
0.00023077311925590038 0
0.01475873589515686 0
0.2792544960975647 0
0.005099921021610498 0
0.986430287361145 1
0.01092691533267498 0
0.767391562461853 0
0.14137029647827148 0
0.0019791554659605026 0
0.933802604675293 1
0.17831014096736908 0
0.8992592692375183 0
0.5301040410995483 0
0.015443302690982819 0
0.5909973382949829 1
0.13769593834877014 0
0.5663312673568726 0
0.5235103964805603 0
0.18063215911388397 0
0.67047518491745 1
0.8905051946640015 0
0.9185317754745483 0
0.08523903787136078 0
0.32329922914505005 0
0.5646898150444031 1
0.44390857219696045 0
0.8668626546859741 0
0.046287231147289276 0
0.036316998302936554 0
0.7986065745353699 1
0.5130956172943115 0
0.819770097732544 0
0.11337000131607056 0
0.014035627245903015 0
0.7913973331451416 1
0.6886705160140991 0
0.9667727947235107 0
0.02002418227493763 0
0.023967154324054718 0
0.8940722346305847 1
0.7440940141677856 0
0.9062499403953552 0
0.46002432703971863 0
0.705319881439209 0
0.9462178945541382 1
0.005278126802295446 0
0.25348031520843506 0
0.15280970931053162 0
0.005736972205340862 0
0.921280026435852 1
0.027761099860072136 0
0.7838205695152283 0
0.4711834192276001 0
0.5297853350639343 0
0.9956870079040527 1
0.1455056071281433 0
0.6258302927017212 0
0.3313799500465393 0
0.7712475657463074 0
0.3116201162338257 1
0.0027106874622404575 0
0.014517582021653652 0
0.4457736909389496 0
0.002537903841584921 0
0.9772981405258179 1
0.0033392561599612236 0
0.11154066771268845 0
0.30210185050964355 0
0.0007142508402466774 0
0.9940508604049683 1
0.008150982670485973 0
0.06367044895887375 0
0.2420748472213745 0
0.002029330935329199 0
0.9154329299926758 1
0.3719368577003479 0
0.39431267976760864 0
0.2805548310279846 0
0.028934089466929436 0
0.9810711145401001 1
0.14032092690467834 0
0.49079999327659607 0
0.26872164011001587 0
0.5555776357650757 0
0.9492200613021851 1
0.011556079611182213 0
0.5530897974967957 0
0.20579110085964203 0
0.1704079955816269 0
0.8245396018028259 1
0.00041635293746367097 0
0.5866864323616028 0
0.0013583500403910875 0
0.03617575019598007 0
0.9174542427062988 1
0.0162104070186615 0
0.3771258592605591 0
0.058911748230457306 0
0.00035038753412663937 0
0.9546922445297241 1
0.6005995869636536 0
0.8671736717224121 0
0.4474073052406311 0
0.03201405704021454 0
0.7327978610992432 1
0.007858016528189182 0
0.21803174912929535 0
0.3233170509338379 0
0.00693444674834609 0
0.9960765838623047 1
0.011152820661664009 0
0.6490424871444702 0
0.375821590423584 0
0.6432258486747742 0
0.8891147971153259 1
0.00846443697810173 0
0.8263144493103027 0
0.17417782545089722 0
0.20311054587364197 0
0.07490675151348114 1
0.0020019232761114836 0
0.005368097685277462 0
0.07070235908031464 0
0.0004525037365965545 0
0.9164764285087585 1
0.009239793755114079 0
0.03831406682729721 0
0.3265180289745331 0
0.017802009359002113 0
0.8793504238128662 1
0.026987504214048386 0
0.17624472081661224 0
0.4172341227531433 0
0.02218436822295189 0
