0.3301158547401428 1
0.37318357825279236 1
0.1357412338256836 1
0.21473944187164307 1
0.134209543466568 1
0.28933534026145935 1
0.7525292634963989 1
0.051650747656822205 1
0.3663425147533417 1
0.07082319259643555 1
0.26331162452697754 1
0.12475918233394623 1
0.13619819283485413 1
0.3348650336265564 1
0.6927684545516968 1
0.3403218984603882 1
0.010615052655339241 1
0.23317277431488037 1
0.1712668538093567 1
0.4648701548576355 1
0.2624882161617279 1
0.32030972838401794 1
0.649740993976593 1
0.0074515389278531075 0
0.004051248077303171 0
0.6436426639556885 0
0.0021412924397736788 0
0.1551278829574585 0
0.27549344301223755 0
0.0010971517767757177 0
0.002307307440787554 0
0.07495442777872086 0
0.014487037435173988 0
0.02519749477505684 0
0.7574171423912048 0
0.0007825817447155714 0
0.000793056795373559 0
0.41433000564575195 0
0.0025169190485030413 0
0.00028525717789307237 0
0.5894765853881836 0
0.0018951942911371589 0
0.00150567467790097 0
0.6601930856704712 0
0.05310196429491043 0
0.006915722042322159 0
0.25938865542411804 0
0.0007835853612050414 0
0.004950776230543852 0
0.3829941749572754 0
0.002835095627233386 0
0.008476737886667252 0
0.3064478933811188 0
0.003519573016092181 0
0.0052602775394916534 0
0.34962552785873413 0
0.13668328523635864 0
0.05688285827636719 0
0.47847723960876465 0
0.04086694493889809 0
0.018828218802809715 0
0.5185052156448364 0
0.0015761281829327345 0
0.04136979952454567 0
0.34111523628234863 0
0.06853599101305008 0
0.056490492075681686 0
0.6336961388587952 0
0.02611294388771057 0
0.019549906253814697 0
0.4140326678752899 0
0.06703434139490128 0
0.026775792241096497 0
0.7301661968231201 0
0.0025211793836206198 0
0.031123537570238113 0
0.3555106818675995 0
0.004113448318094015 0
0.007322406396269798 0
0.6017850637435913 0
0.05826590210199356 0
0.0052512334659695625 0
0.6059707403182983 0
0.019622158259153366 0
0.05762656778097153 0
0.37458688020706177 0
0.031585246324539185 0
0.025576084852218628 0
0.7671207785606384 0
0.11982600390911102 0
0.006574444007128477 0
0.8307629823684692 0
0.6746203303337097 1
0.8592867851257324 1
0.14922209084033966 1
0.5632517337799072 1
0.8153488636016846 1
0.9008612632751465 1
0.9069117903709412 1
0.9180580973625183 1
0.838904619216919 1
0.4323689937591553 1
0.5731236338615417 1
0.77926105260849 1
0.5002951622009277 1
0.48249614238739014 1
0.6082812547683716 1
0.37874412536621094 1
0.7529653310775757 1
0.4465893507003784 1
0.5717304944992065 1
0.3803618550300598 1
0.5997046828269958 1
0.704970121383667 1
0.46894603967666626 1
