0.6732747554779053 1
0.11957530677318573 0
0.2719767689704895 0
0.057234928011894226 0
0.3744102716445923 0
0.596311092376709 1
0.1109030693769455 0
0.13343504071235657 0
0.25570639967918396 0
0.5844444632530212 0
0.5444672703742981 1
0.28038740158081055 0
0.3397873342037201 0
0.25546708703041077 0
0.3453979194164276 0
0.8711821436882019 1
0.6204779148101807 0
0.6668142080307007 0
0.03612913936376572 0
0.3567965030670166 0
0.861923098564148 1
0.860583484172821 0
0.9333219528198242 0
0.44447311758995056 0
0.7048942446708679 0
0.9832407236099243 1
0.8230330944061279 0
0.6846189498901367 0
0.28407636284828186 0
0.6609287858009338 0
0.5443556308746338 1
0.905457615852356 0
0.9787578582763672 0
0.20352092385292053 0
0.27132555842399597 0
0.6093792915344238 1
0.9068177938461304 0
0.3592648506164551 0
0.32972824573516846 0
0.6125098466873169 0
0.3812828063964844 1
0.9056905508041382 0
0.9709891080856323 0
0.2786755859851837 0
0.3288981318473816 0
0.9695638418197632 1
0.010217498987913132 0
0.07941831648349762 0
0.058055371046066284 0
0.5814371109008789 0
0.9601994752883911 1
0.06347081065177917 0
0.05297279357910156 0
0.24477356672286987 0
0.5535266995429993 0
0.949718177318573 1
0.259757399559021 0
0.29891708493232727 0
0.3510509431362152 0
0.8285931348800659 0
0.8656282424926758 1
0.3086123466491699 0
0.32957541942596436 0
0.11144312471151352 0
0.3618781268596649 0
0.7896188497543335 1
0.9880033731460571 0
0.9858744144439697 0
0.3599724769592285 0
0.8178955912590027 0
0.7251793146133423 1
0.31677472591400146 0
0.3639601469039917 0
0.33989042043685913 0
0.5654211044311523 0
0.7080406546592712 1
0.22245483100414276 0
0.556493878364563 0
0.06418246030807495 0
0.3501579463481903 0
0.8892805576324463 1
0.6292769908905029 0
0.6654947996139526 0
0.9760222434997559 0
0.6198424100875854 0
0.8380734324455261 1
0.22585201263427734 0
0.6385429501533508 0
0.4211491048336029 0
0.6396539807319641 0
0.6550484895706177 1
0.003912811167538166 0
0.07146741449832916 0
0.13566447794437408 0
0.15115207433700562 0
0.4878752827644348 1
0.0020449613220989704 0
0.1319420039653778 0
0.013896169140934944 0
0.09087248891592026 0
0.4523777663707733 1
0.007513272576034069 0
0.16697442531585693 0
0.017104169353842735 0
0.044997747987508774 0
0.6726750731468201 1
0.1650378704071045 0
0.778270959854126 0
0.27933835983276367 0
0.02125401794910431 0
0.6511307954788208 1
0.07189629971981049 0
0.6611636877059937 0
0.036845989525318146 0
0.05959206074476242 0
0.36383742094039917 1
0.11120268702507019 0
0.6223682761192322 0
0.044380076229572296 0
0.03991834446787834 0
0.6644347906112671 1
0.46729010343551636 0
0.9695281982421875 0
0.49879467487335205 0
0.4003586769104004 0
0.6191107034683228 1
0.28355535864830017 0
0.916132926940918 0
0.46134206652641296 0
0.44910988211631775 0
0.478607177734375 1
0.6604690551757812 0
0.9642664194107056 0
0.10190935432910919 0
0.3969050645828247 0
0.666803240776062 1
0.03007969632744789 0
0.3818131387233734 0
0.4755256772041321 0
0.6746458411216736 0
0.674681544303894 1
0.018637511879205704 0
0.3282918334007263 0
0.2584383487701416 0
0.30369052290916443 0
0.49041199684143066 1
0.0012031309306621552 0
0.26683223247528076 0
0.08624395728111267 0
0.2650259733200073 0
0.7389990091323853 1
0.08679564297199249 0
0.5783154368400574 0
0.05463119596242905 0
0.1959376335144043 0
0.6860063076019287 1
0.024076059460639954 0
0.30488675832748413 0
0.04964999482035637 0
0.0037526104133576155 0
0.6421369910240173 1
0.08381824195384979 0
0.3518359065055847 0
0.02366255223751068 0
0.08188435435295105 0
0.6286994814872742 1
0.0805836170911789 0
0.3706214427947998 0
0.11470481008291245 0
0.09125402569770813 0
0.649482250213623 1
0.004535255953669548 0
0.11529465019702911 0
0.030648229643702507 0
0.049869880080223083 0
0.3137364983558655 1
0.010686533525586128 0
0.20536133646965027 0
0.00777278421446681 0
0.010400482453405857 0
0.38814085721969604 1
0.1585901528596878 0
0.32171350717544556 0
0.311053603887558 0
0.05697868391871452 0
0.40584108233451843 1
0.050263889133930206 0
0.3390994668006897 0
0.2999149560928345 0
0.30800414085388184 0
0.3089960813522339 1
0.12157699465751648 0
0.3105488419532776 0
0.01082070916891098 0
0.21902261674404144 0
0.37778791785240173 1
0.005138972774147987 0
0.3044763207435608 0
0.25509390234947205 0
0.007944976910948753 0
0.5268235802650452 1
0.01083744503557682 0
0.08235432207584381 0
0.26386547088623047 0
0.039716895669698715 0
0.6640093326568604 1
0.01661273092031479 0
0.30956053733825684 0
0.1754668802022934 0
0.15439198911190033 0
0.857816219329834 1
0.6268598437309265 0
0.7518290877342224 0
0.5733567476272583 0
0.012926295399665833 0
0.8214969038963318 1
0.5765121579170227 0
0.6474448442459106 0
0.34723353385925293 0
0.4909443259239197 0
0.8257434368133545 1
0.282675176858902 0
0.35416409373283386 0
0.010308408178389072 0
0.16814762353897095 0
0.6831396818161011 1
0.10593216121196747 0
0.3793569505214691 0
0.34884780645370483 0
0.001848835265263915 0
0.787677526473999 1
0.46802353858947754 0
0.8942471742630005 0
0.33437418937683105 0
0.016192471608519554 0
0.839300274848938 1
0.6700764894485474 0
0.9314693212509155 0
0.6406711339950562 0
0.05969208478927612 0
0.3347150981426239 1
0.4316347539424896 0
0.6799947619438171 0
0.6076383590698242 0
0.5968473553657532 0
0.42087551951408386 1
0.7494077086448669 0
0.9542042016983032 0
0.34346330165863037 0
0.42242562770843506 0
0.41095539927482605 1
0.7383947372436523 0
0.9483041763305664 0
0.06737640500068665 0
0.272993803024292 0
0.4362015128135681 1
0.650643527507782 0
0.8462313413619995 0
0.5190881490707397 0
0.07908014953136444 0
0.38604557514190674 1
0.6644693613052368 0
0.8971862196922302 0
0.14156419038772583 0
0.15699376165866852 0
0.6383931636810303 1
0.6188263297080994 0
0.7366951704025269 0
0.6155127286911011 0
0.8424057364463806 0
0.6844915151596069 1
0.17012366652488708 0
0.27653980255126953 0
0.36018043756484985 0
0.03713415190577507 0
0.737799882888794 1
0.25430500507354736 0
0.354571670293808 0
0.4134637117385864 0
0.6390278935432434 0
0.9835834503173828 1
0.0662185475230217 0
0.24112360179424286 0
0.12405939400196075 0
0.5727124214172363 0
0.6482987403869629 1
0.0007588696898892522 0
0.2885759472846985 0
0.4412510097026825 0
0.006393705494701862 0
0.7816115617752075 1
0.05027235299348831 0
0.25898629426956177 0
0.41355210542678833 0
0.05160412937402725 0
0.9691168665885925 1
0.33132362365722656 0
0.1650456339120865 0
0.6218200922012329 0
0.12333238124847412 0
0.38880497217178345 1
0.37185192108154297 0
0.3395264148712158 0
0.4673316180706024 0
0.29193735122680664 0
0.6502019166946411 1
0.366121381521225 0
0.4110057055950165 0
0.35628384351730347 0
0.5013529062271118 0
0.490632027387619 1
0.036826130002737045 0
0.32343751192092896 0
0.09183549880981445 0
0.28293073177337646 0
0.7094106078147888 1
0.1818603277206421 0
0.7091752886772156 0
0.0683220624923706 0
0.014985344372689724 0
0.5997797250747681 1
0.3293619155883789 0
0.5327407717704773 0
0.33346545696258545 0
0.040528442710638046 0
0.7636595964431763 1
0.7486557364463806 0
0.9665319919586182 0
0.682894229888916 0
0.5192921757698059 0
0.6437909603118896 1
0.1038241982460022 0
0.04694359004497528 0
0.3769593834877014 0
0.016012735664844513 0
0.6832317113876343 1
0.020894240587949753 0
0.2779932916164398 0
0.3144912123680115 0
0.3201586902141571 0
0.26788875460624695 1
0.016923069953918457 0
0.4586455225944519 0
0.07410192489624023 0
0.14377833902835846 0
0.3869502544403076 1
0.018019897863268852 0
0.08867799490690231 0
0.16875189542770386 0
0.00013748786295764148 0
0.6935571432113647 1
0.006917986087501049 0
0.2759089469909668 0
0.27657902240753174 0
0.009206965565681458 0
0.6567921042442322 1
0.11617934703826904 0
0.7328195571899414 0
0.47794994711875916 0
0.0884057879447937 0
