0.7051572203636169 1
0.29942548274993896 0
0.30980536341667175 0
0.047932207584381104 0
0.3677976131439209 0
0.690521240234375 1
0.10083427280187607 0
0.3520241379737854 0
0.1409958302974701 0
0.5416262149810791 0
0.5824766755104065 1
0.2623664140701294 0
0.33171796798706055 0
0.27393585443496704 0
0.33572396636009216 0
0.8945586085319519 1
0.654059886932373 0
0.8833829164505005 0
0.03358476608991623 0
0.5410538911819458 0
0.8388181924819946 1
0.6658718585968018 0
0.8555176258087158 0
0.712455689907074 0
0.5983564257621765 0
0.9794684648513794 1
0.9050976634025574 0
0.9628440737724304 0
0.306740939617157 0
0.6277390718460083 0
0.7377804517745972 1
0.6967900991439819 0
0.9680654406547546 0
0.1959984302520752 0
0.1934742033481598 0
0.6527901887893677 1
0.8913711309432983 0
0.454943984746933 0
0.2574186623096466 0
0.48761695623397827 0
0.3460688591003418 1
0.8839275240898132 0
0.9767817854881287 0
0.2540045380592346 0
0.3213960528373718 0
0.9905182719230652 1
0.049813997000455856 0
0.24149158596992493 0
0.03325122967362404 0
0.6201333403587341 0
0.834315299987793 1
0.0881660208106041 0
0.06753687560558319 0
0.2035459578037262 0
0.5571643114089966 0
0.9355654120445251 1
0.24504779279232025 0
0.2787669897079468 0
0.32724907994270325 0
0.7045825719833374 0
0.9125208258628845 1
0.18926158547401428 0
0.3174450397491455 0
0.18176209926605225 0
0.32853880524635315 0
0.8767285346984863 1
0.9802815914154053 0
0.9907998442649841 0
0.41574543714523315 0
0.8921672701835632 0
0.7251243591308594 1
0.2980712354183197 0
0.34232351183891296 0
0.3351564109325409 0
0.46252357959747314 0
0.7373186945915222 1
0.17313024401664734 0
0.6832405924797058 0
0.25952938199043274 0
0.1071242243051529 0
0.8865169286727905 1
0.730915904045105 0
0.666839063167572 0
0.9672669768333435 0
0.5786980390548706 0
0.9398404359817505 1
0.14672274887561798 0
0.6975357532501221 0
0.37157005071640015 0
0.5582560896873474 0
0.6255578398704529 1
0.001614176668226719 0
0.018376164138317108 0
0.11560069769620895 0
0.08760310709476471 0
0.6039770245552063 1
0.004880655091255903 0
0.1846708357334137 0
0.05000428482890129 0
0.17427518963813782 0
0.5467325448989868 1
0.02662399411201477 0
0.303771436214447 0
0.16539236903190613 0
0.10254397243261337 0
0.6683244705200195 1
0.1043800637125969 0
0.7499250769615173 0
0.3298325538635254 0
0.02647106721997261 0
0.6840642690658569 1
0.07035990059375763 0
0.6707092523574829 0
0.18900904059410095 0
0.17713135480880737 0
0.5080285668373108 1
0.207153782248497 0
0.6243524551391602 0
0.06306713819503784 0
0.1456098109483719 0
0.6558862924575806 1
0.07300320267677307 0
0.9143319129943848 0
0.5809286236763 0
0.4251537024974823 0
0.7440986037254333 1
0.07047325372695923 0
0.9424053430557251 0
0.5622915625572205 0
0.514796257019043 0
0.40355199575424194 1
0.1084030270576477 0
0.935903787612915 0
0.2264297604560852 0
0.4021819829940796 0
0.6499118208885193 1
0.012395825237035751 0
0.24507980048656464 0
0.49400418996810913 0
0.5248001217842102 0
0.6822535991668701 1
0.07645520567893982 0
0.32367223501205444 0
0.33881887793540955 0
0.29425838589668274 0
0.542778730392456 1
0.022808656096458435 0
0.1890021413564682 0
0.24281099438667297 0
0.2936965823173523 0
0.718843400478363 1
0.11016087979078293 0
0.37939056754112244 0
0.06856919825077057 0
0.21615692973136902 0
0.6866589784622192 1
0.09188050031661987 0
0.3965131938457489 0
0.2472323179244995 0
0.004645870067179203 0
0.6665550470352173 1
0.19101914763450623 0
0.297213077545166 0
0.0702168345451355 0
0.12074246257543564 0
0.5743168592453003 1
0.009473715908825397 0
0.17483335733413696 0
0.2680716812610626 0
0.06817333400249481 0
0.5983603000640869 1
0.004882219713181257 0
0.03412680700421333 0
0.07667995989322662 0
0.01584576815366745 0
0.2976577877998352 1
0.024455687031149864 0
0.1261892318725586 0
0.009468168020248413 0
0.011425789445638657 0
0.3444717526435852 1
0.32782459259033203 0
0.3318944573402405 0
0.33315080404281616 0
0.08229988813400269 0
0.34419187903404236 1
0.30622559785842896 0
0.3325813114643097 0
0.3342762887477875 0
0.3430729806423187 0
0.3486243486404419 1
0.28575268387794495 0
0.33027729392051697 0
0.05684167891740799 0
0.32181650400161743 0
0.3415365219116211 1
0.022551797330379486 0
0.23041370511054993 0
0.32030385732650757 0
0.009215825237333775 0
0.4181596636772156 1
0.018989866599440575 0
0.08213610202074051 0
0.2724497616291046 0
0.02890268713235855 0
0.6257908344268799 1
0.028867004439234734 0
0.21042433381080627 0
0.32664865255355835 0
0.10634832829236984 0
0.7543513178825378 1
0.6559002995491028 0
0.7231742143630981 0
0.5498193502426147 0
0.09917128086090088 0
0.874504566192627 1
0.5164667367935181 0
0.674709677696228 0
0.3496703803539276 0
0.4703264832496643 0
0.8468000292778015 1
0.33532625436782837 0
0.36712557077407837 0
0.049002937972545624 0
0.32581067085266113 0
0.6784173846244812 1
0.134654238820076 0
0.3245926797389984 0
0.36208587884902954 0
0.012346366420388222 0
0.7155327200889587 1
0.25433170795440674 0
0.8415681719779968 0
0.34073910117149353 0
0.06071437522768974 0
0.8377357721328735 1
0.6395769119262695 0
0.9473318457603455 0
0.6602111458778381 0
0.035234205424785614 0
0.3369240164756775 1
0.3327806890010834 0
0.8675702810287476 0
0.5959333777427673 0
0.5946559906005859 0
0.33728718757629395 1
0.5867051482200623 0
0.9465911388397217 0
0.2477353811264038 0
0.42696091532707214 0
0.4748174846172333 1
0.4985038638114929 0
0.9862087965011597 0
0.08935903757810593 0
0.08211975544691086 0
0.42231032252311707 1
0.6499872207641602 0
0.8972236514091492 0
0.5188441276550293 0
0.1737220138311386 0
0.38459253311157227 1
0.5505861639976501 0
0.8045729398727417 0
0.26208817958831787 0
0.03232978656888008 0
0.6765233278274536 1
0.6636912822723389 0
0.8167109489440918 0
0.6205955743789673 0
0.685343861579895 0
0.7082504630088806 1
0.1608092337846756 0
0.26836836338043213 0
0.34103697538375854 0
0.14352187514305115 0
0.6737551093101501 1
0.3281745910644531 0
0.3378130793571472 0
0.5118353962898254 0
0.6463315486907959 0
0.9944788217544556 1
0.07366788387298584 0
0.3221881091594696 0
0.18113045394420624 0
0.36991509795188904 0
0.639189600944519 1
0.00018941768212243915 0
0.2945787310600281 0
0.37486398220062256 0
0.0035363417118787766 0
0.7524808645248413 1
0.028898626565933228 0
0.2676936686038971 0
0.333655446767807 0
0.017083238810300827 0
0.9495476484298706 1
0.2966282069683075 0
0.1865423321723938 0
0.609744131565094 0
0.011689217761158943 0
0.47360897064208984 1
0.3922281861305237 0
0.3419174551963806 0
0.35079604387283325 0
0.31577152013778687 0
0.6600576639175415 1
0.3383323550224304 0
0.3534708619117737 0
0.35930830240249634 0
0.4065188765525818 0
0.6972867250442505 1
0.1593373417854309 0
0.32036760449409485 0
0.14369410276412964 0
0.19004659354686737 0
0.6762668490409851 1
0.3218803405761719 0
0.7577123641967773 0
0.030662450939416885 0
0.04858802258968353 0
0.6068389415740967 1
0.31639960408210754 0
0.42687737941741943 0
0.3299795389175415 0
0.026999924331903458 0
0.7684736251831055 1
0.6611200571060181 0
0.9183366298675537 0
0.6636595129966736 0
0.3672334551811218 0
0.5230604410171509 1
0.3257802128791809 0
0.2292008101940155 0
0.34495770931243896 0
0.05200783163309097 0
0.6487259864807129 1
0.02897932007908821 0
0.4356544613838196 0
0.33133506774902344 0
0.08422407507896423 0
0.4736238121986389 1
0.04604252427816391 0
0.618605375289917 0
0.22743116319179535 0
0.03585809841752052 0
0.32861900329589844 1
0.0359501838684082 0
0.02045397274196148 0
0.0707055926322937 0
0.0007385005010291934 0
0.6422765254974365 1
0.006025718059390783 0
0.2535698413848877 0
0.3239390254020691 0
0.028584618121385574 0
0.5953781008720398 1
0.11435967683792114 0
0.5728194117546082 0
0.536426305770874 0
0.005674765445291996 0
