0.11658017337322235 1
0.6398413181304932 1
0.2274094521999359 1
0.6153357028961182 1
0.06682567298412323 1
0.5333639979362488 1
0.6808201670646667 1
0.019498508423566818 1
0.6241791248321533 1
0.29414138197898865 1
0.4691646099090576 1
0.2456384152173996 1
0.5012388825416565 1
0.6386792659759521 1
0.9612826704978943 1
0.6523362398147583 1
0.013445551507174969 1
0.5022981762886047 1
0.07075393199920654 1
0.8773131370544434 1
0.3292195498943329 1
0.2452741116285324 1
0.95191490650177 1
0.0034319902770221233 0
0.0026066338177770376 0
0.6011802554130554 0
0.0013813176192343235 0
0.14920000731945038 0
0.266482412815094 0
0.003158737439662218 0
0.0009953202679753304 0
0.24911026656627655 0
0.024098683148622513 0
0.03613133355975151 0
0.7916961908340454 0
6.32788724033162e-05 0
0.00020759568724315614 0
0.6352114677429199 0
0.003870876505970955 0
0.00034114447771571577 0
0.4590221643447876 0
0.00029821047792211175 0
0.0012328914599493146 0
0.564790666103363 0
0.04215977340936661 0
0.001970977056771517 0
0.3333205282688141 0
0.002061624778434634 0
0.024627527222037315 0
0.31505799293518066 0
0.003143743611872196 0
0.006087274756282568 0
0.3315393328666687 0
0.009915586560964584 0
0.010150827467441559 0
0.3141222894191742 0
0.003436724655330181 0
0.006927653215825558 0
0.3367089629173279 0
0.004115435294806957 0
0.003407462267205119 0
0.3267488479614258 0
0.0015180206391960382 0
0.00889836810529232 0
0.33371150493621826 0
0.03547051176428795 0
0.004070349037647247 0
0.3696046769618988 0
0.0033798501826822758 0
0.0006566379452124238 0
0.34032315015792847 0
0.01264719944447279 0
0.08713757991790771 0
0.40261751413345337 0
0.0008822594536468387 0
0.01645105704665184 0
0.3863115906715393 0
0.0013982902746647596 0
0.003465724876150489 0
0.3887922465801239 0
0.021712958812713623 0
0.004995222203433514 0
0.6300687193870544 0
0.015723129734396935 0
0.04168480262160301 0
0.4608945846557617 0
0.004275876097381115 0
0.008412017486989498 0
0.6413782835006714 0
0.0937846451997757 0
0.0006151951383799314 0
0.7031571865081787 0
0.7319185137748718 1
0.7556511759757996 1
0.45605024695396423 1
0.7381057739257812 1
0.6949784159660339 1
0.8500752449035645 1
0.9061848521232605 1
0.8600088953971863 1
0.7462260127067566 1
0.3397332429885864 1
0.4060056209564209 1
0.7099786996841431 1
0.3408411145210266 1
0.3522281348705292 1
0.5896697640419006 1
0.33808475732803345 1
0.7328400015830994 1
0.3366105258464813 1
0.3820217251777649 1
0.3329480290412903 1
0.3646168112754822 1
0.6660588979721069 1
0.49548476934432983 1
