0.07076200842857361 1
0.30469948053359985 1
0.013670584186911583 1
0.47548991441726685 1
0.01701558195054531 1
0.10441495478153229 1
0.41270625591278076 1
0.01025412417948246 1
0.5069118738174438 1
0.07052876055240631 1
0.1391947865486145 1
0.10051420331001282 1
0.15176942944526672 1
0.513774573802948 1
0.8792300224304199 1
0.14774426817893982 1
0.0008169544162228703 1
0.23001569509506226 1
0.01184635516256094 1
0.4832441806793213 1
0.17299966514110565 1
0.29821091890335083 1
0.618242621421814 1
0.002783795353025198 0
0.0008592532249167562 0
0.29443129897117615 0
0.0006050171796232462 0
0.014071295969188213 0
0.04047182947397232 0
0.00015041042934171855 0
0.0003052501124329865 0
0.11014556139707565 0
0.0017087444430217147 0
0.005873871501535177 0
0.5158452391624451 0
5.717425301554613e-05 0
0.000124920581583865 0
0.11629913747310638 0
0.0007302940357476473 0
0.0004224415170028806 0
0.27386486530303955 0
0.0016454171855002642 0
0.0007401382899843156 0
0.5487464070320129 0
0.006508160382509232 0
0.0007264813175424933 0
0.22772565484046936 0
0.0005462158005684614 0
0.0017954027280211449 0
0.13335424661636353 0
0.00017413729801774025 0
0.001399978413246572 0
0.30734145641326904 0
0.000813388847745955 0
0.0014358004555106163 0
0.21177707612514496 0
0.0013797993306070566 0
0.0016377809224650264 0
0.33660003542900085 0
0.0009509373921900988 0
0.004677256103605032 0
0.2819797396659851 0
0.0006255912012420595 0
0.007545094005763531 0
0.1640559285879135 0
0.005968400742858648 0
0.0041014766320586205 0
0.3660186231136322 0
0.0009041334851644933 0
0.0039128875359892845 0
0.4441250264644623 0
0.0014210485387593508 0
0.002356907818466425 0
0.631548285484314 0
0.0003987554810009897 0
0.004543543793261051 0
0.15648290514945984 0
0.00018394686048850417 0
0.00015504905604757369 0
0.35232895612716675 0
0.001203289837576449 0
0.0016005224315449595 0
0.28133195638656616 0
0.0006639092462137341 0
0.011629993095993996 0
0.21578221023082733 0
0.0021519064903259277 0
0.0055856830440461636 0
0.509840726852417 0
0.005069882143288851 0
0.001355716958642006 0
0.6488004922866821 0
0.7362558841705322 1
0.888929545879364 1
0.04373691603541374 1
0.7128976583480835 1
0.7229187488555908 1
0.8371357321739197 1
0.8893839716911316 1
0.9310576319694519 1
0.7737462520599365 1
0.36639127135276794 1
0.40237125754356384 1
0.7660852670669556 1
0.37401843070983887 1
0.42980071902275085 1
0.42456862330436707 1
0.3283640444278717 1
0.5691704750061035 1
0.19064459204673767 1
0.3386344313621521 1
0.17022119462490082 1
0.3775925040245056 1
0.5033887624740601 1
0.40149959921836853 1
