0.9999935030937195 1
0.18507307767868042 0
0.4579637050628662 0
0.5449748635292053 0
0.9741331934928894 0
0.9743767976760864 1
0.009219837374985218 0
0.39737042784690857 0
0.5513262152671814 0
0.9831620454788208 0
0.9999291300773621 1
0.30591219663619995 0
0.671158492565155 0
0.6958745718002319 0
0.5662161707878113 0
0.9999994039535522 1
0.8382827639579773 0
0.729062020778656 0
0.26570266485214233 0
0.9871512651443481 0
0.9919463396072388 1
0.718805193901062 0
0.8461470603942871 0
0.9956347346305847 0
0.9959341883659363 0
0.9999868273735046 1
0.82691490650177 0
0.9421975612640381 0
0.975783109664917 0
0.99979567527771 0
0.9994106292724609 1
0.23797231912612915 0
0.9098488092422485 0
0.06765814870595932 0
0.5183275938034058 0
0.9998730421066284 1
0.12933272123336792 0
0.05884113162755966 0
0.04256170988082886 0
0.6841060519218445 0
0.9998098611831665 1
0.6602076292037964 0
0.9187137484550476 0
0.008365288376808167 0
0.9966082572937012 0
0.9999923706054688 1
0.4060317873954773 0
0.7240027785301208 0
0.8441914916038513 0
0.9998723864555359 0
0.9946216940879822 1
0.20547282695770264 0
0.027503011748194695 0
0.984404444694519 0
0.9941126704216003 0
0.9996763467788696 1
0.6284084320068359 0
0.8100601434707642 0
0.9671057462692261 0
0.9976083040237427 0
0.999996542930603 1
0.380046546459198 0
0.043005943298339844 0
0.7366036772727966 0
0.7964388728141785 0
0.9996628165245056 1
0.9830621480941772 0
0.9988452792167664 0
0.99547278881073 0
0.99920654296875 0
0.9999822378158569 1
0.6494147777557373 0
0.3238372802734375 0
0.9989867210388184 0
0.9974831342697144 0
0.9994394183158875 1
0.6029263734817505 0
0.5184621214866638 0
0.7327079772949219 0
0.9930644035339355 0
0.9988619685173035 1
0.06267068535089493 0
0.025630425661802292 0
0.9994418025016785 0
0.8564141988754272 0
0.9993180632591248 1
0.0024611863773316145 0
0.06404294073581696 0
0.9263972043991089 0
0.9504905939102173 0
0.9983508586883545 1
7.452144927810878e-05 0
0.0010491469874978065 0
0.03272613510489464 0
0.039020150899887085 0
0.9999615550041199 1
0.0003356860834173858 0
0.03934682905673981 0
0.03729303181171417 0
0.03607725724577904 0
0.9813505411148071 1
0.002642394509166479 0
0.0205246414989233 0
0.004265223629772663 0
0.04885992407798767 0
0.9999914169311523 1
0.030973967164754868 0
0.9814621210098267 0
0.14960803091526031 0
0.014199404045939445 0
0.999754786491394 1
0.030290331691503525 0
0.9713027477264404 0
0.2010306566953659 0
0.03355562686920166 0
0.9998108148574829 1
0.05033508688211441 0
0.9390754699707031 0
0.0024974066764116287 0
0.007654768880456686 0
0.9998141527175903 1
0.0172177255153656 0
0.8349552154541016 0
0.9238083362579346 0
0.2737518846988678 0
0.9999801516532898 1
0.07226528972387314 0
0.9253109693527222 0
0.41225284337997437 0
0.6423087120056152 0
0.9892570376396179 1
0.9075144529342651 0
0.9913374781608582 0
0.021986959502100945 0
0.07560320943593979 0
0.9981967806816101 1
0.001182426349259913 0
0.028517138212919235 0
0.9867273569107056 0
0.13916078209877014 0
0.9999890327453613 1
0.026742858812212944 0
0.9954557418823242 0
0.9911758899688721 0
0.09539486467838287 0
0.9982983469963074 1
0.004601440392434597 0
0.14450570940971375 0
0.24553702771663666 0
0.07095000147819519 0
0.9999879598617554 1
0.01156061701476574 0
0.1421263962984085 0
0.026865676045417786 0
0.0627322793006897 0
0.9999734163284302 1
0.10116618871688843 0
0.2119118571281433 0
0.2576894164085388 0
0.0009585957741364837 0
0.9998941421508789 1
0.016863403841853142 0
0.21098807454109192 0
0.0033346209675073624 0
0.013938074931502342 0
0.889737069606781 1
0.002297828206792474 0
0.018290234729647636 0
0.035296112298965454 0
0.0463251993060112 0
0.9997255206108093 1
0.0001703867455944419 0
0.001475262688472867 0
0.08423773944377899 0
0.06209295243024826 0
0.930121123790741 1
0.0017062898259609938 0
0.010958115570247173 0
0.0014554568333551288 0
0.006101046688854694 0
0.9991015195846558 1
0.0037174595054239035 0
0.7376364469528198 0
0.974970817565918 0
0.003087348071858287 0
0.9966564178466797 1
0.0052883205935359 0
0.950448215007782 0
0.9715087413787842 0
0.863358199596405 0
0.9995143413543701 1
0.9171664714813232 0
0.9965749979019165 0
0.8630377650260925 0
0.9984661340713501 0
0.9957408905029297 1
0.0002522370486985892 0
0.002685390179976821 0
0.8385324478149414 0
0.0011614232789725065 0
0.9989258050918579 1
0.000348418194334954 0
0.0036041976418346167 0
0.0326513946056366 0
0.0002754845190793276 0
0.9966973066329956 1
6.230098369996995e-05 0
0.020213112235069275 0
0.041683174669742584 0
0.006036232225596905 0
0.9997484087944031 1
0.786585807800293 0
0.9997355341911316 0
0.9987637400627136 0
0.0018888839986175299 0
0.9999837875366211 1
0.0625118836760521 0
0.9972946047782898 0
0.9524558782577515 0
0.30870842933654785 0
0.9986366033554077 1
0.9200438261032104 0
0.9846293330192566 0
0.9542173743247986 0
0.7568690180778503 0
0.9999765157699585 1
0.0009666869882494211 0
0.06104271113872528 0
0.9425129294395447 0
0.00048669156967662275 0
0.9999593496322632 1
0.007395601831376553 0
0.9866682887077332 0
0.497344434261322 0
0.0004367745132185519 0
0.998343825340271 1
0.10707144439220428 0
0.9882299900054932 0
0.954319953918457 0
0.009743275120854378 0
0.9787033796310425 1
0.04706467315554619 0
0.04653999209403992 0
0.37316903471946716 0
0.37738341093063354 0
0.9918858408927917 1
0.4999840259552002 0
0.36251384019851685 0
0.009480725973844528 0
0.7468796968460083 0
0.9930605888366699 1
0.04885236918926239 0
0.6362357139587402 0
0.808308482170105 0
0.5050000548362732 0
0.9987888336181641 1
0.42674487829208374 0
0.38878411054611206 0
0.17533493041992188 0
0.004798750393092632 0
0.9992402791976929 1
0.6952477693557739 0
0.9383707046508789 0
0.01633136346936226 0
0.0011858544312417507 0
0.999649703502655 1
0.41641876101493835 0
0.814985454082489 0
0.10157139599323273 0
0.7310436964035034 0
0.9998023509979248 1
0.0003857229312416166 0
0.829751193523407 0
0.9249560236930847 0
0.0009881274309009314 0
0.9777555465698242 1
0.22757065296173096 0
0.9985586404800415 0
0.9998254179954529 0
0.957960307598114 0
0.9949101209640503 1
0.9787828326225281 0
0.9814068078994751 0
0.9589537382125854 0
0.9348334074020386 0
0.8674849271774292 1
6.596696039196104e-05 0
0.023110410198569298 0
0.9718992114067078 0
0.001020638970658183 0
0.9963533878326416 1
0.0010044241789728403 0
0.3122726082801819 0
0.19564831256866455 0
0.0027778807561844587 0
0.9938825368881226 1
0.0006079819286242127 0
0.02121957205235958 0
0.5068452954292297 0
0.004508033394813538 0
0.9999701976776123 1
0.8932584524154663 0
0.7333738803863525 0
0.9356428980827332 0
0.030839456245303154 0
0.9999954104423523 1
0.2203318476676941 0
0.8047773838043213 0
0.9960246086120605 0
0.9875966310501099 0
0.9965280294418335 1
0.27676457166671753 0
0.9596144556999207 0
0.9460752010345459 0
0.8466328978538513 0
0.9999599456787109 1
0.0024063829332590103 0
0.8336544036865234 0
7.830336107872427e-05 0
0.001332889311015606 0
0.9923539161682129 1
0.01216115802526474 0
0.6283711791038513 0
0.10517411679029465 0
0.0023096450604498386 0
0.9948115348815918 1
0.359377384185791 0
0.9429150819778442 0
0.7671266794204712 0
0.1743989884853363 0
0.9365307092666626 1
0.0031246785074472427 0
0.9176530838012695 0
0.9467074871063232 0
0.0006638444028794765 0
0.9974932074546814 1
0.002237202599644661 0
0.9969043731689453 0
0.95402991771698 0
0.9327487945556641 0
0.9924642443656921 1
0.13023976981639862 0
0.9918100237846375 0
0.943221926689148 0
0.9928253889083862 0
0.32108598947525024 1
0.0008805731777101755 0
0.0025214673951268196 0
0.6426676511764526 0
8.055605576373637e-05 0
0.8954116702079773 1
0.00036166957579553127 0
0.004091281443834305 0
0.04481567069888115 0
0.0024814647622406483 0
0.9718836545944214 1
0.0057204789482057095 0
0.001497992197982967 0
0.14874303340911865 0
0.00593987200409174 0
