0.9459764361381531 1
0.0905960351228714 0
0.08706136047840118 0
0.12603223323822021 0
0.33465200662612915 0
0.719475507736206 1
0.05638222023844719 0
0.194441556930542 0
0.15166249871253967 0
0.805317759513855 0
0.966842532157898 1
0.08141789585351944 0
0.4043436646461487 0
0.28661292791366577 0
0.06060650944709778 0
0.9921380877494812 1
0.34124600887298584 0
0.6755639910697937 0
0.06235535070300102 0
0.6352343559265137 0
0.9773396849632263 1
0.4969027638435364 0
0.5384519696235657 0
0.7410277128219604 0
0.8425818681716919 0
0.9963486194610596 1
0.6786715388298035 0
0.896908164024353 0
0.2893797755241394 0
0.5633395314216614 0
0.9261012077331543 1
0.23711340129375458 0
0.6659442186355591 0
0.031830646097660065 0
0.2517170310020447 0
0.9297598600387573 1
0.19235460460186005 0
0.10237102210521698 0
0.06667595356702805 0
0.17858342826366425 0
0.6665195822715759 1
0.5148087739944458 0
0.8052183985710144 0
0.01840761862695217 0
0.09089066833257675 0
0.9971928596496582 1
0.030890753492712975 0
0.1209496557712555 0
0.01686265505850315 0
0.7683358192443848 0
0.9755414724349976 1
0.08730842173099518 0
0.023674916476011276 0
0.45582520961761475 0
0.6658605337142944 0
0.992072582244873 1
0.17280229926109314 0
0.28474652767181396 0
0.07608640938997269 0
0.9338053464889526 0
0.9785580039024353 1
0.2719273567199707 0
0.04222818836569786 0
0.0940195843577385 0
0.18979565799236298 0
0.9743213653564453 1
0.9678318500518799 0
0.9226889610290527 0
0.6172940731048584 0
0.9770164489746094 0
0.9804766178131104 1
0.20645903050899506 0
0.07428089529275894 0
0.32942840456962585 0
0.5871586203575134 0
0.9154791831970215 1
0.01835533231496811 0
0.24102917313575745 0
0.12409502267837524 0
0.038695067167282104 0
0.9266983270645142 1
0.36136478185653687 0
0.020504921674728394 0
0.8860304355621338 0
0.3602280616760254 0
0.9775802493095398 1
0.014418664388358593 0
0.6083123683929443 0
0.8211922645568848 0
0.2527271509170532 0
0.7072234153747559 1
0.0003119097091257572 0
0.004881314001977444 0
0.046152155846357346 0
0.01087232120335102 0
0.9305869340896606 1
0.0012874600943177938 0
0.10063551366329193 0
0.008528217673301697 0
0.020654477179050446 0
0.5875034928321838 1
0.0015932744136080146 0
0.04557701572775841 0
0.009364882484078407 0
0.01456364057958126 0
0.9648277163505554 1
0.01300043798983097 0
0.9826663732528687 0
0.06616248190402985 0
0.00267542852088809 0
0.9766522645950317 1
0.013928520493209362 0
0.8896536827087402 0
0.02091626077890396 0
0.0040784962475299835 0
0.7579643726348877 1
0.009435292333364487 0
0.7082265615463257 0
0.023073792457580566 0
0.0025746894534677267 0
0.9062573313713074 1
0.020189084112644196 0
0.8377146124839783 0
0.2796468436717987 0
0.218476802110672 0
0.9552279710769653 1
0.10109880566596985 0
0.8688156008720398 0
0.050127532333135605 0
0.27044910192489624 0
0.5090070962905884 1
0.8285737037658691 0
0.9547358751296997 0
0.006851280108094215 0
0.05777934938669205 0
0.9084113836288452 1
0.0036186515353620052 0
0.053329482674598694 0
0.5896317958831787 0
0.5674631595611572 0
0.9875189661979675 1
0.01048002578318119 0
0.251728892326355 0
0.18473294377326965 0
0.10642760246992111 0
0.8485251665115356 1
0.0053258491680026054 0
0.07135020196437836 0
0.04947107657790184 0
0.0499848835170269 0
0.9925974607467651 1
0.0018329074373468757 0
0.09526454657316208 0
0.0013898744946345687 0
0.011141331866383553 0
0.9841717481613159 1
0.012034721672534943 0
0.1439933478832245 0
0.02780858986079693 0
0.001485186628997326 0
0.8631218671798706 1
0.0029169456101953983 0
0.04712679237127304 0
0.004114456009119749 0
0.007649612613022327 0
0.577984631061554 1
0.0007239752449095249 0
0.09936004877090454 0
0.008429795503616333 0
0.003875651163980365 0
0.8166934847831726 1
0.00038185814628377557 0
0.0035113682970404625 0
0.01357012614607811 0
0.01315132062882185 0
0.16465167701244354 1
0.0016491978894919157 0
0.016634751111268997 0
0.00957589689642191 0
0.004618056118488312 0
0.6752915382385254 1
0.002064591273665428 0
0.30098968744277954 0
0.16375792026519775 0
0.0001443879446014762 0
0.6628331542015076 1
0.011803305707871914 0
0.6979991793632507 0
0.6492218375205994 0
0.11361577361822128 0
0.7739712595939636 1
0.399833619594574 0
0.5439547300338745 0
0.2718818783760071 0
0.3566061854362488 0
0.34853094816207886 1
0.0011339634656906128 0
0.04578300565481186 0
0.07605527341365814 0
0.0005269189132377505 0
0.7901415824890137 1
0.0027085738256573677 0
0.022098485380411148 0
0.10616155713796616 0
0.0001622153795324266 0
0.8632404208183289 1
0.0023529347963631153 0
0.10970199108123779 0
0.09005682170391083 0
0.005284206476062536 0
0.9928067922592163 1
0.19529853761196136 0
0.955439567565918 0
0.518615186214447 0
1.0112013114849105e-05 0
0.9988576173782349 1
0.1724647581577301 0
0.9308450222015381 0
0.8485583662986755 0
0.13885754346847534 0
0.9957340955734253 1
0.7862828969955444 0
0.8290678858757019 0
0.1417517066001892 0
0.23558789491653442 0
0.9446041584014893 1
0.0003221004153601825 0
0.03877948224544525 0
0.04153333976864815 0
0.00023942309780977666 0
0.997878909111023 1
0.014096559956669807 0
0.9236905574798584 0
0.26002392172813416 0
0.0007487222901545465 0
0.9793529510498047 1
0.30428820848464966 0
0.8739807605743408 0
0.6596594452857971 0
0.001365075702778995 0
0.44980430603027344 1
0.2751808166503906 0
0.19801628589630127 0
0.14116498827934265 0
0.027572743594646454 0
0.3119675815105438 1
0.7744283676147461 0
0.6798438429832458 0
0.08807449787855148 0
0.23199984431266785 0
0.6839410662651062 1
0.3391827940940857 0
0.7098169326782227 0
0.038090504705905914 0
0.20554062724113464 0
0.4374217987060547 1
0.5277891159057617 0
0.44338473677635193 0
0.060660406947135925 0
0.0010813383851200342 0
0.3688899278640747 1
0.8506399989128113 0
0.9457379579544067 0
0.009858554229140282 0
0.001989183248952031 0
0.8899421095848083 1
0.37029606103897095 0
0.6751632690429688 0
0.15053685009479523 0
0.6181971430778503 0
0.971366286277771 1
0.0017644909676164389 0
0.45896124839782715 0
0.10486188530921936 0
8.806579717202112e-05 0
0.9094780683517456 1
0.24598738551139832 0
0.8834760189056396 0
0.8787392377853394 0
0.6796205043792725 0
0.997546911239624 1
0.0455656498670578 0
0.18472737073898315 0
0.07103569060564041 0
0.7479215860366821 0
0.7244402170181274 1
0.002649852540344 0
0.0266113243997097 0
0.1403719037771225 0
0.00046800271957181394 0
0.9890875220298767 1
0.0030274558812379837 0
0.11410247534513474 0
0.14250850677490234 0
0.0003214044263586402 0
0.9987238645553589 1
0.0016408258816227317 0
0.22818905115127563 0
0.18310920894145966 0
0.004008280113339424 0
0.8413923978805542 1
0.4765715003013611 0
0.2132180631160736 0
0.03168401122093201 0
0.000340391939971596 0
0.7213506698608398 1
0.23799273371696472 0
0.2812677025794983 0
0.430825412273407 0
0.34172067046165466 0
0.9478476047515869 1
0.2115391492843628 0
0.4475550651550293 0
0.09837751090526581 0
0.09115349501371384 0
0.8951470255851746 1
0.0007241913117468357 0
0.44217297434806824 0
9.436328400624916e-05 0
0.002366241067647934 0
0.7742214202880859 1
0.025553572922945023 0
0.3583906590938568 0
0.016868392005562782 0
0.00027839618269354105 0
0.9776427149772644 1
0.37666046619415283 0
0.9605892896652222 0
0.14889708161354065 0
0.010584946721792221 0
0.5877906680107117 1
0.0009759602835401893 0
0.04349464923143387 0
0.008435162715613842 0
4.847056698054075e-05 0
0.9617384672164917 1
0.017602425068616867 0
0.8682166934013367 0
0.4322906732559204 0
0.029786139726638794 0
0.8493396639823914 1
0.009376701898872852 0
0.8243662118911743 0
0.06522831320762634 0
0.026270460337400436 0
0.030661821365356445 1
0.0001459459017496556 0
0.003828182350844145 0
0.011952981352806091 0
3.4782242437358946e-06 0
0.8980089426040649 1
0.0012554016429930925 0
0.017911961302161217 0
0.016885828226804733 0
0.002020627958700061 0
0.902205228805542 1
0.008504772558808327 0
0.0114910788834095 0
0.08423997461795807 0
0.0018334647174924612 0
