0.7708333730697632 1
0.6707301139831543 1
0.336637943983078 1
0.6315131187438965 1
0.23483234643936157 1
0.5309476256370544 1
0.5898610353469849 1
0.06868959963321686 1
0.4394155740737915 1
0.19410449266433716 1
0.34873443841934204 1
0.3760092854499817 1
0.26518183946609497 1
0.5382131338119507 1
0.8434035778045654 1
0.2936093211174011 1
0.0026271368842571974 1
0.300586462020874 1
0.04946766048669815 1
0.7335935831069946 1
0.3315861225128174 1
0.7532269954681396 1
0.8605174422264099 1
0.0056041087955236435 0
0.018803177401423454 0
0.6960068941116333 0
0.0035171001218259335 0
0.2840005159378052 0
0.3458767831325531 0
0.026283245533704758 0
0.0034772558137774467 0
0.17372632026672363 0
0.03642679750919342 0
0.04012250155210495 0
0.8372366428375244 0
0.001792428083717823 0
0.006201650016009808 0
0.8191738128662109 0
0.005948557518422604 0
0.00023867617710493505 0
0.6199884414672852 0
0.001363650313578546 0
0.022030822932720184 0
0.581581175327301 0
0.04301002249121666 0
0.013446100056171417 0
0.3291047215461731 0
0.003400916699320078 0
0.018127482384443283 0
0.3997614085674286 0
0.026550445705652237 0
0.009793107397854328 0
0.36128371953964233 0
0.02778751216828823 0
0.021173812448978424 0
0.3652876615524292 0
0.20310863852500916 0
0.14882127940654755 0
0.42489296197891235 0
0.07550854980945587 0
0.04306211322546005 0
0.383428156375885 0
0.015872247517108917 0
0.07351059466600418 0
0.326717346906662 0
0.19347351789474487 0
0.11210556328296661 0
0.6981915235519409 0
0.05090847611427307 0
0.015135816298425198 0
0.4402162730693817 0
0.09670912474393845 0
0.09886191785335541 0
0.6583664417266846 0
0.0030215519946068525 0
0.11228647828102112 0
0.43590331077575684 0
0.022407464683055878 0
0.09894921630620956 0
0.5427830219268799 0
0.13108257949352264 0
0.05611373484134674 0
0.5936583280563354 0
0.029953865334391594 0
0.10868415236473083 0
0.43933016061782837 0
0.047379270195961 0
0.052113424986600876 0
0.7263128161430359 0
0.28752923011779785 0
0.014334630221128464 0
0.8124984502792358 0
0.7436625361442566 1
0.9519777297973633 1
0.44147437810897827 1
0.7212721109390259 1
0.9592439532279968 1
0.9756059050559998 1
0.9786458015441895 1
0.9763357639312744 1
0.8711233139038086 1
0.6025004982948303 1
0.550362765789032 1
0.9230737090110779 1
0.5360651612281799 1
0.5490549802780151 1
0.5852383971214294 1
0.36598140001296997 1
0.8654226064682007 1
0.6316820979118347 1
0.7393351793289185 1
0.5520960092544556 1
0.49952441453933716 1
0.7915452718734741 1
0.6545490026473999 1
