0.6757130026817322 1
0.33141955733299255 0
0.3343968391418457 0
0.11117549985647202 0
0.36604082584381104 0
0.6491789817810059 1
0.03318902850151062 0
0.38856086134910583 0
0.28983303904533386 0
0.6280515193939209 0
0.5518003106117249 1
0.3297317326068878 0
0.3373396098613739 0
0.2046966850757599 0
0.33148759603500366 0
0.8942677974700928 1
0.5582304000854492 0
0.6392180919647217 0
0.15732115507125854 0
0.6364548206329346 0
0.7594624757766724 1
0.6786785125732422 0
0.7871131896972656 0
0.7237863540649414 0
0.7170994281768799 0
0.9668269157409668 1
0.9022624492645264 0
0.8443652987480164 0
0.3446671962738037 0
0.6202045679092407 0
0.6031019687652588 1
0.4805588722229004 0
0.9661199450492859 0
0.3360132873058319 0
0.3341239392757416 0
0.6756749153137207 1
0.7921533584594727 0
0.37096720933914185 0
0.3228786587715149 0
0.6524138450622559 0
0.4551478326320648 1
0.8403851389884949 0
0.9661861658096313 0
0.2974056601524353 0
0.3397359251976013 0
0.9902409911155701 1
0.17742982506752014 0
0.33885782957077026 0
0.01789620704948902 0
0.6732581853866577 0
0.9147861003875732 1
0.22282133996486664 0
0.12773391604423523 0
0.3202636241912842 0
0.6036816239356995 0
0.7735211849212646 1
0.3333071172237396 0
0.3336249589920044 0
0.4229407012462616 0
0.6823312044143677 0
0.8481044173240662 1
0.4335075318813324 0
0.3433302044868469 0
0.2475358545780182 0
0.35222384333610535 0
0.7395495772361755 1
0.9503313302993774 0
0.9439780116081238 0
0.4160890579223633 0
0.9396209716796875 0
0.6874927282333374 1
0.32818299531936646 0
0.3390931487083435 0
0.3302570581436157 0
0.5848991274833679 0
0.6962748765945435 1
0.24512653052806854 0
0.5680012702941895 0
0.23139826953411102 0
0.2106899470090866 0
0.7922510504722595 1
0.6596046686172485 0
0.6605953574180603 0
0.8338284492492676 0
0.5557068586349487 0
0.838370680809021 1
0.25801369547843933 0
0.5274367332458496 0
0.3747060298919678 0
0.6758729815483093 0
0.6319469213485718 1
0.0007823038613423705 0
0.04188220947980881 0
0.09222526848316193 0
0.3101668953895569 0
0.6040162444114685 1
0.006513021886348724 0
0.30230873823165894 0
0.10592702031135559 0
0.217697411775589 0
0.6456698775291443 1
0.037647925317287445 0
0.326205849647522 0
0.22972065210342407 0
0.15443842113018036 0
0.6710038185119629 1
0.0733126848936081 0
0.6873852014541626 0
0.33661866188049316 0
0.0059192548505961895 0
0.6703544855117798 1
0.15324676036834717 0
0.6487110257148743 0
0.2793516516685486 0
0.04539322853088379 0
0.6484167575836182 1
0.29209601879119873 0
0.645304262638092 0
0.21565139293670654 0
0.11200687289237976 0
0.6680562496185303 1
0.06265808641910553 0
0.9133588671684265 0
0.6184853315353394 0
0.5090287923812866 0
0.6802918314933777 1
0.033163852989673615 0
0.9693007469177246 0
0.5295032262802124 0
0.5717577934265137 0
0.6516634225845337 1
0.3173055648803711 0
0.9861037135124207 0
0.20692375302314758 0
0.3370664715766907 0
0.6653960943222046 1
0.03749547898769379 0
0.04936624690890312 0
0.6401214599609375 0
0.502701997756958 0
0.6877758502960205 1
0.0028371200896799564 0
0.34316274523735046 0
0.36997556686401367 0
0.2510078549385071 0
0.6682276725769043 1
0.07780010998249054 0
0.3785812556743622 0
0.29996493458747864 0
0.17219150066375732 0
0.6949118375778198 1
0.14582839608192444 0
0.34913772344589233 0
0.058864302933216095 0
0.24365019798278809 0
0.6791073083877563 1
0.17503255605697632 0
0.317221462726593 0
0.22246038913726807 0
0.001758738188073039 0
0.6921707391738892 1
0.3013629913330078 0
0.34250006079673767 0
0.04275207221508026 0
0.09706293046474457 0
0.6052543520927429 1
0.011484067887067795 0
0.052854251116514206 0
0.39006051421165466 0
0.027723893523216248 0
0.646263837814331 1
0.002142255427315831 0
0.01885564997792244 0
0.037904784083366394 0
0.0023230761289596558 0
0.3672587275505066 1
0.04742249846458435 0
0.21335218846797943 0
0.00838590506464243 0
0.006431051529943943 0
0.34148749709129333 1
0.320793479681015 0
0.3322165310382843 0
0.3329824209213257 0
0.062452495098114014 0
0.34993550181388855 1
0.2836977243423462 0
0.33471351861953735 0
0.3318937420845032 0
0.33467552065849304 0
0.34797418117523193 1
0.3331129252910614 0
0.33621713519096375 0
0.06570078432559967 0
0.32305416464805603 0
0.33482879400253296 1
0.06784429401159286 0
0.2990909814834595 0
0.33047059178352356 0
0.005519055761396885 0
0.3876708149909973 1
0.06263023614883423 0
0.061019398272037506 0
0.24301666021347046 0
0.13531479239463806 0
0.6425623297691345 1
0.02344435080885887 0
0.2392864227294922 0
0.3330230414867401 0
0.2268175184726715 0
0.6672282218933105 1
0.6055061221122742 0
0.647393524646759 0
0.33745524287223816 0
0.14721910655498505 0
0.6920737028121948 1
0.32050320506095886 0
0.588676929473877 0
0.34316059947013855 0
0.34680745005607605 0
0.8306798934936523 1
0.4431374967098236 0
0.38919544219970703 0
0.2828388810157776 0
0.2398865669965744 0
0.6653653383255005 1
0.13077488541603088 0
0.311160147190094 0
0.4169767498970032 0
0.01627851277589798 0
0.6745460033416748 1
0.301233172416687 0
0.5748111009597778 0
0.3345603346824646 0
0.03744756430387497 0
0.8135201334953308 1
0.5874115228652954 0
0.8839247226715088 0
0.6649045348167419 0
0.08372709155082703 0
0.33352944254875183 1
0.6096938848495483 0
0.928375244140625 0
0.3882675766944885 0
0.4599078297615051 0
0.3499302864074707 1
0.3795263469219208 0
0.9705550074577332 0
0.3096308708190918 0
0.27841299772262573 0
0.5466073155403137 1
0.48912668228149414 0
0.9829193353652954 0
0.29982835054397583 0
0.09283730387687683 0
0.4854983687400818 1
0.6982848048210144 0
0.9059493541717529 0
0.3709159791469574 0
0.060707610100507736 0
0.4390610158443451 1
0.2652680575847626 0
0.9061775207519531 0
0.26913750171661377 0
0.05748447775840759 0
0.669109582901001 1
0.6143956780433655 0
0.7416274547576904 0
0.6388665437698364 0
0.7492551803588867 0
0.6651600003242493 1
0.2545129060745239 0
0.30989372730255127 0
0.3464225232601166 0
0.09413212537765503 0
0.6631985902786255 1
0.31107068061828613 0
0.36338135600090027 0
0.39627334475517273 0
0.5511730313301086 0
0.9803110957145691 1
0.1470227986574173 0
0.3339701294898987 0
0.22890125215053558 0
0.4477665424346924 0
0.6223419904708862 1
8.393706957576796e-05 0
0.28011345863342285 0
0.36879703402519226 0
0.006520809140056372 0
0.6662909388542175 1
0.03581984341144562 0
0.3033301830291748 0
0.32996127009391785 0
0.021877482533454895 0
0.9710143804550171 1
0.24530258774757385 0
0.20667468011379242 0
0.6237615346908569 0
0.017819341272115707 0
0.46865928173065186 1
0.33486995100975037 0
0.33340346813201904 0
0.33797773718833923 0
0.2972610890865326 0
0.6871590614318848 1
0.314052939414978 0
0.3519299626350403 0
0.3302839696407318 0
0.3676372468471527 0
0.5346683263778687 1
0.28344541788101196 0
0.3337831497192383 0
0.1687851995229721 0
0.21744726598262787 0
0.6993417143821716 1
0.320095419883728 0
0.5413190722465515 0
0.007409684360027313 0
0.03700724616646767 0
0.6129939556121826 1
0.3277072310447693 0
0.3343672454357147 0
0.3302762508392334 0
0.024253031238913536 0
0.8615735769271851 1
0.6740562915802002 0
0.8920191526412964 0
0.6873606443405151 0
0.4185771644115448 0
0.471967875957489 1
0.3169753849506378 0
0.23469220101833344 0
0.34435415267944336 0
0.04991687089204788 0
0.6481861472129822 1
0.06234985217452049 0
0.38069233298301697 0
0.3303260803222656 0
0.06990934163331985 0
0.612898051738739 1
0.2002083957195282 0
0.6575194001197815 0
0.3188421428203583 0
0.05840325355529785 0
0.33857008814811707 1
0.11042945832014084 0
0.006137066520750523 0
0.16402211785316467 0
0.0002469911705702543 0
0.5998108386993408 1
0.02412537857890129 0
0.16930899024009705 0
0.33555668592453003 0
0.007608921267092228 0
0.6266923546791077 1
0.13367171585559845 0
0.563614010810852 0
0.585867166519165 0
0.004520381335169077 0
