0.22587059438228607 1
0.46866363286972046 1
0.31737828254699707 1
0.21168236434459686 1
0.040751226246356964 1
0.23596283793449402 1
0.6278773546218872 1
0.02234271541237831 1
0.5831258296966553 1
0.2753406763076782 1
0.34360477328300476 1
0.23376581072807312 1
0.4001593589782715 1
0.5738462209701538 1
0.9587150812149048 1
0.21542613208293915 1
0.005273080430924892 1
0.2880488336086273 1
0.05286162719130516 1
0.5377294421195984 1
0.26887813210487366 1
0.33871638774871826 1
0.6461764574050903 1
0.011487121693789959 0
0.002609207294881344 0
0.7400221228599548 0
0.0029059320222586393 0
0.16035613417625427 0
0.19179081916809082 0
0.000761820818297565 0
0.0016125737456604838 0
0.21144071221351624 0
0.007413457613438368 0
0.01455217506736517 0
0.881337583065033 0
0.00017396538169123232 0
0.0005546581814996898 0
0.7495787143707275 0
0.00041923028766177595 0
0.0004839019093196839 0
0.6984183192253113 0
0.0008947101887315512 0
0.023788630962371826 0
0.6629934906959534 0
0.012590221129357815 0
0.010267828591167927 0
0.3311939537525177 0
0.0012244833633303642 0
0.008824982680380344 0
0.44886720180511475 0
0.002189844846725464 0
0.047182194888591766 0
0.35482949018478394 0
0.0030992915853857994 0
0.006974728778004646 0
0.33522698283195496 0
0.023487789556384087 0
0.042210645973682404 0
0.4481499195098877 0
0.021065253764390945 0
0.009862536564469337 0
0.5089796185493469 0
0.0005535639356821775 0
0.03319190442562103 0
0.571210503578186 0
0.07882876694202423 0
0.008036209270358086 0
0.6132908463478088 0
0.00590225076302886 0
0.012309013865888119 0
0.40369126200675964 0
0.10947497189044952 0
0.009481262415647507 0
0.6984636187553406 0
0.0005717473104596138 0
0.0363297276198864 0
0.5493586659431458 0
0.001808644039556384 0
0.003341562580317259 0
0.5925256013870239 0
0.005190454423427582 0
0.0029124596621841192 0
0.6330012679100037 0
0.017224427312612534 0
0.16265803575515747 0
0.5454828143119812 0
0.009036075323820114 0
0.030016105622053146 0
0.721114993095398 0
0.20189189910888672 0
0.00905209593474865 0
0.8019425868988037 0
0.7843966484069824 1
0.9434420466423035 1
0.6659080386161804 1
0.76495361328125 1
0.8683784008026123 1
0.9414385557174683 1
0.9777719378471375 1
0.9763304591178894 1
0.8625143766403198 1
0.5296024084091187 1
0.5606193542480469 1
0.8308186531066895 1
0.676909327507019 1
0.6112836003303528 1
0.6698038578033447 1
0.4317605495452881 1
0.8873939514160156 1
0.6717382669448853 1
0.6923044919967651 1
0.6187909245491028 1
0.817227303981781 1
0.7855246067047119 1
0.9005873203277588 1
