0.15831495821475983 1
0.36680418252944946 1
0.22493654489517212 1
0.6989262104034424 1
0.11360310763120651 1
0.6215444803237915 1
0.7486936450004578 1
0.00839546974748373 1
0.6746228933334351 1
0.24851129949092865 1
0.4626251459121704 1
0.21989808976650238 1
0.3517332673072815 1
0.692705512046814 1
0.9462587237358093 1
0.33447736501693726 1
0.0033082468435168266 1
0.5677927732467651 1
0.18762096762657166 1
0.8879668116569519 1
0.32790935039520264 1
0.43235254287719727 1
0.7744698524475098 1
0.004394318908452988 0
0.0027421675622463226 0
0.48583897948265076 0
0.000992757617495954 0
0.06552043557167053 0
0.3244714140892029 0
0.0006757958326488733 0
0.002578240353614092 0
0.3043707609176636 0
0.025129128247499466 0
0.12127812206745148 0
0.7115126848220825 0
8.430681191384792e-05 0
0.0005937074311077595 0
0.7021416425704956 0
0.001656177337281406 0
0.00012579541362356395 0
0.3620850443840027 0
0.00016066577518358827 0
0.003417281899601221 0
0.5505164265632629 0
0.0272793211042881 0
0.00320983724668622 0
0.3334752023220062 0
0.0017190382350236177 0
0.007331090979278088 0
0.38317060470581055 0
0.0025111152790486813 0
0.0048045627772808075 0
0.32827043533325195 0
0.008936075493693352 0
0.010452560149133205 0
0.3227650821208954 0
0.005367327015846968 0
0.007973520085215569 0
0.34375202655792236 0
0.003369954414665699 0
0.0028802496381103992 0
0.3327368497848511 0
0.0007507281261496246 0
0.017458904534578323 0
0.33600741624832153 0
0.024921998381614685 0
0.0023945127613842487 0
0.34847790002822876 0
0.0014380142092704773 0
0.00033017058740369976 0
0.3297936022281647 0
0.0065022120252251625 0
0.008611975237727165 0
0.39152956008911133 0
0.00027855209191329777 0
0.05638498067855835 0
0.3685086667537689 0
0.00036582082975655794 0
0.002816639607772231 0
0.42177125811576843 0
0.008576801046729088 0
0.003240034682676196 0
0.49844086170196533 0
0.006526993587613106 0
0.020345695316791534 0
0.40338727831840515 0
0.0017967489548027515 0
0.003548555774614215 0
0.648371160030365 0
0.011643731966614723 0
0.0007232147036120296 0
0.6973605155944824 0
0.6945912837982178 1
0.7988030314445496 1
0.41211575269699097 1
0.7310420274734497 1
0.717523455619812 1
0.8934898376464844 1
0.9380754232406616 1
0.906489372253418 1
0.7463860511779785 1
0.33852919936180115 1
0.6650189757347107 1
0.7176384925842285 1
0.3842478394508362 1
0.33625298738479614 1
0.5900056958198547 1
0.3342301547527313 1
0.8081833124160767 1
0.3058947026729584 1
0.3998841941356659 1
0.3073875606060028 1
0.38115715980529785 1
0.54031902551651 1
0.5874185562133789 1
