0.18749642372131348 1
0.4797610640525818 1
0.07811982929706573 1
0.32974258065223694 1
0.006008707918226719 1
0.3529312014579773 1
0.7047724723815918 1
0.01122493576258421 1
0.38781213760375977 1
0.05340615659952164 1
0.3387748599052429 1
0.11991499364376068 1
0.433773934841156 1
0.5218363404273987 1
0.9429410696029663 1
0.22693964838981628 1
0.01453477144241333 1
0.4075767993927002 1
0.10208773612976074 1
0.5949681997299194 1
0.2728380560874939 1
0.1592467725276947 1
0.6954585909843445 1
0.006858036853373051 0
0.004633271135389805 0
0.5449074506759644 0
0.002030384261161089 0
0.07773381471633911 0
0.3045123815536499 0
0.0006666677072644234 0
0.0018316912464797497 0
0.2881067395210266 0
0.006482181139290333 0
0.03741772100329399 0
0.6705708503723145 0
0.00012126628280384466 0
0.0002678415330592543 0
0.3372667729854584 0
0.0010390273528173566 0
0.0002165281621273607 0
0.3605595529079437 0
0.0009338677627965808 0
0.020270805805921555 0
0.43434271216392517 0
0.026212334632873535 0
0.012980479747056961 0
0.3410440683364868 0
0.001666851807385683 0
0.012918516993522644 0
0.3265831470489502 0
0.000612905714660883 0
0.006650117225944996 0
0.3349630534648895 0
0.001350877108052373 0
0.009673901833593845 0
0.29892459511756897 0
0.004938227124512196 0
0.009875728748738766 0
0.33779165148735046 0
0.012592818588018417 0
0.0016502481885254383 0
0.32644325494766235 0
0.0018354960484430194 0
0.016565490514039993 0
0.3212677836418152 0
0.03160906955599785 0
0.00568023044615984 0
0.35478001832962036 0
0.0013488216791301966 0
0.008711530826985836 0
0.36967045068740845 0
0.04977712035179138 0
0.032612547278404236 0
0.36719149351119995 0
0.00038066887645982206 0
0.03969979286193848 0
0.3298780024051666 0
0.00046774587826803327 0
0.0027055940590798855 0
0.3414076566696167 0
0.0068290457129478455 0
0.017481066286563873 0
0.46753907203674316 0
0.013124288991093636 0
0.028342921286821365 0
0.31932884454727173 0
0.0055854241363704205 0
0.011152759194374084 0
0.5965991616249084 0
0.03780578449368477 0
0.0014107645256444812 0
0.6917454600334167 0
0.6775924563407898 1
0.6679074764251709 1
0.35857313871383667 1
0.6287189722061157 1
0.6676608324050903 1
0.8188678026199341 1
0.7922031879425049 1
0.9279477000236511 1
0.7805001735687256 1
0.3520089387893677 1
0.5586903095245361 1
0.8023566007614136 1
0.3413410782814026 1
0.3787621259689331 1
0.3849548101425171 1
0.33295518159866333 1
0.6903457045555115 1
0.2949409782886505 1
0.3622985780239105 1
0.27907538414001465 1
0.5956180095672607 1
0.6160385608673096 1
0.4108332097530365 1
