0.17084652185440063 1
0.41199755668640137 1
0.30319029092788696 1
0.7548245787620544 1
0.0031511858105659485 1
0.39444881677627563 1
0.6716899275779724 1
0.03222392126917839 1
0.5450688600540161 1
0.15311795473098755 1
0.3211437463760376 1
0.21855592727661133 1
0.5079476833343506 1
0.5382627248764038 1
0.9610888361930847 1
0.2224847972393036 1
0.0037512765266001225 1
0.30032944679260254 1
0.015408322215080261 1
0.9156463146209717 1
0.23756808042526245 1
0.3799686133861542 1
0.8824162483215332 1
0.005701815709471703 0
0.002235858468338847 0
0.7387157678604126 0
0.0007804794004186988 0
0.017265096306800842 0
0.13653896749019623 0
0.0001805500651244074 0
0.00042789755389094353 0
0.18783915042877197 0
0.004652246367186308 0
0.027431532740592957 0
0.8069827556610107 0
0.00016232625057455152 0
0.00037179479841142893 0
0.8596113920211792 0
0.0009550628019496799 0
0.00021520149311982095 0
0.6828712224960327 0
0.0006415799725800753 0
0.0014894823543727398 0
0.6361323595046997 0
0.012349680066108704 0
0.0023105726577341557 0
0.31189510226249695 0
0.0005904737045057118 0
0.0027033339720219374 0
0.4014369249343872 0
0.0003257337666582316 0
0.0032932402100414038 0
0.31871527433395386 0
0.00029734428972005844 0
0.002473297994583845 0
0.27221205830574036 0
0.0025178485084325075 0
0.005800382699817419 0
0.35055965185165405 0
0.0024597689043730497 0
0.004347346723079681 0
0.33483433723449707 0
0.0013435002183541656 0
0.009132884442806244 0
0.33926230669021606 0
0.017683329060673714 0
0.0014453744515776634 0
0.3997341990470886 0
0.001434221863746643 0
0.00593572948127985 0
0.3648500144481659 0
0.0027819143142551184 0
0.005216613411903381 0
0.6025422811508179 0
0.000342835410265252 0
0.00966037716716528 0
0.32137319445610046 0
0.00011315457959426567 0
0.000880903797224164 0
0.350841760635376 0
0.0075669074431061745 0
0.002135018352419138 0
0.4677465558052063 0
0.0010053315199911594 0
0.01851069927215576 0
0.31169384717941284 0
0.00606909766793251 0
0.0040541295893490314 0
0.6434458494186401 0
0.05295627564191818 0
0.003021250944584608 0
0.6897416114807129 0
0.7386424541473389 1
0.8774707317352295 1
0.2877027988433838 1
0.6932529807090759 1
0.7320892810821533 1
0.8703882098197937 1
0.9785286784172058 1
0.9614001512527466 1
0.9196243286132812 1
0.3761458396911621 1
0.44747304916381836 1
0.9549773931503296 1
0.3934555947780609 1
0.39653751254081726 1
0.4290449023246765 1
0.27275657653808594 1
0.9246065020561218 1
0.3238091766834259 1
0.3889887034893036 1
0.12920786440372467 1
0.6534438729286194 1
0.5124912858009338 1
0.6243748664855957 1
