0.9970883131027222 1
0.35070428252220154 0
0.3207100033760071 0
0.23185239732265472 0
0.9254834055900574 0
0.8349018096923828 1
0.029733631759881973 0
0.355322927236557 0
0.5204743146896362 0
0.8886353969573975 0
0.9844704866409302 1
0.01563572883605957 0
0.4020211100578308 0
0.4423515796661377 0
0.07805714756250381 0
0.9994885325431824 1
0.6298279762268066 0
0.8111804723739624 0
0.27246153354644775 0
0.9173316955566406 0
0.9882655143737793 1
0.07639776915311813 0
0.7120977640151978 0
0.9657688140869141 0
0.9165229201316833 0
0.9993656873703003 1
0.6278282999992371 0
0.8884519338607788 0
0.7987515926361084 0
0.9461451768875122 0
0.9935221672058105 1
0.35749682784080505 0
0.851963222026825 0
0.13141503930091858 0
0.1946793794631958 0
0.983794093132019 1
0.13221324980258942 0
0.011192874982953072 0
0.3447573184967041 0
0.5532241463661194 0
0.9922409057617188 1
0.8569525480270386 0
0.949624240398407 0
0.005274557508528233 0
0.16531077027320862 0
0.9975447654724121 1
0.058268576860427856 0
0.6831632852554321 0
0.014194101095199585 0
0.9932502508163452 0
0.9705502390861511 1
0.1379013955593109 0
0.037169165909290314 0
0.3687254786491394 0
0.5079336762428284 0
0.9923262596130371 1
0.05610659718513489 0
0.18906855583190918 0
0.16237592697143555 0
0.8737933039665222 0
0.9990243911743164 1
0.4801226556301117 0
0.04984651505947113 0
0.6390368938446045 0
0.7790261507034302 0
0.9853014945983887 1
0.9126380681991577 0
0.9709216952323914 0
0.9649577140808105 0
0.9889459609985352 0
0.9954360723495483 1
0.38450169563293457 0
0.03255971521139145 0
0.5820796489715576 0
0.40160953998565674 0
0.9871358275413513 1
0.09569278359413147 0
0.23046055436134338 0
0.18017779290676117 0
0.3544723391532898 0
0.9777978658676147 1
0.5774663686752319 0
0.013489985838532448 0
0.991253137588501 0
0.6604256629943848 0
0.978967547416687 1
0.001969687407836318 0
0.07988616079092026 0
0.5037873983383179 0
0.4314381778240204 0
0.9707698822021484 1
0.0003426387847866863 0
0.00097225746139884 0
0.015286690555512905 0
0.004460214637219906 0
0.9896115064620972 1
0.0008507104939781129 0
0.020398862659931183 0
0.002008808311074972 0
0.006040602922439575 0
0.7647132873535156 1
0.0014200982404872775 0
0.010219937190413475 0
0.003008571220561862 0
0.00848287995904684 0
0.997011125087738 1
0.004125664941966534 0
0.8077122569084167 0
0.01726122386753559 0
0.001452794298529625 0
0.9839839339256287 1
0.005831189453601837 0
0.583423912525177 0
0.003515744348987937 0
0.002564326860010624 0
0.9811834096908569 1
0.009273058734834194 0
0.6869843006134033 0
0.0007714920211583376 0
0.0013621591497212648 0
0.9849464297294617 1
0.00506587652489543 0
0.17278805375099182 0
0.20214496552944183 0
0.03264249116182327 0
0.9983166456222534 1
0.0034766262397170067 0
0.38024139404296875 0
0.04727466404438019 0
0.09572433680295944 0
0.6999048590660095 1
0.46075648069381714 0
0.936845064163208 0
0.002170637948438525 0
0.01158292219042778 0
0.9366756677627563 1
0.001006333390250802 0
0.02454838715493679 0
0.26897066831588745 0
0.012304995208978653 0
0.9971258640289307 1
0.0025300425477325916 0
0.2915728688240051 0
0.32299309968948364 0
0.006245540454983711 0
0.844767689704895 1
0.0015576970763504505 0
0.011125272139906883 0
0.029423309490084648 0
0.00523941358551383 0
0.9985004663467407 1
0.0026580924168229103 0
0.00828478578478098 0
0.00044093135511502624 0
0.0031568175181746483 0
0.9825827479362488 1
0.004564131610095501 0
0.01141844131052494 0
0.01637331396341324 0
0.000253006728598848 0
0.9927629232406616 1
0.0031096837483346462 0
0.019354909658432007 0
0.0003120227192994207 0
0.0009388288017362356 0
0.2973332703113556 1
0.0003846200997941196 0
0.007170727010816336 0
0.0032594953663647175 0
0.00043928076047450304 0
0.8260809779167175 1
0.00011324281513225287 0
0.0016278368420898914 0
0.012153098359704018 0
0.0009792862692847848 0
0.25215500593185425 1
0.0003068775695282966 0
0.0014447250869125128 0
9.47088556131348e-05 0
6.57833443256095e-05 0
0.9364128112792969 1
0.007782099302858114 0
0.299205482006073 0
0.3202921748161316 0
7.589621964143589e-05 0
0.8475744128227234 1
0.011877631768584251 0
0.48808249831199646 0
0.8848850131034851 0
0.0911075696349144 0
0.9806523323059082 1
0.31566721200942993 0
0.5987247228622437 0
0.5751450061798096 0
0.8531014919281006 0
0.7606456279754639 1
0.0004928411217406392 0
0.007222519721835852 0
0.23940591514110565 0
0.0001906694087665528 0
0.7183632850646973 1
0.00048214790876954794 0
0.0018608769169077277 0
0.009706241078674793 0
0.00016977739869616926 0
0.8755375146865845 1
0.0003312824701424688 0
0.002967413514852524 0
0.055246829986572266 0
0.0035366627853363752 0
0.9396345019340515 1
0.37388643622398376 0
0.9622389674186707 0
0.6090214252471924 0
8.424607585766353e-06 0
0.9993888735771179 1
0.005582286976277828 0
0.8182868957519531 0
0.7816965579986572 0
0.2365274876356125 0
0.9966895580291748 1
0.23352740705013275 0
0.9409334063529968 0
0.08944845199584961 0
0.24554339051246643 0
0.9762877225875854 1
0.00019688373140525073 0
0.003941128961741924 0
0.21135962009429932 0
1.8030345017905347e-05 0
0.8513604402542114 1
0.0005200846935622394 0
0.3901609182357788 0
0.024351997300982475 0
2.0859639334958047e-05 0
0.9754447340965271 1
0.07229931652545929 0
0.7494572997093201 0
0.6211127042770386 0
0.0009441931615583599 0
0.9857497215270996 1
0.23424021899700165 0
0.194789856672287 0
0.15941108763217926 0
0.014874677173793316 0
0.8849584460258484 1
0.7701712846755981 0
0.8110575675964355 0
0.01200312189757824 0
0.07096637785434723 0
0.9425615072250366 1
0.181608185172081 0
0.8480280637741089 0
0.07868751138448715 0
0.09942406415939331 0
0.9532637596130371 1
0.8671673536300659 0
0.7089202404022217 0
0.06876928359270096 0
0.002044151769950986 0
0.8293522596359253 1
0.1625838279724121 0
0.9497852325439453 0
0.0047250669449567795 0
0.0004706108011305332 0
0.9750263094902039 1
0.7021923065185547 0
0.8370746374130249 0
0.021947255358099937 0
0.24418461322784424 0
0.9879757761955261 1
0.0034116492606699467 0
0.12101052701473236 0
0.017218193039298058 0
5.0538652430986986e-05 0
0.2880382537841797 1
0.004958289675414562 0
0.9235345721244812 0
0.41331812739372253 0
0.5199036598205566 0
0.9659641981124878 1
0.6816000938415527 0
0.7673889398574829 0
0.5448532700538635 0
0.9505886435508728 0
0.3696171045303345 1
0.00020014788606204093 0
0.005390366073697805 0
0.12240659445524216 0
3.516992728691548e-05 0
0.651847779750824 1
0.0005770658608525991 0
0.016485922038555145 0
0.005359186790883541 0
0.00010328264761483297 0
0.9632425308227539 1
0.000695289287250489 0
0.03832942619919777 0
0.11924897134304047 0
0.002655316609889269 0
0.9535391330718994 1
0.4069708585739136 0
0.4017716348171234 0
0.1380140483379364 0
6.088270674808882e-05 0
0.9853495359420776 1
0.08574187755584717 0
0.13276371359825134 0
0.9202141165733337 0
0.36379390954971313 0
0.9876605868339539 1
0.027418900281190872 0
0.3835222125053406 0
0.641593873500824 0
0.8049112558364868 0
0.9898812770843506 1
0.0006151186535134912 0
0.1591579169034958 0
3.1994684832170606e-05 0
9.19997546589002e-05 0
0.5033185482025146 1
0.0012143806088715792 0
0.008383655920624733 0
0.0014777074102312326 0
9.11173628992401e-05 0
0.9369799494743347 1
0.3519324064254761 0
0.8925833702087402 0
0.35491546988487244 0
0.009836731478571892 0
0.032235585153102875 1
0.00019836709543596953 0
0.0686824768781662 0
0.03317597135901451 0
1.2731848983094096e-05 0
0.7053579688072205 1
0.0016553420573472977 0
0.6620168685913086 0
0.054755330085754395 0
0.010063529014587402 0
0.9075402617454529 1
0.0057307700626552105 0
0.3508986830711365 0
0.11614669859409332 0
0.10156168788671494 0
0.0005923329154029489 1
6.8261542764958e-05 0
0.0004426298546604812 0
0.0052922009490430355 0
7.637838734808611e-07 0
0.045798398554325104 1
0.00046723225386813283 0
0.00386595050804317 0
0.0014223497128114104 0
0.00017542757268529385 0
0.5272892713546753 1
0.0010992264142259955 0
0.002762602409347892 0
0.011681020259857178 0
0.0007743583992123604 0
