0.6766926050186157 1
0.3051690459251404 0
0.3145078122615814 0
0.07194547355175018 0
0.39065998792648315 0
0.6639171242713928 1
0.02031479775905609 0
0.33258116245269775 0
0.2283293604850769 0
0.6693974733352661 0
0.598509669303894 1
0.26719656586647034 0
0.3322870135307312 0
0.1443040519952774 0
0.3307311534881592 0
0.9530875086784363 1
0.5322014689445496 0
0.7150852680206299 0
0.09759238362312317 0
0.6049954891204834 0
0.8971434831619263 1
0.7905141115188599 0
0.9090792536735535 0
0.56028151512146 0
0.6087640523910522 0
0.9802300333976746 1
0.9276423454284668 0
0.8625786304473877 0
0.2771546244621277 0
0.6041895747184753 0
0.783320426940918 1
0.4709892272949219 0
0.9624228477478027 0
0.21734526753425598 0
0.2253742814064026 0
0.6096056699752808 1
0.7744051218032837 0
0.3458573520183563 0
0.33476290106773376 0
0.6695444583892822 0
0.4972723722457886 1
0.862250030040741 0
0.9936394691467285 0
0.22250619530677795 0
0.3168020248413086 0
0.9932745695114136 1
0.024105634540319443 0
0.3054228723049164 0
0.020857302471995354 0
0.6624265909194946 0
0.9509453177452087 1
0.07005462050437927 0
0.05489380285143852 0
0.3101847767829895 0
0.656093418598175 0
0.9222105741500854 1
0.2932104468345642 0
0.29452937841415405 0
0.4489361047744751 0
0.6451352834701538 0
0.9121187925338745 1
0.3333084285259247 0
0.322965532541275 0
0.11671236157417297 0
0.21682266891002655 0
0.7985357046127319 1
0.9760946035385132 0
0.9822501540184021 0
0.47502097487449646 0
0.9456607699394226 0
0.7673218250274658 1
0.1889825314283371 0
0.3409201502799988 0
0.3571504056453705 0
0.4695320725440979 0
0.7102972269058228 1
0.08977510780096054 0
0.6329742670059204 0
0.1678430289030075 0
0.13079386949539185 0
0.7985539436340332 1
0.6594595313072205 0
0.660187840461731 0
0.9792258143424988 0
0.6272480487823486 0
0.8565797209739685 1
0.08668246865272522 0
0.5880938768386841 0
0.42100653052330017 0
0.5751210451126099 0
0.6245148777961731 1
0.001618279842659831 0
0.020381517708301544 0
0.1525680124759674 0
0.11860200762748718 0
0.5830516219139099 1
0.0017566655296832323 0
0.21947935223579407 0
0.054859455674886703 0
0.18517881631851196 0
0.6494573354721069 1
0.015877818688750267 0
0.3109804391860962 0
0.10456939786672592 0
0.18943451344966888 0
0.680349588394165 1
0.10470280051231384 0
0.7639135122299194 0
0.3293272852897644 0
0.008780736476182938 0
0.6801559925079346 1
0.059118419885635376 0
0.6384181380271912 0
0.24325041472911835 0
0.13602161407470703 0
0.6419036984443665 1
0.26218563318252563 0
0.6306578516960144 0
0.1614469587802887 0
0.07012750208377838 0
0.664759635925293 1
0.07755815237760544 0
0.9586969614028931 0
0.5874347686767578 0
0.3770785927772522 0
0.7107827067375183 1
0.11836432665586472 0
0.9128395318984985 0
0.5756676197052002 0
0.6020432710647583 0
0.639056921005249 1
0.2884849011898041 0
0.9935336112976074 0
0.18190217018127441 0
0.41979357600212097 0
0.6853870153427124 1
0.01567397452890873 0
0.13620586693286896 0
0.5984699130058289 0
0.47918325662612915 0
0.6863517761230469 1
0.0411822646856308 0
0.33327874541282654 0
0.36025816202163696 0
0.1599370837211609 0
0.6656291484832764 1
0.03372830152511597 0
0.3400956988334656 0
0.18542364239692688 0
0.34760892391204834 0
0.8160779476165771 1
0.11719053238630295 0
0.41421252489089966 0
0.1014377623796463 0
0.3058978319168091 0
0.6825329065322876 1
0.0824369490146637 0
0.331443727016449 0
0.20217643678188324 0
0.003133839927613735 0
0.7769088745117188 1
0.2543831169605255 0
0.33057934045791626 0
0.07956895232200623 0
0.13944929838180542 0
0.6509106159210205 1
0.014211959205567837 0
0.13108038902282715 0
0.3419373035430908 0
0.08597177267074585 0
0.6571635007858276 1
0.00366632710210979 0
0.01249342318624258 0
0.10740694403648376 0
0.005540505051612854 0
0.39004987478256226 1
0.04902450367808342 0
0.26756852865219116 0
0.016732722520828247 0
0.012680904939770699 0
0.352769672870636 1
0.2776649296283722 0
0.32253989577293396 0
0.33294612169265747 0
0.09340967983007431 0
0.339664101600647 1
0.12797586619853973 0
0.3300098776817322 0
0.32435500621795654 0
0.327083945274353 0
0.3479408621788025 1
0.29133737087249756 0
0.3296682834625244 0
0.02061997726559639 0
0.1670515388250351 0
0.33792781829833984 1
0.02268632873892784 0
0.24934878945350647 0
0.29039132595062256 0
0.01733049564063549 0
0.3514108657836914 1
0.022606976330280304 0
0.05109623819589615 0
0.24483667314052582 0
0.0650939866900444 0
0.6391156911849976 1
0.02047196961939335 0
0.17109321057796478 0
0.31415167450904846 0
0.2503138482570648 0
0.7006194591522217 1
0.549555778503418 0
0.6428648233413696 0
0.45688241720199585 0
0.1932082176208496 0
0.7444654703140259 1
0.12894630432128906 0
0.6290467381477356 0
0.32494473457336426 0
0.361678808927536 0
0.8659259676933289 1
0.35200047492980957 0
0.3685126304626465 0
0.15875209867954254 0
0.18149173259735107 0
0.6873284578323364 1
0.19985012710094452 0
0.3591134548187256 0
0.40374404191970825 0
0.01171829178929329 0
0.6730180978775024 1
0.1899871826171875 0
0.6386442184448242 0
0.33239927887916565 0
0.10119466483592987 0
0.9115184545516968 1
0.6078460216522217 0
0.9453274011611938 0
0.6618295907974243 0
0.05705845355987549 0
0.33534950017929077 1
0.8284101486206055 0
0.9461414217948914 0
0.43070170283317566 0
0.43810391426086426 0
0.34654849767684937 1
0.3898890018463135 0
0.9620462656021118 0
0.1669776737689972 0
0.3085998296737671 0
0.5601394772529602 1
0.5015265941619873 0
0.9872393608093262 0
0.22021880745887756 0
0.05190032720565796 0
0.38296592235565186 1
0.8647467494010925 0
0.9477629661560059 0
0.35763585567474365 0
0.030227690935134888 0
0.37481969594955444 1
0.27793535590171814 0
0.9170665144920349 0
0.24204003810882568 0
0.03456979617476463 0
0.6433844566345215 1
0.5773780941963196 0
0.8411945700645447 0
0.5616384744644165 0
0.6985905170440674 0
0.6610238552093506 1
0.244004487991333 0
0.24157103896141052 0
0.41138193011283875 0
0.17253988981246948 0
0.6651694774627686 1
0.25528833270072937 0
0.35810503363609314 0
0.2500925362110138 0
0.5284916162490845 0
0.983391284942627 1
0.18489766120910645 0
0.33267712593078613 0
0.22965936362743378 0
0.4157944917678833 0
0.5153315663337708 1
4.762055687024258e-05 0
0.2282208651304245 0
0.3634241223335266 0
0.010058957152068615 0
0.6676898002624512 1
0.015522634610533714 0
0.29012006521224976 0
0.3247722387313843 0
0.032317668199539185 0
0.9897837042808533 1
0.145589217543602 0
0.0776199996471405 0
0.6514259576797485 0
0.05247199535369873 0
0.5705252885818481 1
0.3378485441207886 0
0.3334890305995941 0
0.3483635187149048 0
0.29390937089920044 0
0.6858067512512207 1
0.29974037408828735 0
0.3351474702358246 0
0.336599200963974 0
0.399261474609375 0
0.6453424692153931 1
0.061132799834012985 0
0.3285185396671295 0
0.16862456500530243 0
0.2022990584373474 0
0.6851798295974731 1
0.294833242893219 0
0.6536025404930115 0
0.005037198308855295 0
0.07867136597633362 0
0.5343185663223267 1
0.2949550151824951 0
0.3362923860549927 0
0.33152085542678833 0
0.0099767055362463 0
0.9016522765159607 1
0.660873293876648 0
0.9323832988739014 0
0.6649361848831177 0
0.5493994355201721 0
0.46252918243408203 1
0.3231513798236847 0
0.1030421257019043 0
0.34522831439971924 0
0.05091318488121033 0
0.6657803654670715 1
0.014015307649970055 0
0.355770081281662 0
0.29348477721214294 0
0.24268192052841187 0
0.6174790263175964 1
0.11784868687391281 0
0.6453803777694702 0
0.2973976135253906 0
0.06299271434545517 0
0.3646388053894043 1
0.08005312830209732 0
0.017654556781053543 0
0.23983266949653625 0
0.00047235001693479717 0
0.6228336691856384 1
0.012195205315947533 0
0.03610234707593918 0
0.32701271772384644 0
0.0317668579518795 0
0.7216495275497437 1
0.169355571269989 0
0.43190544843673706 0
0.599551796913147 0
0.008068358525633812 0
