0.052004702389240265 1
0.5071070790290833 1
0.48191654682159424 1
0.7822976112365723 1
0.16634446382522583 1
0.4919470548629761 1
0.656806468963623 1
0.04226219654083252 1
0.6511321067810059 1
0.24027979373931885 1
0.3901999890804291 1
0.2700151205062866 1
0.6439352035522461 1
0.7435562610626221 1
0.9513868689537048 1
0.304612934589386 1
0.002962770638987422 1
0.623971164226532 1
0.11977662146091461 1
0.9239593744277954 1
0.3194570541381836 1
0.4868049621582031 1
0.8645583987236023 1
0.0028734232764691114 0
0.002291868906468153 0
0.5524826645851135 0
0.0012222107034176588 0
0.1401371955871582 0
0.2894934117794037 0
0.0014524892903864384 0
0.0034069730900228024 0
0.2960515022277832 0
0.08717875927686691 0
0.18498936295509338 0
0.7939743399620056 0
4.715137038147077e-05 0
0.00047559861559420824 0
0.7138391733169556 0
0.0012994768330827355 0
0.00012221593351569027 0
0.40853750705718994 0
0.002435884438455105 0
0.0005643530748784542 0
0.496928870677948 0
0.022279895842075348 0
0.014621014706790447 0
0.33599063754081726 0
0.0009477936546318233 0
0.02297569438815117 0
0.34407204389572144 0
0.004477645270526409 0
0.008277712389826775 0
0.3292403817176819 0
0.007179246284067631 0
0.011228278279304504 0
0.323289692401886 0
0.005502983927726746 0
0.015054624527692795 0
0.33662939071655273 0
0.00888034701347351 0
0.0031688371673226357 0
0.3320219814777374 0
0.0002582666929811239 0
0.017187951132655144 0
0.4195311963558197 0
0.023201702162623405 0
0.0031425179913640022 0
0.4080238342285156 0
0.0025820655282586813 0
0.0034308338072150946 0
0.32145223021507263 0
0.007664661388844252 0
0.057520680129528046 0
0.33832985162734985 0
0.0020982837304472923 0
0.03085634857416153 0
0.3557281196117401 0
0.0020817387849092484 0
0.0056715975515544415 0
0.3990306258201599 0
0.010104050859808922 0
0.026940783485770226 0
0.5911077260971069 0
0.012350691482424736 0
0.02091090753674507 0
0.39098167419433594 0
0.004092141520231962 0
0.0026674631517380476 0
0.39113661646842957 0
0.23050861060619354 0
0.0008676220895722508 0
0.6828161478042603 0
0.6932308077812195 1
0.7864664793014526 1
0.5937855839729309 1
0.6858293414115906 1
0.7391449809074402 1
0.8526126742362976 1
0.8291244506835938 1
0.9211502075195312 1
0.7568975687026978 1
0.3958354592323303 1
0.5253837704658508 1
0.7234753370285034 1
0.3925071358680725 1
0.4193716049194336 1
0.3371606767177582 1
0.340145468711853 1
0.7853276133537292 1
0.3385882079601288 1
0.3450671434402466 1
0.3438647985458374 1
0.37282583117485046 1
0.6242337226867676 1
0.5878745317459106 1
