0.4423683285713196 1
0.5998717546463013 1
0.19232177734375 1
0.4162672758102417 1
0.08962912857532501 1
0.5583381652832031 1
0.7440158724784851 1
0.03968552500009537 1
0.5381911993026733 1
0.24774810671806335 1
0.3502795398235321 1
0.33051496744155884 1
0.5661544799804688 1
0.5851550102233887 1
0.9711360931396484 1
0.2716263234615326 1
0.00169720861595124 1
0.4086136817932129 1
0.11934830993413925 1
0.8224892616271973 1
0.29080963134765625 1
0.5535099506378174 1
0.9344981908798218 1
0.002046343171969056 0
0.0015350067988038063 0
0.42573282122612 0
0.0006173310102894902 0
0.09578795731067657 0
0.2133287489414215 0
0.0005410478916019201 0
0.0011194321559742093 0
0.1977023482322693 0
0.049139298498630524 0
0.008372105658054352 0
0.7436133623123169 0
0.00019109336426481605 0
0.0001435501326341182 0
0.6942498683929443 0
0.0011170830111950636 0
0.00011421069939387962 0
0.3095892369747162 0
0.0019517316250130534 0
0.00043222526437602937 0
0.4259202182292938 0
0.011279718950390816 0
0.004495161585509777 0
0.320842981338501 0
0.001727675087749958 0
0.008577474392950535 0
0.3212320804595947 0
0.006386333145201206 0
0.011610062792897224 0
0.33238816261291504 0
0.004612893797457218 0
0.0070978994481265545 0
0.3251786231994629 0
0.005076776258647442 0
0.019583767279982567 0
0.33551907539367676 0
0.0057940236292779446 0
0.0015936973504722118 0
0.3312129080295563 0
0.0011256905272603035 0
0.008673323318362236 0
0.323627769947052 0
0.010935443453490734 0
0.003179703839123249 0
0.3720669448375702 0
0.0011630994267761707 0
0.00042665863293223083 0
0.3391572833061218 0
0.008467196486890316 0
0.0205889530479908 0
0.35371360182762146 0
0.00017258751904591918 0
0.026731591671705246 0
0.3287503719329834 0
0.0005152602680027485 0
0.0012973968405276537 0
0.3520389497280121 0
0.011610760353505611 0
0.02612857148051262 0
0.5776011347770691 0
0.022723842412233353 0
0.025219734758138657 0
0.3298534154891968 0
0.003852706402540207 0
0.002783374395221472 0
0.4777947664260864 0
0.0317949503660202 0
0.0006009497446939349 0
0.632337212562561 0
0.6944447755813599 1
0.8355211615562439 1
0.5961552262306213 1
0.7036945223808289 1
0.7546979188919067 1
0.9441565275192261 1
0.9433602094650269 1
0.9478561878204346 1
0.8244530558586121 1
0.3386787176132202 1
0.6253483295440674 1
0.7833144068717957 1
0.3839896321296692 1
0.2152632474899292 1
0.5320512652397156 1
0.3488263487815857 1
0.8063755035400391 1
0.33414649963378906 1
0.35864922404289246 1
0.3185478746891022 1
0.38549232482910156 1
0.5785638093948364 1
0.5636899471282959 1
