0.520331084728241 1
0.2584584355354309 0
0.3442424237728119 0
0.317076176404953 0
0.34930747747421265 0
0.4601498544216156 1
0.32782337069511414 0
0.3426334857940674 0
0.35593438148498535 0
0.2830083668231964 0
0.37527498602867126 1
0.2946627140045166 0
0.33425280451774597 0
0.30732640624046326 0
0.20195719599723816 0
0.6486362814903259 1
0.464204877614975 0
0.6131106615066528 0
0.15259309113025665 0
0.2277105301618576 0
0.671201229095459 1
0.4705159068107605 0
0.5134559273719788 0
0.38410770893096924 0
0.5449429154396057 0
0.6666474342346191 1
0.5999448299407959 0
0.5039919018745422 0
0.35147154331207275 0
0.3423600196838379 0
0.44047245383262634 1
0.2464943826198578 0
0.45891425013542175 0
0.38108980655670166 0
0.3200797438621521 0
0.41059911251068115 1
0.1745586395263672 0
0.1009601503610611 0
0.3367701768875122 0
0.3907228112220764 0
0.3606373965740204 1
0.16912367939949036 0
0.4232548177242279 0
0.2744458317756653 0
0.327499121427536 0
0.6652562022209167 1
0.2296820729970932 0
0.4292899966239929 0
0.12171128392219543 0
0.11311466991901398 0
0.760628342628479 1
0.32589149475097656 0
0.33365410566329956 0
0.49721822142601013 0
0.3311159014701843 0
0.6366124153137207 1
0.30683088302612305 0
0.3340185582637787 0
0.30254003405570984 0
0.5577657222747803 0
0.5675785541534424 1
0.13439497351646423 0
0.3393041789531708 0
0.2586975693702698 0
0.2131873071193695 0
0.5144544243812561 1
0.47819992899894714 0
0.6314730644226074 0
0.3584527373313904 0
0.56798255443573 0
0.48650452494621277 1
0.3243917226791382 0
0.33365172147750854 0
0.3317621946334839 0
0.39414823055267334 0
0.4792046546936035 1
0.08484499901533127 0
0.4456976652145386 0
0.29438120126724243 0
0.14431479573249817 0
0.5546786189079285 1
0.49507972598075867 0
0.6020346879959106 0
0.5358800292015076 0
0.3311012089252472 0
0.34897786378860474 1
0.018188852816820145 0
0.37977978587150574 0
0.12996508181095123 0
0.44141167402267456 0
0.5133124589920044 1
0.0025073785800486803 0
0.10331112146377563 0
0.18708471953868866 0
0.11176812648773193 0
0.41453349590301514 1
0.007708503864705563 0
0.12316502630710602 0
0.010403363034129143 0
0.03387496992945671 0
0.23549877107143402 1
0.007602205034345388 0
0.02799217775464058 0
0.0056086257100105286 0
0.032642707228660583 0
0.659648060798645 1
0.2954515516757965 0
0.6623356342315674 0
0.14726167917251587 0
0.08703455328941345 0
0.5887588262557983 1
0.164363831281662 0
0.5345261693000793 0
0.040272314101457596 0
0.1507490575313568 0
0.28938156366348267 1
0.14357900619506836 0
0.3542631268501282 0
0.005471113137900829 0
0.013766402378678322 0
0.517154335975647 1
0.3306988477706909 0
0.5302431583404541 0
0.21795885264873505 0
0.39702939987182617 0
0.6288532018661499 1
0.1412578821182251 0
0.29614245891571045 0
0.3699641823768616 0
0.3990708291530609 0
0.24493932723999023 1
0.36107319593429565 0
0.5799154043197632 0
0.09535451233386993 0
0.3170911371707916 0
0.5335305333137512 1
0.00514355581253767 0
0.5322752594947815 0
0.26105445623397827 0
0.6325566172599792 0
0.5045239925384521 1
0.0029983380809426308 0
0.3552092909812927 0
0.19028884172439575 0
0.29255884885787964 0
0.21715816855430603 1
0.001316684763878584 0
0.12378452718257904 0
0.027948632836341858 0
0.2071145623922348 0
0.6544464826583862 1
0.06871677190065384 0
0.3227570652961731 0
0.004296936560422182 0
0.12293701618909836 0
0.5306789875030518 1
0.18248777091503143 0
0.2733426094055176 0
0.011773273348808289 0
0.0014317615423351526 0
0.4009195566177368 1
0.06655726581811905 0
0.10346418619155884 0
0.00146182207390666 0
0.0072913384065032005 0
0.2653624713420868 1
0.02365688793361187 0
0.15591587126255035 0
0.060732822865247726 0
0.04954102262854576 0
0.3256441354751587 1
0.0058341785334050655 0
0.05823080986738205 0
0.017452549189329147 0
0.03464031592011452 0
0.15166214108467102 1
0.010033215396106243 0
0.07253451645374298 0
0.0015175547450780869 0
0.008826911449432373 0
0.3419041335582733 1
0.03250258415937424 0
0.24041438102722168 0
0.30939483642578125 0
0.03588790073990822 0
0.2832375764846802 1
0.08804433047771454 0
0.34592223167419434 0
0.33148762583732605 0
0.1852295696735382 0
0.2234189510345459 1
0.23756903409957886 0
0.33833348751068115 0
0.3274056315422058 0
0.32036876678466797 0
0.3249834179878235 1
0.0005107830511406064 0
0.014033700339496136 0
0.23931896686553955 0
0.008585765957832336 0
0.3359331786632538 1
0.0011195202823728323 0
0.00938120111823082 0
0.07580790668725967 0
0.00972207635641098 0
0.25573039054870605 1
0.0007021142519079149 0
0.035080187022686005 0
0.008039034903049469 0
0.0633428767323494 0
0.6560880541801453 1
0.6162922978401184 0
0.5640416145324707 0
0.41122615337371826 0
0.12058939039707184 0
0.6544697880744934 1
0.3800656199455261 0
0.576565146446228 0
0.4637458324432373 0
0.2834480404853821 0
0.5378332138061523 1
0.32273799180984497 0
0.4303177297115326 0
0.08817499876022339 0
0.14580553770065308 0
0.6465139985084534 1
0.23466859757900238 0
0.3306732773780823 0
0.2993617653846741 0
0.001635438995435834 0
0.6412294507026672 1
0.13216999173164368 0
0.5314842462539673 0
0.2813873887062073 0
0.0038174944929778576 0
0.628912091255188 1
0.24386945366859436 0
0.6085960865020752 0
0.4892669916152954 0
0.17876097559928894 0
0.3530905842781067 1
0.43338972330093384 0
0.19176587462425232 0
0.32571089267730713 0
0.5585806369781494 0
0.3345280885696411 1
0.09814588725566864 0
0.0912342369556427 0
0.10285215079784393 0
0.3153539299964905 0
0.3370230793952942 1
0.03892839327454567 0
0.33158260583877563 0
0.2097824662923813 0
0.5200114250183105 0
0.45497438311576843 1
0.4472807049751282 0
0.30631154775619507 0
0.3052174150943756 0
0.15193015336990356 0
0.33789724111557007 1
0.20817820727825165 0
0.23752997815608978 0
0.02641241066157818 0
0.0048173945397138596 0
0.555985689163208 1
0.2581988275051117 0
0.39552927017211914 0
0.06450086086988449 0
0.6378110647201538 0
0.6533645391464233 1
0.04915706440806389 0
0.35159367322921753 0
0.37067121267318726 0
0.3253594934940338 0
0.4389999508857727 1
0.0600021593272686 0
0.35260912775993347 0
0.2823867201805115 0
0.3694530725479126 0
0.574306309223175 1
0.20476007461547852 0
0.33370086550712585 0
0.19348886609077454 0
0.332889586687088 0
0.5138829946517944 1
0.002242656657472253 0
0.33346766233444214 0
0.24695029854774475 0
0.07669218629598618 0
0.47566550970077515 1
0.006293382495641708 0
0.3418163061141968 0
0.13552863895893097 0
0.3425295352935791 0
0.6527719497680664 1
0.07801561057567596 0
0.28827357292175293 0
0.40139317512512207 0
0.3791660964488983 0
0.49491578340530396 1
0.3060837686061859 0
0.3856043815612793 0
0.3945663869380951 0
0.2709956765174866 0
0.4285128712654114 1
0.1401531845331192 0
0.4161342978477478 0
0.2833320200443268 0
0.28142815828323364 0
0.3405791223049164 1
0.14581888914108276 0
0.33702003955841064 0
0.059900861233472824 0
0.13435819745063782 0
0.6292126178741455 1
0.046721674501895905 0
0.4071458578109741 0
0.010176344774663448 0
0.0035681226290762424 0
0.32726556062698364 1
0.0275384820997715 0
0.14461611211299896 0
0.03565197438001633 0
0.44111984968185425 0
0.5874836444854736 1
0.518060028553009 0
0.6154398322105408 0
0.511078953742981 0
0.37933409214019775 0
0.3046025037765503 1
0.008698922581970692 0
0.017761263996362686 0
0.3406980633735657 0
0.06603884696960449 0
0.3809382915496826 1
0.003072974970564246 0
0.13332565128803253 0
0.13121406733989716 0
0.07202175259590149 0
0.3046223521232605 1
0.010535291396081448 0
0.480814665555954 0
0.06690845638513565 0
0.03781896084547043 0
0.2118971347808838 1
0.001681614900007844 0
0.009008392691612244 0
0.012923961505293846 0
0.010251374915242195 0
0.5495831966400146 1
0.003080721478909254 0
0.06642163544893265 0
0.020844807848334312 0
0.022202443331480026 0
0.45795851945877075 1
0.009127038531005383 0
0.29763609170913696 0
0.13942143321037292 0
0.27661654353141785 0
