0.17451155185699463 1
0.4639310836791992 1
0.21698015928268433 1
0.14065855741500854 1
0.05066339671611786 1
0.5051122903823853 1
0.6934107542037964 1
0.005668000318109989 1
0.6298990249633789 1
0.15180495381355286 1
0.3719726502895355 1
0.3014345169067383 1
0.38967573642730713 1
0.7219242453575134 1
0.9551388621330261 1
0.3430574834346771 1
0.05576067790389061 1
0.559025764465332 1
0.03251773864030838 1
0.6769460439682007 1
0.32778018712997437 1
0.670386016368866 1
0.7877994775772095 1
0.002214960753917694 0
0.0026406659744679928 0
0.3225805461406708 0
0.0005069127073511481 0
0.11116385459899902 0
0.30050235986709595 0
0.0018666856922209263 0
0.0020884948316961527 0
0.2655356526374817 0
0.10180472582578659 0
0.11681939661502838 0
0.7831425070762634 0
6.842947914265096e-05 0
0.00023356730525847524 0
0.6133754253387451 0
0.0026283347979187965 0
0.00047025398816913366 0
0.40303391218185425 0
0.00037147512193769217 0
0.0009363967692479491 0
0.5450645089149475 0
0.029053157195448875 0
0.003338047070428729 0
0.3524405360221863 0
0.0034144665114581585 0
0.019077885895967484 0
0.3355480134487152 0
0.002825408708304167 0
0.003867153078317642 0
0.33600685000419617 0
0.0033278572373092175 0
0.01800192892551422 0
0.3266373574733734 0
0.007692555896937847 0
0.011238520964980125 0
0.34185558557510376 0
0.0036257763858884573 0
0.003182470565661788 0
0.3247440457344055 0
0.0010399938328191638 0
0.019085444509983063 0
0.34796255826950073 0
0.03828815743327141 0
0.0036124191246926785 0
0.5253965854644775 0
0.0015027988702058792 0
0.003877200186252594 0
0.3657894730567932 0
0.009470812045037746 0
0.011777541600167751 0
0.38194090127944946 0
0.00028091639978811145 0
0.0636683776974678 0
0.3310900330543518 0
0.0006753185298293829 0
0.0014952176716178656 0
0.4385851323604584 0
0.014238907024264336 0
0.01162121444940567 0
0.6369774341583252 0
0.016365552321076393 0
0.024273443967103958 0
0.3745768070220947 0
0.003439446911215782 0
0.007956258952617645 0
0.5813552141189575 0
0.07763776928186417 0
0.0009729773737490177 0
0.6807443499565125 0
0.7039560675621033 1
0.8274837732315063 1
0.2582573890686035 1
0.7086712121963501 1
0.7273443937301636 1
0.8896788954734802 1
0.9180159568786621 1
0.8867897987365723 1
0.821574330329895 1
0.33458957076072693 1
0.7094442844390869 1
0.8107370734214783 1
0.38932105898857117 1
0.3749341368675232 1
0.6435035467147827 1
0.3667922914028168 1
0.7698401212692261 1
0.36457353830337524 1
0.4495423436164856 1
0.3343961238861084 1
0.39147064089775085 1
0.5641427040100098 1
0.5471827983856201 1
