0.48089274764060974 1
0.008404351770877838 0
0.08095055818557739 0
0.09105193614959717 0
0.24881550669670105 0
0.3220234811306 1
0.011508626863360405 0
0.09364831447601318 0
0.06729663908481598 0
0.01997389644384384 0
0.33214908838272095 1
0.007863151840865612 0
0.10290344059467316 0
0.029794689267873764 0
0.006599437445402145 0
0.7888810038566589 1
0.09760278463363647 0
0.2857586741447449 0
0.07005428522825241 0
0.2674678862094879 0
0.8054580688476562 1
0.5188652276992798 0
0.22066783905029297 0
0.3805171251296997 0
0.30992934107780457 0
0.7554166316986084 1
0.0309845432639122 0
0.30856430530548096 0
0.11210798472166061 0
0.12675857543945312 0
0.5338611602783203 1
0.004178314469754696 0
0.09701360762119293 0
0.12514840066432953 0
0.27276965975761414 0
0.37025511264801025 1
0.00138425687327981 0
0.00026614306261762977 0
0.06963823735713959 0
0.19162367284297943 0
0.38869473338127136 1
0.022472430020570755 0
0.36874920129776 0
0.01071547158062458 0
0.1091579794883728 0
0.7580060958862305 1
0.07671433687210083 0
0.08246976137161255 0
0.03725730627775192 0
0.021755730733275414 0
0.8659543991088867 1
0.03125552088022232 0
0.012454293668270111 0
0.08021654933691025 0
0.026392793282866478 0
0.17763739824295044 1
0.014602228999137878 0
0.17849956452846527 0
0.03641616180539131 0
0.15518653392791748 0
0.5725102424621582 1
0.030139824375510216 0
0.09496816247701645 0
0.06764917075634003 0
0.11195054650306702 0
0.6603543758392334 1
0.4467428922653198 0
0.35846197605133057 0
0.3112383484840393 0
0.6592493653297424 0
0.41021928191185 1
0.03700375556945801 0
0.05512988567352295 0
0.14412939548492432 0
0.18523454666137695 0
0.41497060656547546 1
0.005118568893522024 0
0.05122983083128929 0
0.02248966321349144 0
0.03403615206480026 0
0.43918728828430176 1
0.09547071158885956 0
0.046538107097148895 0
0.8051073551177979 0
0.2625586986541748 0
0.3758726119995117 1
0.0006471428787335753 0
0.07247616350650787 0
0.006041747517883778 0
0.024683741852641106 0
0.42631906270980835 1
0.0007669874466955662 0
0.0025124361272901297 0
0.012009471654891968 0
0.012603211216628551 0
0.5116372108459473 1
0.001467792666517198 0
0.003716177074238658 0
0.01719266176223755 0
0.0012102739419788122 0
0.14932923018932343 1
0.0023126411251723766 0
0.0024902126751840115 0
0.006093132309615612 0
0.001789310248568654 0
0.7549777030944824 1
0.004157335497438908 0
0.31453219056129456 0
0.004818917717784643 0
0.010945345275104046 0
0.6924765110015869 1
0.0012113910634070635 0
0.0027127782814204693 0
0.024285858497023582 0
0.0394868440926075 0
0.26724934577941895 1
0.0036717772018164396 0
0.036776505410671234 0
0.003912759013473988 0
0.005989838391542435 0
0.5559204816818237 1
0.0004182718403171748 0
0.001205827691592276 0
0.016349028795957565 0
0.4228377342224121 0
0.8404785990715027 1
0.0034762276336550713 0
0.003663039766252041 0
0.02059105411171913 0
0.43407711386680603 0
0.24624967575073242 1
0.00912564154714346 0
0.036023881286382675 0
0.0018860709387809038 0
0.023762237280607224 0
0.15455445647239685 1
0.0019369949586689472 0
0.09542366117238998 0
0.07352039963006973 0
0.06831766664981842 0
0.3601764142513275 1
0.0023791163694113493 0
0.340492308139801 0
0.07469251751899719 0
0.0014540636911988258 0
0.0909581184387207 1
0.0010833170963451266 0
0.03647685796022415 0
0.0036014036741107702 0
0.010368590243160725 0
0.6704139709472656 1
0.003049718914553523 0
0.004252958111464977 0
0.0030913702212274075 0
0.0236141886562109 0
0.4585421085357666 1
0.005306006874889135 0
0.001402721623890102 0
0.016448209062218666 0
0.0010875065345317125 0
0.17805948853492737 1
0.0014339808840304613 0
0.009096786379814148 0
0.0031638198997825384 0
0.0027875290252268314 0
0.0035882783122360706 1
0.0026735574938356876 0
0.00757068395614624 0
0.012218328192830086 0
0.0037681569810956717 0
0.03356732055544853 1
0.0008075413061305881 0
0.0034683807753026485 0
0.005208845250308514 0
0.0032450424041599035 0
0.025881191715598106 1
0.0014473488554358482 0
0.010380151681602001 0
0.0024067300837486982 0
0.002566820941865444 0
0.14851200580596924 1
5.138269261806272e-05 0
0.00022680038819089532 0
0.01606682501733303 0
7.183037087088451e-05 0
0.0006218780181370676 1
0.00014849923900328577 0
0.0014735896838828921 0
0.1119718998670578 0
0.0003443151363171637 0
0.0822872444987297 1
0.004508805926889181 0
0.3077300488948822 0
0.11102127283811569 0
0.04425015673041344 0
0.005888331215828657 1
0.0003062863543163985 0
0.00026194273959845304 0
0.006919815205037594 0
0.0002588596544228494 0
0.0005628127255477011 1
4.4517568312585354e-05 0
2.1841469788341783e-05 0
0.00017373799346387386 0
2.082524952129461e-05 0
0.05991029739379883 1
8.342356159118935e-05 0
0.0005345832323655486 0
0.0007939640781842172 0
0.00039392849430441856 0
0.8857845664024353 1
0.0036279147025197744 0
0.002649039728567004 0
0.003298343624919653 0
5.852388130733743e-05 0
0.8046263456344604 1
0.001224667765200138 0
0.019972875714302063 0
0.4584423303604126 0
0.0006097762961871922 0
0.6938273906707764 1
0.004242563154548407 0
0.18685531616210938 0
0.022329337894916534 0
0.00896335206925869 0
0.045642971992492676 1
0.00011023662227671593 0
0.00024403473071288317 0
0.005239265970885754 0
0.00019565745606087148 0
0.05693487077951431 1
0.0002540957648307085 0
0.001108805532567203 0
0.0004268519696779549 0
1.512330345576629e-05 0
0.2585841119289398 1
0.0012712635798379779 0
0.015021154657006264 0
0.00964350812137127 0
0.00026008550776168704 0
0.29984980821609497 1
0.0015057423152029514 0
0.002338506281375885 0
0.00024810369359329343 0
0.0005606190534308553 0
0.025469698011875153 1
0.0025637124199420214 0
0.0033060661517083645 0
0.00024894956732168794 0
0.007270231377333403 0
0.1477774679660797 1
0.003808866022154689 0
0.030048541724681854 0
0.0013753517996519804 0
0.012007849290966988 0
0.06992481648921967 1
0.009117581881582737 0
0.008837084285914898 0
0.0025703473947942257 0
0.00021971401292830706 0
0.0168247539550066 1
0.003212535288184881 0
0.00994245707988739 0
0.0004968412686139345 0
5.628128747048322e-06 0
0.4014371335506439 1
0.010461507365107536 0
0.08393417298793793 0
0.0010300506837666035 0
0.021056372672319412 0
0.5196218490600586 1
6.674017640762031e-05 0
0.008576365187764168 0
0.0006277664215303957 0
2.9558439564425498e-05 0
0.011991729959845543 1
8.432135655311868e-05 0
0.38571569323539734 0
0.008257974870502949 0
0.0006355091463774443 0
0.24517378211021423 1
0.04356639087200165 0
0.15652768313884735 0
0.03873836249113083 0
0.04388154298067093 0
0.00042783815297298133 1
0.0022475451696664095 0
0.0024488423950970173 0
0.0014327089302241802 0
0.00010399775055702776 0
0.011255554854869843 1
0.00031944995862431824 0
0.027283702045679092 0
0.0003080301685258746 0
0.00023294489074032754 0
0.49165982007980347 1
0.0003034526598639786 0
0.009854979813098907 0
0.0009442358277738094 0
0.0004896568134427071 0
0.3738905191421509 1
0.0002572326338849962 0
0.00021199905313551426 0
0.00018506169726606458 0
0.00010273624502588063 0
0.00453654769808054 1
0.0012305134441703558 0
0.0003056834975723177 0
0.013790428638458252 0
0.0034857033751904964 0
0.3850671648979187 1
0.006144107319414616 0
0.13933201134204865 0
0.006737455725669861 0
0.007404649164527655 0
0.2741570770740509 1
5.890159081900492e-05 0
0.00010199133976129815 0
5.4846004786668345e-05 0
0.000328134949086234 0
0.004848710261285305 1
6.941011088201776e-05 0
7.277316035469994e-05 0
2.375180702074431e-05 0
0.0008749939734116197 0
0.41502928733825684 1
0.003970989491790533 0
0.06993818283081055 0
0.0028911633417010307 0
0.00031363623565994203 0
0.0010591684840619564 1
0.00010501217911951244 0
0.001547076739370823 0
0.0008576947147957981 0
0.00021500802540685982 0
0.047845762223005295 1
0.0001977501524379477 0
0.03977423161268234 0
0.001615620101802051 0
0.0005567591870203614 0
0.2679281234741211 1
0.0003636525652837008 0
0.11616410315036774 0
0.005900263320654631 0
0.0052129123359918594 0
0.000498408917337656 1
9.310894529335201e-05 0
0.0004344343615230173 0
0.002883004490286112 0
0.0001552952453494072 0
0.001070010825060308 1
0.0003034845576621592 0
0.0004360186285339296 0
0.0003943495103158057 0
0.00015581405023112893 0
0.04129291698336601 1
0.00044251332292333245 0
0.00392360333353281 0
0.004524977412074804 0
0.00032268682844005525 0
