0.9999383687973022 1
0.07173185050487518 0
0.44482988119125366 0
0.15251252055168152 0
0.9405425786972046 0
0.9758269786834717 1
0.006286777090281248 0
0.2527185380458832 0
0.4376037120819092 0
0.8728734850883484 0
0.9996976852416992 1
0.042911745607852936 0
0.4845690131187439 0
0.2540209889411926 0
0.4172213673591614 0
0.9999386072158813 1
0.47161155939102173 0
0.9039163589477539 0
0.10786038637161255 0
0.9829515218734741 0
0.9565805196762085 1
0.8453273773193359 0
0.8790632486343384 0
0.8877607583999634 0
0.9689037799835205 0
0.9999603033065796 1
0.8126509189605713 0
0.9817491769790649 0
0.9480721354484558 0
0.9991490244865417 0
0.9924800395965576 1
0.13855189085006714 0
0.8264374732971191 0
0.02568441443145275 0
0.4662369191646576 0
0.9971417188644409 1
0.11656897515058517 0
0.03412145376205444 0
0.013153566978871822 0
0.7573881149291992 0
0.999440610408783 1
0.5478048920631409 0
0.9124335050582886 0
0.0046537467278540134 0
0.4948364496231079 0
0.9999361038208008 1
0.14790868759155273 0
0.6159495711326599 0
0.05800667032599449 0
0.9098566770553589 0
0.9918533563613892 1
0.1950950026512146 0
0.12173476070165634 0
0.9552580118179321 0
0.7580475807189941 0
0.9996399879455566 1
0.18980590999126434 0
0.4826986491680145 0
0.6680212020874023 0
0.9963347911834717 0
0.9999103546142578 1
0.04684293270111084 0
0.001993897370994091 0
0.18905805051326752 0
0.8525066375732422 0
0.9973126649856567 1
0.9903062582015991 0
0.9951452016830444 0
0.9787777662277222 0
0.9946237802505493 0
0.9999842047691345 1
0.6951936483383179 0
0.03838988021016121 0
0.9197146892547607 0
0.9992532730102539 0
0.9991220235824585 1
0.10517770051956177 0
0.6391972303390503 0
0.5407538414001465 0
0.9931659698486328 0
0.9982015490531921 1
0.18776851892471313 0
0.031215205788612366 0
0.9996485114097595 0
0.9267816543579102 0
0.9997791051864624 1
0.0016606993740424514 0
0.10450663417577744 0
0.9146343469619751 0
0.9826925992965698 0
0.9975107908248901 1
9.165877418126911e-05 0
0.00016036305169109255 0
0.004412934184074402 0
0.003084874479100108 0
0.9999440908432007 1
0.0002283121575601399 0
0.008598919957876205 0
0.004784105811268091 0
0.004753218498080969 0
0.7692984342575073 1
0.0008351159631274641 0
0.007127980701625347 0
0.000795653264503926 0
0.005918612703680992 0
0.9999637603759766 1
0.0019707446917891502 0
0.9079465270042419 0
0.0411132276058197 0
0.0012643118388950825 0
0.9992496967315674 1
0.00659932941198349 0
0.5492031574249268 0
0.009242378175258636 0
0.004559936001896858 0
0.9998060464859009 1
0.010134022682905197 0
0.8081671595573425 0
0.00035128556191921234 0
0.00225404417142272 0
0.9974851608276367 1
0.006677337922155857 0
0.8167018890380859 0
0.2543654143810272 0
0.027195516973733902 0
0.9997236728668213 1
0.036588527262210846 0
0.8753538131713867 0
0.03128489851951599 0
0.09069397300481796 0
0.8702136278152466 1
0.884760856628418 0
0.9836387038230896 0
0.004370116628706455 0
0.03585044667124748 0
0.9447190761566162 1
0.00040048896335065365 0
0.0027401940897107124 0
0.8939203023910522 0
0.016159137710928917 0
0.9998631477355957 1
0.002756825415417552 0
0.9523695707321167 0
0.9453439116477966 0
0.008018828928470612 0
0.9918498992919922 1
0.0014238681178539991 0
0.09304951876401901 0
0.03134298324584961 0
0.04083486646413803 0
0.9999343156814575 1
0.001190513838082552 0
0.040622591972351074 0
0.0010325072798877954 0
0.0053205788135528564 0
0.9996310472488403 1
0.004814608953893185 0
0.0847996324300766 0
0.018677573651075363 0
0.0003648616839200258 0
0.9990540742874146 1
0.003520467085763812 0
0.07299910485744476 0
0.0003517864679452032 0
0.004211056977510452 0
0.9320375323295593 1
0.0007228743052110076 0
0.005347628146409988 0
0.007374630309641361 0
0.026765774935483932 0
0.9968394637107849 1
3.9828541048336774e-05 0
0.0011207286734133959 0
0.010179752483963966 0
0.05666571855545044 0
0.940844714641571 1
0.000497126835398376 0
0.0151005107909441 0
0.0003873296082019806 0
0.002229772973805666 0
0.9984404444694519 1
0.0006550502730533481 0
0.4698689877986908 0
0.4590897560119629 0
0.0005331694846972823 0
0.992931067943573 1
0.00039336056215688586 0
0.8623303174972534 0
0.6840671300888062 0
0.053865280002355576 0
0.9914319515228271 1
0.5569968223571777 0
0.981124758720398 0
0.4737424850463867 0
0.9596039652824402 0
0.9690408706665039 1
0.00017923107952810824 0
0.007483799941837788 0
0.2820497751235962 0
0.0004398651362862438 0
0.9940091967582703 1
0.00029454645118676126 0
0.001387469470500946 0
0.011117937043309212 0
7.027145329630002e-05 0
0.9739663600921631 1
9.069986845133826e-05 0
0.014646979048848152 0
0.0035349833779037 0
0.002931760624051094 0
0.9976273775100708 1
0.3267614245414734 0
0.9995031356811523 0
0.76898592710495 0
0.0010813364060595632 0
0.9999583959579468 1
0.009889176115393639 0
0.9962962865829468 0
0.9470261335372925 0
0.37638169527053833 0
0.9957146644592285 1
0.8652793169021606 0
0.9211348295211792 0
0.21594858169555664 0
0.28558945655822754 0
0.9995269775390625 1
0.00024655312881805 0
0.023113690316677094 0
0.1349027454853058 0
0.00010353070683777332 0
0.9988855719566345 1
0.0015405218582600355 0
0.9563905000686646 0
0.27142322063446045 0
0.0004354972334112972 0
0.9839693903923035 1
0.03615400940179825 0
0.9601606726646423 0
0.5706764459609985 0
0.001580494805239141 0
0.9895867109298706 1
0.05668650567531586 0
0.02831941843032837 0
0.004743817262351513 0
0.02033368870615959 0
0.9710098505020142 1
0.37398701906204224 0
0.3075180649757385 0
0.0019101606449112296 0
0.01390824280679226 0
0.9091192483901978 1
0.11441828310489655 0
0.5147348642349243 0
0.4277249276638031 0
0.1883552372455597 0
0.9862112402915955 1
0.34910690784454346 0
0.42668771743774414 0
0.029077861458063126 0
0.000799449859187007 0
0.8762568831443787 1
0.7037744522094727 0
0.9183692336082458 0
0.0027117845602333546 0
0.0002584118046797812 0
0.9812500476837158 1
0.5949880480766296 0
0.5676721334457397 0
0.008618900552392006 0
0.27550944685935974 0
0.9973673224449158 1
0.0001296674890909344 0
0.6725783348083496 0
0.23080593347549438 0
0.0009801769629120827 0
0.9384431838989258 1
0.023369573056697845 0
0.997899055480957 0
0.9987263679504395 0
0.643716037273407 0
0.9804734587669373 1
0.702830970287323 0
0.8389028310775757 0
0.9811415672302246 0
0.8216910362243652 0
0.04121234640479088 1
0.00013264911831356585 0
0.045102667063474655 0
0.7989827990531921 0
0.00039125868352130055 0
0.9944133758544922 1
0.0004707546322606504 0
0.15873587131500244 0
0.006403625942766666 0
0.0013060829369351268 0
0.9930858016014099 1
0.0002835288760252297 0
0.05251079425215721 0
0.06532932817935944 0
0.0016900267219170928 0
0.9984688758850098 1
0.13425785303115845 0
0.6044139266014099 0
0.3276709318161011 0
0.007465285714715719 0
0.9997174143791199 1
0.026501622051000595 0
0.4500904083251953 0
0.9967648386955261 0
0.9148406982421875 0
0.9991402626037598 1
0.021447209641337395 0
0.7802984118461609 0
0.49551981687545776 0
0.421701043844223 0
0.9987158179283142 1
0.0005863523110747337 0
0.5643751621246338 0
6.184835910971742e-06 0
0.0004187026934232563 0
0.9692324995994568 1
0.002152479952201247 0
0.27321916818618774 0
0.005983634851872921 0
0.00019329282804392278 0
0.9770953059196472 1
0.11130903661251068 0
0.9353427290916443 0
0.28219494223594666 0
0.012481271289288998 0
0.8371810913085938 1
0.0006445789476856589 0
0.7655462026596069 0
0.21608436107635498 0
0.0001723088789731264 0
0.9963551759719849 1
0.0008044549031183124 0
0.9618370532989502 0
0.8493031859397888 0
0.21517710387706757 0
0.9958049058914185 1
0.01500089280307293 0
0.9844115972518921 0
0.531366229057312 0
0.8201385736465454 0
0.08508417010307312 1
0.00012413272634148598 0
0.0011254799319431186 0
0.2667020857334137 0
5.6538960052421317e-05 0
0.2587529718875885 1
0.00018172092677559704 0
0.0048089115880429745 0
0.006846927106380463 0
0.00040890436503104866 0
0.9103567600250244 1
0.001901198411360383 0
0.0009884166065603495 0
0.025844290852546692 0
0.0008678501471877098 0
