0.19517889618873596 1
0.27105844020843506 1
0.12842385470867157 1
0.18295717239379883 1
0.07381570339202881 1
0.2794218063354492 1
0.4313700795173645 1
0.011255651712417603 1
0.3679564595222473 1
0.1331462562084198 1
0.1898270845413208 1
0.10758786648511887 1
0.25541940331459045 1
0.48509082198143005 1
0.8315302729606628 1
0.2905116379261017 1
0.0019383016042411327 1
0.13508568704128265 1
0.021050339564681053 1
0.4047752618789673 1
0.08837725967168808 1
0.10303135216236115 1
0.7745396494865417 1
0.0017746691592037678 0
0.000735944602638483 0
0.30737006664276123 0
0.0012860214337706566 0
0.05765615403652191 0
0.303440123796463 0
0.0004557962529361248 0
0.0006647959817200899 0
0.08765890449285507 0
0.017216838896274567 0
0.0028277416713535786 0
0.5017068386077881 0
0.00016654032515361905 0
0.0005275864969007671 0
0.683891773223877 0
0.0002830970915965736 0
0.00014057516818866134 0
0.23244118690490723 0
0.00019399216398596764 0
0.0004695290408562869 0
0.3429211378097534 0
0.002025079680606723 0
0.003436635946854949 0
0.3215551972389221 0
0.0002352245937800035 0
0.004223796539008617 0
0.22584092617034912 0
0.000650503789074719 0
0.0014678718289360404 0
0.29950737953186035 0
0.0012325139250606298 0
0.002629589755088091 0
0.2805478572845459 0
0.01312544010579586 0
0.004518735222518444 0
0.3322850167751312 0
0.008346695452928543 0
0.0016335775144398212 0
0.33472177386283875 0
0.0011135762324556708 0
0.007720921188592911 0
0.3524967432022095 0
0.019703790545463562 0
0.004014043137431145 0
0.42564237117767334 0
0.0015420271083712578 0
0.0014003649121150374 0
0.3540804386138916 0
0.003035356057807803 0
0.00278018182143569 0
0.3598986566066742 0
0.0004593374615069479 0
0.006160689517855644 0
0.3010949492454529 0
0.0009515173151157796 0
0.0013760998845100403 0
0.3523660898208618 0
0.00965460017323494 0
0.005882223602384329 0
0.3102722764015198 0
0.001707234769128263 0
0.006913164164870977 0
0.1519705355167389 0
0.007517394609749317 0
0.0049662115052342415 0
0.622653603553772 0
0.013056974858045578 0
0.0011835229815915227 0
0.6835582256317139 0
0.6706201434135437 1
0.8114237785339355 1
0.06260643899440765 1
0.47669100761413574 1
0.8714230060577393 1
0.862821102142334 1
0.8959821462631226 1
0.9506111145019531 1
0.797463595867157 1
0.318155437707901 1
0.3464052677154541 1
0.6694735884666443 1
0.35821831226348877 1
0.3385171890258789 1
0.43171200156211853 1
0.3392940163612366 1
0.6527050137519836 1
0.2982354760169983 1
0.3398958444595337 1
0.28314295411109924 1
0.4874303936958313 1
0.5088887214660645 1
0.3566015660762787 1
