0.42123734951019287 1
0.5870912671089172 1
0.12418630719184875 1
0.6802710890769958 1
0.029403865337371826 1
0.6016101837158203 1
0.64289391040802 1
0.061598993837833405 1
0.6085749864578247 1
0.2711598575115204 1
0.30271023511886597 1
0.21684227883815765 1
0.37507638335227966 1
0.6121479272842407 1
0.9695165157318115 1
0.21921011805534363 1
0.0021894255187362432 1
0.5721681714057922 1
0.020094551146030426 1
0.7536214590072632 1
0.24475054442882538 1
0.4883963465690613 1
0.6929242014884949 1
0.0013387635117396712 0
0.0005925442092120647 0
0.5939934253692627 0
0.0022959718480706215 0
0.0762394592165947 0
0.17470070719718933 0
0.00044365040957927704 0
0.0018714622128754854 0
0.025056472048163414 0
0.0022286747116595507 0
0.002504618838429451 0
0.7517463564872742 0
0.00013890350237488747 0
0.0003606794052757323 0
0.9369670152664185 0
0.0008760876953601837 0
0.00019549437274690717 0
0.19069600105285645 0
0.00030661249184049666 0
0.0008834273321554065 0
0.38802701234817505 0
0.009599433280527592 0
0.0016538647469133139 0
0.306252658367157 0
0.0008206632919609547 0
0.0022353841923177242 0
0.3183431923389435 0
0.0008923913701437414 0
0.0018913400126621127 0
0.28429004549980164 0
0.0028963626828044653 0
0.0023851788137108088 0
0.3195447325706482 0
0.015986334532499313 0
0.019176790490746498 0
0.33873456716537476 0
0.0062533048912882805 0
0.002407938474789262 0
0.34353601932525635 0
0.0009089225204661489 0
0.016928929835557938 0
0.2867642045021057 0
0.011735325679183006 0
0.01163269393146038 0
0.35516461730003357 0
0.002128391293808818 0
0.004097525961697102 0
0.3609822392463684 0
0.002311987103894353 0
0.005282790865749121 0
0.4301992654800415 0
0.001155190053395927 0
0.005819914396852255 0
0.2806265652179718 0
0.0007531305309385061 0
0.0010744549799710512 0
0.3280426859855652 0
0.0037989425472915173 0
0.008106191642582417 0
0.5510722398757935 0
0.007567602209746838 0
0.014880411326885223 0
0.37108421325683594 0
0.0057565001770854 0
0.0073323724791407585 0
0.6627730131149292 0
0.20958203077316284 0
0.0008441186510026455 0
0.672714114189148 0
0.6999754309654236 1
0.8152936697006226 1
0.3731502890586853 1
0.6913556456565857 1
0.9289083480834961 1
0.9819097518920898 1
0.9957994818687439 1
0.9892169237136841 1
0.7949488162994385 1
0.46026116609573364 1
0.4519675374031067 1
0.908507227897644 1
0.3555562198162079 1
0.320087730884552 1
0.4035260081291199 1
0.3499169945716858 1
0.9512037038803101 1
0.32846999168395996 1
0.46057480573654175 1
0.3250455856323242 1
0.43368256092071533 1
0.5306249856948853 1
0.6204301714897156 1
