0.0905337929725647 1
0.5519719123840332 1
0.3134918808937073 1
0.42184779047966003 1
0.0006265671108849347 1
0.43333789706230164 1
0.8920568227767944 1
0.01307115238159895 1
0.6056106686592102 1
0.25072211027145386 1
0.36658772826194763 1
0.1602228432893753 1
0.49187636375427246 1
0.6890840530395508 1
0.0985286682844162 1
0.3343976140022278 1
0.00360962375998497 1
0.6301810145378113 1
0.10627620667219162 1
0.7256914973258972 1
0.33795738220214844 1
0.24473389983177185 1
0.8725824356079102 1
0.0030636570882052183 0
0.0015300409868359566 0
0.5395288467407227 0
0.0004797157598659396 0
0.03494668006896973 0
0.3160446584224701 0
0.004459718242287636 0
0.0026348838582634926 0
0.25739383697509766 0
0.027458030730485916 0
0.03797387704253197 0
0.6446267366409302 0
5.090982813271694e-05 0
0.000338102865498513 0
0.6988831758499146 0
0.0018917917041108012 0
0.0001839081960497424 0
0.34955358505249023 0
0.0006596052553504705 0
0.001132485456764698 0
0.426872581243515 0
0.00839228369295597 0
0.0013534424360841513 0
0.3321932554244995 0
0.0017601836007088423 0
0.01351089682430029 0
0.2808927297592163 0
0.002154063433408737 0
0.004494549706578255 0
0.33287808299064636 0
0.003271594410762191 0
0.03236149996519089 0
0.3110975921154022 0
0.002406616462394595 0
0.008209769614040852 0
0.3360273540019989 0
0.004104623105376959 0
0.002465806668624282 0
0.3308272063732147 0
0.0005793861346319318 0
0.022121313959360123 0
0.3361130654811859 0
0.03209012374281883 0
0.002483933698385954 0
0.36263489723205566 0
0.0020443210378289223 0
0.0005815259646624327 0
0.2928893268108368 0
0.011028153821825981 0
0.007460687309503555 0
0.3868393301963806 0
0.00048351509030908346 0
0.022871633991599083 0
0.3483019769191742 0
0.00034395011607557535 0
0.002295568585395813 0
0.356828510761261 0
0.010974202305078506 0
0.008761478587985039 0
0.6279144883155823 0
0.01675044745206833 0
0.035389192402362823 0
0.36320316791534424 0
0.0018876920221373439 0
0.008125660941004753 0
0.5532494783401489 0
0.11279823631048203 0
0.0004731685621663928 0
0.702217698097229 0
0.7012295126914978 1
0.8126964569091797 1
0.4442722797393799 1
0.7334582209587097 1
0.6963693499565125 1
0.8343446254730225 1
0.8605163097381592 1
0.9239202737808228 1
0.7754399180412292 1
0.37994953989982605 1
0.6609886288642883 1
0.8097442984580994 1
0.3751372694969177 1
0.4086857736110687 1
0.4141363799571991 1
0.3390660285949707 1
0.8185195326805115 1
0.3051505386829376 1
0.3856540620326996 1
0.3135312795639038 1
0.6312025189399719 1
0.704908549785614 1
0.6318464279174805 1
