0.9985324740409851 1
0.055231865495443344 0
0.21169273555278778 0
0.03912666440010071 0
0.14866521954536438 0
0.9782977104187012 1
0.04530271142721176 0
0.7129656076431274 0
0.3914956748485565 0
0.9944267272949219 0
0.9998652338981628 1
0.3317214250564575 0
0.8008939623832703 0
0.23209333419799805 0
0.4356023669242859 0
0.9996845722198486 1
0.5418263673782349 0
0.9485524892807007 0
0.5313268899917603 0
0.9073368310928345 0
0.996828556060791 1
0.5533667206764221 0
0.9441655874252319 0
0.9864574670791626 0
0.9617671370506287 0
0.9999723434448242 1
0.9409264326095581 0
0.996433436870575 0
0.887820839881897 0
0.999764621257782 0
0.9817265272140503 1
0.08816540241241455 0
0.9491276741027832 0
0.054723791778087616 0
0.004064951092004776 0
0.9997951984405518 1
0.47608697414398193 0
0.12396856397390366 0
0.0062672896310687065 0
0.26515012979507446 0
0.996859073638916 1
0.9500378370285034 0
0.9875682592391968 0
0.0024076930712908506 0
0.008803514763712883 0
0.9999045133590698 1
0.11759106814861298 0
0.26052743196487427 0
0.13133755326271057 0
0.8291820883750916 0
0.9728121161460876 1
0.6606546640396118 0
0.23211002349853516 0
0.9765033721923828 0
0.9891551733016968 0
0.9999620318412781 1
0.632259726524353 0
0.594700276851654 0
0.9732389450073242 0
0.9993982315063477 0
0.9993137121200562 1
0.07375891506671906 0
0.012372860684990883 0
0.041301969438791275 0
0.2973659038543701 0
0.9983763694763184 1
0.9888424277305603 0
0.9966765642166138 0
0.9448170065879822 0
0.9982299208641052 0
0.9998891353607178 1
0.3924959599971771 0
0.07088436186313629 0
0.7507646083831787 0
0.9553898572921753 0
0.9995731711387634 1
0.6101908087730408 0
0.38222736120224 0
0.8680831789970398 0
0.8810629844665527 0
0.9963134527206421 1
0.1664130985736847 0
0.0029237454291433096 0
0.9984618425369263 0
0.8416740298271179 0
0.9998728036880493 1
0.29002121090888977 0
0.4697234630584717 0
0.9971350431442261 0
0.9697271585464478 0
0.979057788848877 1
0.0003533835697453469 0
0.025257863104343414 0
0.40669554471969604 0
0.05684612691402435 0
0.997368574142456 1
0.007745267357677221 0
0.7798267602920532 0
0.05962107330560684 0
0.6378108859062195 0
0.9959211349487305 1
0.012931251898407936 0
0.5924280881881714 0
0.027254436165094376 0
0.21401795744895935 0
0.9999502897262573 1
0.1822131872177124 0
0.9988359212875366 0
0.7926831245422363 0
0.020507080480456352 0
0.9999002814292908 1
0.5314627289772034 0
0.998265266418457 0
0.31164979934692383 0
0.14510363340377808 0
0.9998383522033691 1
0.3619617819786072 0
0.998052716255188 0
0.050781648606061935 0
0.0487089678645134 0
0.9964112639427185 1
0.05889066681265831 0
0.9811497926712036 0
0.994137704372406 0
0.23112976551055908 0
0.996813952922821 1
0.06436105072498322 0
0.9943839907646179 0
0.951063871383667 0
0.863336443901062 0
0.982016921043396 1
0.6331343054771423 0
0.9994158148765564 0
0.17906324565410614 0
0.2628862261772156 0
0.9995682239532471 1
0.03854317218065262 0
0.9102791547775269 0
0.9652718901634216 0
0.3537352681159973 0
0.9998103380203247 1
0.13475513458251953 0
0.3797904849052429 0
0.9889475107192993 0
0.6721937656402588 0
0.9982703924179077 1
0.03750654682517052 0
0.20208895206451416 0
0.5740920305252075 0
0.43932121992111206 0
0.9997563362121582 1
0.05420524626970291 0
0.7296132445335388 0
0.022219564765691757 0
0.2473888099193573 0
0.9998111724853516 1
0.19138655066490173 0
0.850524365901947 0
0.3791520297527313 0
0.0019035282311961055 0
0.9967617988586426 1
0.16788999736309052 0
0.7678227424621582 0
0.006379337515681982 0
0.010384391993284225 0
0.988410472869873 1
0.0014868787257000804 0
0.21725893020629883 0
0.1958337426185608 0
0.022667262703180313 0
0.9996951818466187 1
0.0008378650527447462 0
0.07752128690481186 0
0.24584738910198212 0
0.006884987466037273 0
0.9438614845275879 1
0.004009990021586418 0
0.12685507535934448 0
0.0010731731308624148 0
0.003713269717991352 0
0.9896926879882812 1
0.7526981234550476 0
0.9910595417022705 0
0.9290746450424194 0
0.022401249036192894 0
0.9995905756950378 1
0.7153338193893433 0
0.9933747053146362 0
0.9759114980697632 0
0.9623214602470398 0
0.9706816077232361 1
0.9831929206848145 0
0.9439966678619385 0
0.0935288816690445 0
0.5413576364517212 0
0.8643814325332642 1
0.002690067980438471 0
0.11381450295448303 0
0.8866702914237976 0
0.01071902271360159 0
0.9970005750656128 1
0.004885293543338776 0
0.23953309655189514 0
0.6906365752220154 0
0.0012533084955066442 0
0.9463931918144226 1
0.006846513599157333 0
0.3042653501033783 0
0.15629659593105316 0
0.038121696561574936 0
0.999586284160614 1
0.9383437037467957 0
0.9999278783798218 0
0.9990266561508179 0
0.0030241943895816803 0
0.999984860420227 1
0.9268467426300049 0
0.9998898506164551 0
0.9979071021080017 0
0.978604257106781 0
0.9995225667953491 1
0.9892820715904236 0
0.9279825091362 0
0.37495893239974976 0
0.6678484678268433 0
0.9999089241027832 1
0.009149597026407719 0
0.41291818022727966 0
0.9938099384307861 0
0.0016934642335399985 0
0.9999674558639526 1
0.19643542170524597 0
0.9997891187667847 0
0.9956488609313965 0
0.0037298870738595724 0
0.997325599193573 1
0.6809160113334656 0
0.9931070804595947 0
0.9992132186889648 0
0.07777674496173859 0
0.9926327466964722 1
0.6742185950279236 0
0.8410220146179199 0
0.952561616897583 0
0.9117828607559204 0
0.8392915725708008 1
0.9847450256347656 0
0.9918749332427979 0
0.5043480396270752 0
0.8213090896606445 0
0.7541467547416687 1
0.854400634765625 0
0.9965083003044128 0
0.6339040994644165 0
0.17319688200950623 0
0.8171617984771729 1
0.6020337343215942 0
0.7996882796287537 0
0.8815617561340332 0
0.35657674074172974 0
0.971871554851532 1
0.29642921686172485 0
0.9879084825515747 0
0.047334566712379456 0
0.04286250099539757 0
0.9979835748672485 1
0.21000520884990692 0
0.7970165610313416 0
0.4924129247665405 0
0.9879878759384155 0
0.998860776424408 1
0.04583372175693512 0
0.8025232553482056 0
0.965491771697998 0
0.012692298740148544 0
0.999614417552948 1
0.9239336848258972 0
0.9955315589904785 0
0.9994442462921143 0
0.9962637424468994 0
0.9997673034667969 1
0.578465461730957 0
0.7044875025749207 0
0.816454291343689 0
0.9925357699394226 0
0.9554945826530457 1
0.00020755777950398624 0
0.046605244278907776 0
0.961689829826355 0
0.003024166915565729 0
0.9999681711196899 1
0.017498373985290527 0
0.4527520537376404 0
0.9883966445922852 0
0.0005490733310580254 0
0.9992131590843201 1
0.019095437601208687 0
0.7639518976211548 0
0.9490320682525635 0
0.00792851485311985 0
0.9985816478729248 1
0.993876576423645 0
0.9574477076530457 0
0.9818062782287598 0
0.2867123484611511 0
0.9999620914459229 1
0.9749201536178589 0
0.9700980186462402 0
0.9935050010681152 0
0.9890334010124207 0
0.9971601963043213 1
0.8064403533935547 0
0.58848637342453 0
0.8655166625976562 0
0.48203667998313904 0
0.9984596967697144 1
0.01971479505300522 0
0.9927476644515991 0
0.0003242855309508741 0
0.012986348941922188 0
0.9991692304611206 1
0.451949805021286 0
0.9667320251464844 0
0.7720390558242798 0
0.004335680976510048 0
0.9995362162590027 1
0.8746447563171387 0
0.9941241145133972 0
0.9554725885391235 0
0.2782641351222992 0
0.9807805418968201 1
0.00940010230988264 0
0.9047095775604248 0
0.695376992225647 0
0.004032419063150883 0
0.9994567632675171 1
0.25989410281181335 0
0.9933082461357117 0
0.9905340075492859 0
0.8961887359619141 0
0.9943017959594727 1
0.7277113199234009 0
0.9898169040679932 0
0.970698356628418 0
0.8315579295158386 0
0.12928958237171173 1
0.0007504635723307729 0
0.0018155444413423538 0
0.28840750455856323 0
8.456690011371393e-06 0
0.9822354316711426 1
0.0011885026469826698 0
0.01728518307209015 0
0.544323205947876 0
0.000535946455784142 0
0.9928978681564331 1
0.019647875800728798 0
0.06209110468626022 0
0.48740166425704956 0
0.010661392472684383 0
