0.10519077628850937 1
0.3976895213127136 1
0.28770601749420166 1
0.3118867874145508 1
0.02306332066655159 1
0.4920535981655121 1
0.6323810815811157 1
0.16891805827617645 1
0.5635008215904236 1
0.16565826535224915 1
0.3852698504924774 1
0.36538517475128174 1
0.5290124416351318 1
0.434977650642395 1
0.9722813963890076 1
0.3373278081417084 1
0.02616225741803646 1
0.545073390007019 1
0.03659404441714287 1
0.8935955762863159 1
0.30223625898361206 1
0.5101068019866943 1
0.934107780456543 1
0.0025001014582812786 0
0.0012861320283263922 0
0.46792060136795044 0
0.0003195126191712916 0
0.05746839940547943 0
0.31387820839881897 0
0.0004070888680871576 0
0.0009576361044310033 0
0.0820305272936821 0
0.0018505665939301252 0
0.0048159086145460606 0
0.7732797861099243 0
2.5247900339309126e-05 0
0.00015427122707478702 0
0.6528336405754089 0
0.0005446504801511765 0
0.00015470286598429084 0
0.4426373839378357 0
0.0003874284157063812 0
0.00022978888591751456 0
0.5829305648803711 0
0.003288199892267585 0
0.0024660518392920494 0
0.33277085423469543 0
0.000630458293017 0
0.0020404497627168894 0
0.31736481189727783 0
0.00013047830725554377 0
0.0015179350739344954 0
0.3240283727645874 0
0.0032706072088330984 0
0.0038629299961030483 0
0.3277888894081116 0
0.005317538511008024 0
0.016013629734516144 0
0.3386182188987732 0
0.0033341902308166027 0
0.0013453549472615123 0
0.3349658250808716 0
0.0004285621689632535 0
0.009734902530908585 0
0.3491670489311218 0
0.009115887805819511 0
0.0046071819961071014 0
0.4634718596935272 0
0.002417170675471425 0
0.001120679546147585 0
0.3572693467140198 0
0.021048586815595627 0
0.006681199185550213 0
0.48151299357414246 0
0.00039810698945075274 0
0.009434184059500694 0
0.40829503536224365 0
0.0004045831738039851 0
0.000727902865037322 0
0.32857203483581543 0
0.002131618792191148 0
0.012642784975469112 0
0.4411378800868988 0
0.004038935527205467 0
0.011584325693547726 0
0.2651090621948242 0
0.002820379799231887 0
0.0012469408102333546 0
0.6028333902359009 0
0.05647582933306694 0
0.00037562206853181124 0
0.6650065779685974 0
0.680444598197937 1
0.8646742701530457 1
0.5390700101852417 1
0.6967343091964722 1
0.814670979976654 1
0.9359079599380493 1
0.9346092939376831 1
0.9898580312728882 1
0.872683048248291 1
0.3705185055732727 1
0.3790515065193176 1
0.9191473722457886 1
0.37652868032455444 1
0.4587831497192383 1
0.4262497127056122 1
0.33951568603515625 1
0.7325095534324646 1
0.3786054253578186 1
0.5263917446136475 1
0.31155329942703247 1
0.662259578704834 1
0.6406406164169312 1
0.5626649856567383 1
