0.6475170850753784 1
0.3816192150115967 0
0.5734474062919617 0
0.23969903588294983 0
0.37619835138320923 0
0.53739333152771 1
0.28145021200180054 0
0.3490912914276123 0
0.34127363562583923 0
0.4953199625015259 0
0.6576567888259888 1
0.4374443292617798 0
0.6256143450737 0
0.43106359243392944 0
0.32792192697525024 0
0.7576522827148438 1
0.6047039031982422 0
0.7492623329162598 0
0.1807856261730194 0
0.3245929479598999 0
0.7518009543418884 1
0.4030083417892456 0
0.39917486906051636 0
0.6457425355911255 0
0.6032698750495911 0
0.8619258403778076 1
0.6629221439361572 0
0.7980344295501709 0
0.48569220304489136 0
0.5659439563751221 0
0.721824049949646 1
0.2537034749984741 0
0.6708723902702332 0
0.4555546045303345 0
0.35712358355522156 0
0.6279190182685852 1
0.30938342213630676 0
0.38531237840652466 0
0.5311876535415649 0
0.48523837327957153 0
0.6269774436950684 1
0.15828727185726166 0
0.5018262267112732 0
0.38995975255966187 0
0.4727623462677002 0
0.8098835349082947 1
0.25202304124832153 0
0.5431866645812988 0
0.23289458453655243 0
0.6282362937927246 0
0.4708813428878784 1
0.34629175066947937 0
0.18542641401290894 0
0.4133058786392212 0
0.5479686856269836 0
0.8477433919906616 1
0.3189830183982849 0
0.5800944566726685 0
0.5189924240112305 0
0.628281831741333 0
0.7513775825500488 1
0.4770961403846741 0
0.5655869245529175 0
0.22533953189849854 0
0.3709823787212372 0
0.7376936674118042 1
0.539849042892456 0
0.5853457450866699 0
0.6366462707519531 0
0.7334120273590088 0
0.7332860231399536 1
0.5768817663192749 0
0.6009048819541931 0
0.5993931293487549 0
0.6433442831039429 0
0.4496869444847107 1
0.2888195514678955 0
0.4818112850189209 0
0.29495909810066223 0
0.37949472665786743 0
0.5727660655975342 1
0.4593798816204071 0
0.43076691031455994 0
0.6794033050537109 0
0.36078283190727234 0
0.6558752655982971 1
0.23152336478233337 0
0.3748379647731781 0
0.47924625873565674 0
0.5462319254875183 0
0.6792399883270264 1
0.08884195983409882 0
0.4878903329372406 0
0.5270222425460815 0
0.5223923921585083 0
0.5807212591171265 1
0.07108400017023087 0
0.4506717324256897 0
0.23871231079101562 0
0.3027510643005371 0
0.5507206320762634 1
0.06544845551252365 0
0.30835840106010437 0
0.1937721073627472 0
0.25289082527160645 0
0.7184948921203613 1
0.4146932065486908 0
0.7982306480407715 0
0.5334514379501343 0
0.49723947048187256 0
0.6890630125999451 1
0.4100608229637146 0
0.7061554193496704 0
0.1603108048439026 0
0.5370637774467468 0
0.5250568985939026 1
0.3118234872817993 0
0.6468420624732971 0
0.29830557107925415 0
0.23508338630199432 0
0.669019341468811 1
0.07169836759567261 0
0.3834620416164398 0
0.6274247765541077 0
0.5563395619392395 0
0.664106011390686 1
0.10915875434875488 0
0.48716211318969727 0
0.5656107664108276 0
0.619788408279419 0
0.45357656478881836 1
0.12252649664878845 0
0.40347784757614136 0
0.30077311396598816 0
0.6177321672439575 0
0.7013766169548035 1
0.26740866899490356 0
0.6139132976531982 0
0.6322934031486511 0
0.7876479029655457 0
0.6525078415870667 1
0.24611489474773407 0
0.5402652621269226 0
0.4344042241573334 0
0.5243194103240967 0
0.5333728790283203 1
0.07244579493999481 0
0.3500395715236664 0
0.36999666690826416 0
0.5714406371116638 0
0.7640069723129272 1
0.3094107508659363 0
0.6290318965911865 0
0.2782580256462097 0
0.40952783823013306 0
0.7067164182662964 1
0.26483380794525146 0
0.5031239986419678 0
0.1700890064239502 0
0.04413028061389923 0
0.6335872411727905 1
0.18464551866054535 0
0.49626320600509644 0
0.13419805467128754 0
0.16356584429740906 0
0.5410866141319275 1
0.34474295377731323 0
0.5431779026985168 0
0.38987624645233154 0
0.5104396939277649 0
0.6224077939987183 1
0.14869576692581177 0
0.34816214442253113 0
0.22938847541809082 0
0.171626016497612 0
0.3342962861061096 1
0.14179068803787231 0
0.310438871383667 0
0.1436779648065567 0
0.20713046193122864 0
0.583858847618103 1
0.07376590371131897 0
0.35192203521728516 0
0.2648259401321411 0
0.15665486454963684 0
0.4412214756011963 1
0.10598789155483246 0
0.42067116498947144 0
0.4866277575492859 0
0.41142088174819946 0
0.4178418815135956 1
0.4172604978084564 0
0.5745555758476257 0
0.19937661290168762 0
0.36566969752311707 0
0.35786744952201843 1
0.01635443978011608 0
0.12261185050010681 0
0.23923639953136444 0
0.11620931327342987 0
0.4095063805580139 1
0.012830565683543682 0
0.08804556727409363 0
0.2955171465873718 0
0.09375523030757904 0
0.39625996351242065 1
0.02764405868947506 0
0.22403934597969055 0
0.20029619336128235 0
0.08487789332866669 0
0.7439562082290649 1
0.32908231019973755 0
0.704643189907074 0
0.6319212913513184 0
0.12105320394039154 0
0.8804967403411865 1
0.2514491379261017 0
0.6497975587844849 0
0.6654766798019409 0
0.4426458775997162 0
0.7704913020133972 1
0.5922038555145264 0
0.6696022748947144 0
0.2410469353199005 0
0.23103605210781097 0
0.6965774297714233 1
0.378121018409729 0
0.509111762046814 0
0.43907052278518677 0
0.2027137577533722 0
0.6980255842208862 1
0.30098578333854675 0
0.710361123085022 0
0.4641764163970947 0
0.3194325566291809 0
0.6563320159912109 1
0.3263055086135864 0
0.6846729516983032 0
0.39142441749572754 0
0.3111688196659088 0
0.5879051685333252 1
0.029028743505477905 0
0.11683603376150131 0
0.32811668515205383 0
0.4168553948402405 0
0.37089332938194275 1
0.020746761932969093 0
0.14952914416790009 0
0.3089192509651184 0
0.4370560348033905 0
0.516830325126648 1
0.027482135221362114 0
0.28418442606925964 0
0.3064933717250824 0
0.3661472797393799 0
0.48306965827941895 1
0.03643518686294556 0
0.11942636221647263 0
0.28372448682785034 0
0.2639464735984802 0
0.5515367984771729 1
0.0546426922082901 0
0.19851550459861755 0
0.1875656545162201 0
0.07439890503883362 0
0.6679255366325378 1
0.1369708776473999 0
0.24445144832134247 0
0.18924742937088013 0
0.5388374924659729 0
0.7139312028884888 1
0.024136824533343315 0
0.45589882135391235 0
0.4105032682418823 0
0.26038384437561035 0
0.5920600891113281 1
0.2855919301509857 0
0.6517723202705383 0
0.37311097979545593 0
0.5592803955078125 0
0.8781203627586365 1
0.21598964929580688 0
0.554972231388092 0
0.3227394223213196 0
0.4915752410888672 0
0.6182681918144226 1
0.025115691125392914 0
0.39078590273857117 0
0.48741161823272705 0
0.13328880071640015 0
0.6917765140533447 1
0.10117551684379578 0
0.4807460904121399 0
0.3290998637676239 0
0.3630325496196747 0
0.7959234714508057 1
0.1662120819091797 0
0.4779239296913147 0
0.37639686465263367 0
0.059338465332984924 0
0.6592220664024353 1
0.5353540182113647 0
0.4944553077220917 0
0.5505281686782837 0
0.4068867564201355 0
0.6100289225578308 1
0.5192040801048279 0
0.473935604095459 0
0.43935713171958923 0
0.46511393785476685 0
0.6971569061279297 1
0.3249287009239197 0
0.5944231152534485 0
0.23590660095214844 0
0.2912065386772156 0
0.6743935942649841 1
0.1945769041776657 0
0.4615817070007324 0
0.019771507009863853 0
0.2885786294937134 0
0.5204224586486816 1
0.3026989698410034 0
0.5397148132324219 0
0.26581937074661255 0
0.30382710695266724 0
0.7735940217971802 1
0.35267433524131775 0
0.6289774179458618 0
0.45234453678131104 0
0.25888681411743164 0
0.6199685335159302 1
0.03434256464242935 0
0.16118791699409485 0
0.38402029871940613 0
0.1226361021399498 0
0.6226590871810913 1
0.09748238325119019 0
0.44667014479637146 0
0.4137263000011444 0
0.2038334608078003 0
0.40369611978530884 1
0.22322231531143188 0
0.44186586141586304 0
0.4904525876045227 0
0.44420790672302246 0
0.5083255767822266 1
0.03852791339159012 0
0.17183718085289001 0
0.17921344935894012 0
0.005189951974898577 0
0.5100352764129639 1
0.0483180433511734 0
0.20363008975982666 0
0.2703295350074768 0
0.0385374054312706 0
0.4557356536388397 1
0.12702730298042297 0
0.33771610260009766 0
0.24301670491695404 0
0.17518115043640137 0
