0.27625206112861633 1
0.46680212020874023 1
0.2923765182495117 1
0.19719839096069336 1
0.032567091286182404 1
0.2929479777812958 1
0.5284053683280945 1
0.022298742085695267 1
0.6269598603248596 1
0.2695435583591461 1
0.34210205078125 1
0.36272966861724854 1
0.19837507605552673 1
0.5786610841751099 1
0.9371509552001953 1
0.26161500811576843 1
0.007510123308748007 1
0.3779849708080292 1
0.06151149421930313 1
0.5777589678764343 1
0.29402682185173035 1
0.49526989459991455 1
0.6037861704826355 1
0.005426921881735325 0
0.002345610875636339 0
0.6890777945518494 0
0.003854404203593731 0
0.17533710598945618 0
0.29380694031715393 0
0.0004245496238581836 0
0.001480277394875884 0
0.24333736300468445 0
0.0062281969003379345 0
0.010163549333810806 0
0.7937861680984497 0
0.00010279216076014563 0
0.0011243007611483335 0
0.7455570101737976 0
0.00032814161386340857 0
0.0004986526328139007 0
0.6185845732688904 0
0.0008085961453616619 0
0.028941331431269646 0
0.5753729343414307 0
0.006139280274510384 0
0.013394342735409737 0
0.32768920063972473 0
0.0006075896671973169 0
0.013972846791148186 0
0.3757236897945404 0
0.002205289900302887 0
0.03301074355840683 0
0.3289110064506531 0
0.005641504190862179 0
0.0028842592146247625 0
0.30287307500839233 0
0.02372756414115429 0
0.051965802907943726 0
0.39469802379608154 0
0.010241948999464512 0
0.004298960790038109 0
0.3589746356010437 0
0.0002649343223311007 0
0.0337672084569931 0
0.4785540997982025 0
0.09026870131492615 0
0.009498478844761848 0
0.6015585660934448 0
0.008241824805736542 0
0.015196996740996838 0
0.38214975595474243 0
0.03602200001478195 0
0.012170592322945595 0
0.6341087818145752 0
0.0005927419988438487 0
0.033340852707624435 0
0.4038423001766205 0
0.00510276947170496 0
0.0028970465064048767 0
0.4743841588497162 0
0.004176003858447075 0
0.006210741586983204 0
0.4781739115715027 0
0.014909077435731888 0
0.07515861093997955 0
0.38482314348220825 0
0.0075178490951657295 0
0.03193138539791107 0
0.7039235830307007 0
0.08866912126541138 0
0.00436739344149828 0
0.7551548480987549 0
0.7515162229537964 1
0.8873304128646851 1
0.48562678694725037 1
0.7724816203117371 1
0.8341616988182068 1
0.89031982421875 1
0.9457849860191345 1
0.9334904551506042 1
0.8592160940170288 1
0.418687641620636 1
0.46788495779037476 1
0.8501319885253906 1
0.5175639390945435 1
0.6213686466217041 1
0.6173478364944458 1
0.4176366329193115 1
0.8090574741363525 1
0.5298938751220703 1
0.5803842544555664 1
0.5112473964691162 1
0.6968740820884705 1
0.7846853733062744 1
0.7622067928314209 1
