0.9933595657348633 1
0.017608370631933212 0
0.043499670922756195 0
0.050818633288145065 0
0.5492388010025024 0
0.9842125773429871 1
0.014814800582826138 0
0.4448915421962738 0
0.18378464877605438 0
0.990996778011322 0
0.9997727274894714 1
0.040249302983284 0
0.48384296894073486 0
0.1408894658088684 0
0.4492044448852539 0
0.9996764063835144 1
0.148142009973526 0
0.5266165733337402 0
0.10364758968353271 0
0.9365772008895874 0
0.9822748899459839 1
0.918218731880188 0
0.9346997141838074 0
0.9186260104179382 0
0.887732207775116 0
0.9998801946640015 1
0.8513684272766113 0
0.9778764247894287 0
0.7076338529586792 0
0.9773755073547363 0
0.9891419410705566 1
0.15321022272109985 0
0.9227927923202515 0
0.016638804227113724 0
0.0719834715127945 0
0.9970160722732544 1
0.09069830179214478 0
0.00391189381480217 0
0.007751535624265671 0
0.8712291121482849 0
0.9852365255355835 1
0.8596436381340027 0
0.966567873954773 0
0.0007888829568400979 0
0.058476828038692474 0
0.9997825622558594 1
0.02616867981851101 0
0.0878569707274437 0
0.03062402456998825 0
0.9085289835929871 0
0.9899927973747253 1
0.5010864734649658 0
0.03268427774310112 0
0.3181709051132202 0
0.9205650687217712 0
0.9988694190979004 1
0.23232796788215637 0
0.7778193354606628 0
0.8881696462631226 0
0.9963437914848328 0
0.9970377683639526 1
0.07555298507213593 0
0.00527579989284277 0
0.08983881771564484 0
0.30655762553215027 0
0.9982096552848816 1
0.9751044511795044 0
0.9972163438796997 0
0.9505013227462769 0
0.9970773458480835 0
0.9997288584709167 1
0.10323303937911987 0
0.16035234928131104 0
0.9264013171195984 0
0.9849652647972107 0
0.9977760314941406 1
0.01539028249680996 0
0.3771955966949463 0
0.6400626301765442 0
0.7557004690170288 0
0.9916914701461792 1
0.13590461015701294 0
0.03514157980680466 0
0.9989992380142212 0
0.3271901309490204 0
0.9989122152328491 1
0.0007329582003876567 0
0.15994802117347717 0
0.8515450954437256 0
0.5715423226356506 0
0.9880843162536621 1
0.0001258538686670363 0
0.0009640268981456757 0
0.07649470865726471 0
0.007680484559386969 0
0.9983813166618347 1
0.00034598278580233455 0
0.021531593054533005 0
0.007433253340423107 0
0.023932158946990967 0
0.9788162708282471 1
0.0008731430280022323 0
0.01036143209785223 0
0.004477967973798513 0
0.017828019335865974 0
0.9997746348381042 1
0.018636101856827736 0
0.9831314086914062 0
0.08519406616687775 0
0.004994378890842199 0
0.9994586706161499 1
0.014180409722030163 0
0.8573718070983887 0
0.025989070534706116 0
0.025839990004897118 0
0.9989573359489441 1
0.021429400891065598 0
0.8618332147598267 0
0.0055182939395308495 0
0.0049815489910542965 0
0.9969660639762878 1
0.0038017563056200743 0
0.923466682434082 0
0.8014472723007202 0
0.09357192367315292 0
0.9987148642539978 1
0.011361261829733849 0
0.9319214820861816 0
0.34850138425827026 0
0.42360836267471313 0
0.9772683382034302 1
0.7742385268211365 0
0.9966422915458679 0
0.015421262942254543 0
0.042221348732709885 0
0.9957423210144043 1
0.001867172191850841 0
0.07152868062257767 0
0.9488106966018677 0
0.11112125962972641 0
0.9997345805168152 1
0.005919513292610645 0
0.5058146119117737 0
0.8468906879425049 0
0.011263927444815636 0
0.9976469874382019 1
0.0013474992010742426 0
0.11789606511592865 0
0.022434500977396965 0
0.07032135128974915 0
0.9998141527175903 1
0.004995666444301605 0
0.17851772904396057 0
0.0016685847658663988 0
0.05541694909334183 0
0.9997782111167908 1
0.021684100851416588 0
0.05069149285554886 0
0.23800048232078552 0
0.0004164863785263151 0
0.9983496069908142 1
0.008827715180814266 0
0.06390644609928131 0
0.0014512694906443357 0
0.0029161449056118727 0
0.9448409080505371 1
0.0008850937010720372 0
0.011499102227389812 0
0.02368086390197277 0
0.004481942392885685 0
0.9971279501914978 1
4.503236777964048e-05 0
0.0003285755810793489 0
0.023278459906578064 0
0.002781699877232313 0
0.8885124921798706 1
0.0005426486604847014 0
0.004128218162804842 0
0.0005648208316415548 0
0.0007477792678400874 0
0.9546847343444824 1
0.0061982120387256145 0
0.2851123809814453 0
0.6167037487030029 0
0.002143062185496092 0
0.9660035967826843 1
0.003446787130087614 0
0.8051630854606628 0
0.9042526483535767 0
0.3642668128013611 0
0.9684478640556335 1
0.6816331744194031 0
0.7908169627189636 0
0.050708573311567307 0
0.7135517001152039 0
0.8973262310028076 1
0.00011901167454198003 0
0.005158384796231985 0
0.2879822254180908 0
0.0007535258191637695 0
0.9084453582763672 1
0.00021725524857174605 0
0.001283423975110054 0
0.003167162649333477 0
0.00019405984494369477 0
0.9515594840049744 1
7.465197995770723e-05 0
0.008954254910349846 0
0.004206961020827293 0
0.0015840757405385375 0
0.9938826560974121 1
0.08173872530460358 0
0.9983012080192566 0
0.9530321359634399 0
0.0004466309619601816 0
0.9998928308486938 1
0.01392760407179594 0
0.9890645742416382 0
0.8829630613327026 0
0.45048174262046814 0
0.9984483122825623 1
0.7527176141738892 0
0.9708151817321777 0
0.22683481872081757 0
0.3366691768169403 0
0.9996458292007446 1
0.00016505007806699723 0
0.006965523585677147 0
0.3853113353252411 0
8.260062895715237e-05 0
0.9975289702415466 1
0.001482942490838468 0
0.8497669696807861 0
0.21840432286262512 0
8.024495764402673e-05 0
0.9835270643234253 1
0.050308044999837875 0
0.9489707946777344 0
0.861890971660614 0
0.008645985275506973 0
0.9693910479545593 1
0.6121115684509277 0
0.43660420179367065 0
0.3560222089290619 0
0.023465676233172417 0
0.8460783958435059 1
0.9761652946472168 0
0.9694350957870483 0
0.001716066850349307 0
0.2674328088760376 0
0.6323384046554565 1
0.5261079668998718 0
0.9931148886680603 0
0.37900209426879883 0
0.08575741946697235 0
0.7957374453544617 1
0.956114649772644 0
0.4991990923881531 0
0.011331385001540184 0
0.0010443994542583823 0
0.9697799682617188 1
0.6493426561355591 0
0.9903808832168579 0
0.0007437065942212939 0
0.0003663324750959873 0
0.9913818836212158 1
0.4592481255531311 0
0.9092485904693604 0
0.0110064297914505 0
0.46418923139572144 0
0.9869836568832397 1
0.0010061671491712332 0
0.269827663898468 0
0.8268467783927917 0
0.0017159339040517807 0
0.8979257345199585 1
0.02871047332882881 0
0.9954084157943726 0
0.7527543902397156 0
0.777624785900116 0
0.9974616765975952 1
0.5262024402618408 0
0.7616402506828308 0
0.745162844657898 0
0.902580738067627 0
0.14505107700824738 1
0.00011183736933162436 0
0.012473613023757935 0
0.5550731420516968 0
0.0033808471634984016 0
0.9869860410690308 1
0.0003934414708055556 0
0.20576894283294678 0
0.09641333669424057 0
0.00014480735990218818 0
0.9945623278617859 1
0.000302306842058897 0
0.08872821927070618 0
0.11588834971189499 0
0.0010875732405111194 0
0.999449610710144 1
0.3696097731590271 0
0.6268858909606934 0
0.6674512624740601 0
0.005757048260420561 0
0.9992419481277466 1
0.0284308772534132 0
0.38997000455856323 0
0.9701694250106812 0
0.8904035091400146 0
0.995076060295105 1
0.010652484372258186 0
0.18354368209838867 0
0.4215890169143677 0
0.1453809291124344 0
0.9980711936950684 1
0.00027599575696513057 0
0.5257237553596497 0
7.71994746173732e-06 0
0.0017656896961852908 0
0.9714113473892212 1
0.0018090683734044433 0
0.2755761742591858 0
0.011332795023918152 0
6.325756839942187e-05 0
0.9887418150901794 1
0.292746365070343 0
0.892320990562439 0
0.5462205410003662 0
0.032186999917030334 0
0.45640379190444946 1
0.00028900994220748544 0
0.24404826760292053 0
0.07697403430938721 0
0.00019385863561183214 0
0.9775772094726562 1
0.00029246349004097283 0
0.7988173365592957 0
0.18787512183189392 0
0.1283465325832367 0
0.9840940237045288 1
0.02418975532054901 0
0.8547279238700867 0
0.7526401281356812 0
0.38474220037460327 0
0.022654494270682335 1
5.077769310446456e-05 0
6.87718202243559e-05 0
0.040849119424819946 0
8.011092177184764e-06 0
0.5737520456314087 1
0.00011013966286554933 0
0.00021627992100548 0
0.0027316934429109097 0
0.00025645323330536485 0
0.926268458366394 1
0.0003400600980967283 0
0.0010182445403188467 0
0.02213125489652157 0
0.002743234857916832 0
