0.08198317885398865 1
0.3555220067501068 1
0.3134995996952057 1
0.14586208760738373 1
0.14517901837825775 1
0.5882185101509094 1
0.6801687479019165 1
0.010978486388921738 1
0.5778156518936157 1
0.31968045234680176 1
0.3362230658531189 1
0.43215078115463257 1
0.43679291009902954 1
0.5886426568031311 1
0.9629606008529663 1
0.2936776578426361 1
0.0012988352682441473 1
0.5835328698158264 1
0.05621388554573059 1
0.886053740978241 1
0.3210759162902832 1
0.5315162539482117 1
0.8569909930229187 1
0.003777387086302042 0
0.0031764782033860683 0
0.44798314571380615 0
0.0009471853263676167 0
0.036948107182979584 0
0.29409438371658325 0
0.005156337283551693 0
0.002102449769154191 0
0.3103755712509155 0
0.1012936383485794 0
0.15009017288684845 0
0.7324666976928711 0
9.138169116340578e-05 0
0.0006717906799167395 0
0.6922812461853027 0
0.002046968787908554 0
6.340212712530047e-05 0
0.4499495029449463 0
0.0005392853054217994 0
0.0002410115848761052 0
0.6329570412635803 0
0.039025451987981796 0
0.0060190679505467415 0
0.33266499638557434 0
0.0018344640266150236 0
0.010549427941441536 0
0.3383329510688782 0
0.0030606426298618317 0
0.004452342167496681 0
0.33379241824150085 0
0.009720882400870323 0
0.024093743413686752 0
0.319898396730423 0
0.00543540995568037 0
0.024985332041978836 0
0.33635497093200684 0
0.009432932361960411 0
0.004318899475038052 0
0.33422398567199707 0
0.0013403398916125298 0
0.03910771384835243 0
0.3758396804332733 0
0.016446461901068687 0
0.004290236160159111 0
0.42943328619003296 0
0.0019255704246461391 0
0.0026004104875028133 0
0.3225628435611725 0
0.017252163961529732 0
0.00947627518326044 0
0.3629646301269531 0
0.0002279593318235129 0
0.033714987337589264 0
0.3702588677406311 0
0.0005193703109398484 0
0.005184723995625973 0
0.40490302443504333 0
0.028697138652205467 0
0.022266119718551636 0
0.6278833746910095 0
0.012331686913967133 0
0.01680796407163143 0
0.334796667098999 0
0.007257634308189154 0
0.005112098529934883 0
0.6228044033050537 0
0.08236896246671677 0
0.0006820360431447625 0
0.7045623064041138 0
0.6961807012557983 1
0.8111981749534607 1
0.44687363505363464 1
0.7184621691703796 1
0.7590770721435547 1
0.8902561068534851 1
0.8833827376365662 1
0.9171490669250488 1
0.8168269991874695 1
0.44801217317581177 1
0.6978805065155029 1
0.7465500235557556 1
0.37450656294822693 1
0.4472976624965668 1
0.5886325240135193 1
0.3320523500442505 1
0.8577362895011902 1
0.33249539136886597 1
0.5374680161476135 1
0.33254683017730713 1
0.5488126873970032 1
0.6622259616851807 1
0.5720343589782715 1
