0.15772828459739685 1
0.3687715232372284 1
0.02238159254193306 1
0.22473359107971191 1
0.006469437386840582 1
0.3420674800872803 1
0.5828077793121338 1
0.016101030632853508 1
0.39227724075317383 1
0.08782991021871567 1
0.3545476794242859 1
0.14890363812446594 1
0.2903677225112915 1
0.4809051752090454 1
0.9619941711425781 1
0.3974042534828186 1
0.002030238974839449 1
0.21553854644298553 1
0.053258683532476425 1
0.7198981046676636 1
0.27724260091781616 1
0.5381636023521423 1
0.6491941809654236 1
0.0036000008694827557 0
0.0008749165572226048 0
0.32271039485931396 0
0.00043149013072252274 0
0.007659094408154488 0
0.30135834217071533 0
0.0002511559578124434 0
0.0003971646074205637 0
0.22807972133159637 0
0.01813739351928234 0
0.0020788726396858692 0
0.7430262565612793 0
7.016392191872001e-05 0
0.00020990095799788833 0
0.3610357642173767 0
0.0003707002033479512 0
0.0002444186538923532 0
0.37797170877456665 0
0.0002713772119022906 0
0.004039253573864698 0
0.3460259437561035 0
0.005880314391106367 0
0.0013350554509088397 0
0.33167314529418945 0
0.0005965559394098818 0
0.006942923180758953 0
0.2992158532142639 0
0.0002814210020005703 0
0.0008297164458781481 0
0.3219354748725891 0
0.00022366468328982592 0
0.003961536101996899 0
0.26389795541763306 0
0.0016503860242664814 0
0.003557028714567423 0
0.3318523168563843 0
0.0011444203555583954 0
0.001247334759682417 0
0.29259297251701355 0
0.0008020366076380014 0
0.0050942497327923775 0
0.3193311095237732 0
0.006269392557442188 0
0.002340794773772359 0
0.334531307220459 0
0.0006143132923170924 0
0.0026416569016873837 0
0.3009249269962311 0
0.009723379276692867 0
0.004013693891465664 0
0.32777053117752075 0
0.00011902164260391146 0
0.0033799908123910427 0
0.31271299719810486 0
4.4674929085886106e-05 0
0.0003336512017995119 0
0.34221968054771423 0
0.0026321900077164173 0
0.0009645651443861425 0
0.45004257559776306 0
0.001619950169697404 0
0.006226796656847 0
0.22521762549877167 0
0.00133496371563524 0
0.002119669457897544 0
0.509884238243103 0
0.026192104443907738 0
0.0007524799439124763 0
0.6000738143920898 0
0.6662274599075317 1
0.6223888397216797 1
0.27519458532333374 1
0.5846734046936035 1
0.7131342887878418 1
0.6971494555473328 1
0.8841745257377625 1
0.9171685576438904 1
0.7539952993392944 1
0.3073115348815918 1
0.3404881954193115 1
0.7027899622917175 1
0.24540197849273682 1
0.3124169111251831 1
0.3440590500831604 1
0.2631201446056366 1
0.6855098009109497 1
0.21745716035366058 1
0.1707628071308136 1
0.16802141070365906 1
0.3973466753959656 1
0.332391619682312 1
0.4160672128200531 1
