0.24337852001190186 1
0.298420250415802 1
0.11642201244831085 1
0.12572245299816132 1
0.15446436405181885 1
0.24335424602031708 1
0.2270357310771942 1
0.13505840301513672 1
0.21121731400489807 1
0.1191253513097763 1
0.12226824462413788 1
0.26568132638931274 1
0.2872941493988037 1
0.17743682861328125 1
0.3110019564628601 1
0.17660121619701385 1
0.16517165303230286 1
0.16969510912895203 1
0.15895040333271027 1
0.2053099274635315 1
0.25286605954170227 1
0.283401221036911 1
0.3119020462036133 1
0.1491399109363556 0
0.149615079164505 0
0.2643677890300751 0
0.08449520170688629 0
0.09543199837207794 0
0.17671029269695282 0
0.03830554708838463 0
0.03383830934762955 0
0.1153867244720459 0
0.06668516993522644 0
0.04302270710468292 0
0.14351914823055267 0
0.03871190920472145 0
0.05932524800300598 0
0.23332302272319794 0
0.09732478857040405 0
0.0578792542219162 0
0.21431945264339447 0
0.06323355436325073 0
0.06723590195178986 0
0.18731646239757538 0
0.10838624835014343 0
0.07575646042823792 0
0.17919796705245972 0
0.06604202836751938 0
0.05606929585337639 0
0.1789558380842209 0
0.07224472612142563 0
0.0903129130601883 0
0.17337074875831604 0
0.04160861670970917 0
0.060102611780166626 0
0.127302885055542 0
0.10737790912389755 0
0.10159866511821747 0
0.26636573672294617 0
0.16162553429603577 0
0.1107618510723114 0
0.2643217444419861 0
0.05379871279001236 0
0.06108231469988823 0
0.12039255350828171 0
0.11421950161457062 0
0.10914965718984604 0
0.24663254618644714 0
0.12249614298343658 0
0.11047552525997162 0
0.2433149218559265 0
0.15462994575500488 0
0.18131372332572937 0
0.3204604685306549 0
0.05227915197610855 0
0.07364679127931595 0
0.1768183559179306 0
0.06970155239105225 0
0.09555371105670929 0
0.16249056160449982 0
0.042250581085681915 0
0.054772742092609406 0
0.17043082416057587 0
0.06457687169313431 0
0.10634268820285797 0
0.1301349401473999 0
0.12184687703847885 0
0.08950676023960114 0
0.25721925497055054 0
0.16367079317569733 0
0.13330265879631042 0
0.2827448546886444 0
0.2975069582462311 1
0.294829785823822 1
0.0690484568476677 1
0.2873803675174713 1
0.21352213621139526 1
0.24092523753643036 1
0.25644421577453613 1
0.3103480041027069 1
0.22496193647384644 1
0.19658160209655762 1
0.15569403767585754 1
0.26200994849205017 1
0.21311317384243011 1
0.1624598205089569 1
0.24445948004722595 1
0.2650335431098938 1
0.2690005302429199 1
0.14774706959724426 1
0.174976646900177 1
0.11302226781845093 1
0.2271375060081482 1
0.22660598158836365 1
0.23600080609321594 1
