0.9984517097473145 1
0.12038254737854004 0
0.1183186024427414 0
0.23952262103557587 0
0.8691512942314148 0
0.9278664588928223 1
0.11443936824798584 0
0.848456084728241 0
0.25920119881629944 0
0.9855667948722839 0
0.9997247457504272 1
0.15703535079956055 0
0.6625546216964722 0
0.3465800881385803 0
0.4772505760192871 0
0.9997329115867615 1
0.3830374479293823 0
0.7283128499984741 0
0.32544562220573425 0
0.9606451392173767 0
0.9854673743247986 1
0.7329707145690918 0
0.8991180658340454 0
0.8630414009094238 0
0.9649556875228882 0
0.9997891783714294 1
0.8740379214286804 0
0.9881922006607056 0
0.9413012266159058 0
0.9899475574493408 0
0.9935356974601746 1
0.20905661582946777 0
0.8996476531028748 0
0.12186665832996368 0
0.15280424058437347 0
0.9972285032272339 1
0.32811984419822693 0
0.014387834817171097 0
0.03677431866526604 0
0.14300841093063354 0
0.9981478452682495 1
0.6913806796073914 0
0.9465340375900269 0
0.0025535356253385544 0
0.021137434989213943 0
0.9997503161430359 1
0.039731770753860474 0
0.5537095069885254 0
0.08564987778663635 0
0.9767071604728699 0
0.9646508693695068 1
0.5662515759468079 0
0.056236784905195236 0
0.1849507987499237 0
0.9109019041061401 0
0.9993795156478882 1
0.19455498456954956 0
0.22276338934898376 0
0.8950997591018677 0
0.9943938255310059 0
0.9990352392196655 1
0.11092942953109741 0
0.019364632666110992 0
0.1772049516439438 0
0.21330806612968445 0
0.9921514987945557 1
0.9658615589141846 0
0.9965237975120544 0
0.9164757132530212 0
0.9968438148498535 0
0.9996854662895203 1
0.27141058444976807 0
0.037968553602695465 0
0.37111955881118774 0
0.936412513256073 0
0.9988242983818054 1
0.13857203722000122 0
0.5183223485946655 0
0.16569875180721283 0
0.6860202550888062 0
0.9942141771316528 1
0.19333092868328094 0
0.008506985381245613 0
0.9979541301727295 0
0.8654500842094421 0
0.9994308948516846 1
0.05120977386832237 0
0.5189638137817383 0
0.9710978269577026 0
0.8443045616149902 0
0.9849960207939148 1
0.000298280268907547 0
0.002923934254795313 0
0.032428160309791565 0
0.015076989307999611 0
0.9988476037979126 1
0.003608082188293338 0
0.18831543624401093 0
0.008869817480444908 0
0.04170152544975281 0
0.9866213798522949 1
0.0034464276395738125 0
0.06970150768756866 0
0.013041484169661999 0
0.020912054926156998 0
0.9999312162399292 1
0.016378315165638924 0
0.9891268014907837 0
0.020668931305408478 0
0.004580831620842218 0
0.9994577765464783 1
0.022962046787142754 0
0.9481457471847534 0
0.047012727707624435 0
0.03944436088204384 0
0.9982460737228394 1
0.06177916377782822 0
0.9546090960502625 0
0.008821784518659115 0
0.01246913056820631 0
0.9954258799552917 1
0.007702960632741451 0
0.8213226199150085 0
0.5549376010894775 0
0.15199579298496246 0
0.9969887733459473 1
0.018846841529011726 0
0.7852939367294312 0
0.3412926197052002 0
0.5343705415725708 0
0.9645445346832275 1
0.3491666316986084 0
0.9552130103111267 0
0.013601794838905334 0
0.0833095833659172 0
0.9969830513000488 1
0.0022231684997677803 0
0.11436739563941956 0
0.7698016166687012 0
0.05741273984313011 0
0.9996814727783203 1
0.014360398054122925 0
0.269924134016037 0
0.501905620098114 0
0.023266177624464035 0
0.9808923602104187 1
0.0036417029332369566 0
0.05552665889263153 0
0.1473100632429123 0
0.10547121614217758 0
0.9998815059661865 1
0.00262648006901145 0
0.09412911534309387 0
0.0011735301231965423 0
0.0498131662607193 0
0.9998690485954285 1
0.027266371995210648 0
0.18723635375499725 0
0.06103058159351349 0
0.0006165673839859664 0
0.9997109770774841 1
0.020360302180051804 0
0.2362672984600067 0
0.0048158783465623856 0
0.009969563223421574 0
0.7945476770401001 1
0.0007842900231480598 0
0.034262433648109436 0
0.01090464647859335 0
0.007234127726405859 0
0.9986249208450317 1
0.0001720127183943987 0
0.0032757248263806105 0
0.010318223387002945 0
0.005781378597021103 0
0.873457670211792 1
0.0017687216168269515 0
0.013829804956912994 0
0.004005815368145704 0
0.0025024875067174435 0
0.9960999488830566 1
0.28033310174942017 0
0.8961867094039917 0
0.8654865026473999 0
0.0021486799232661724 0
0.9896737933158875 1
0.28766414523124695 0
0.9827888011932373 0
0.9747321009635925 0
0.73246830701828 0
0.976238489151001 1
0.7941427230834961 0
0.8628725409507751 0
0.4498085677623749 0
0.7876390814781189 0
0.9498952627182007 1
0.0013696164824068546 0
0.058535993099212646 0
0.6449929475784302 0
0.0023936524521559477 0
0.9461330771446228 1
0.0006971123511902988 0
0.026891745626926422 0
0.17401686310768127 0
0.00010377637227065861 0
0.97579026222229 1
0.0008592738304287195 0
0.05031609535217285 0
0.0076574659906327724 0
0.004821573384106159 0
0.9969379305839539 1
0.35980841517448425 0
0.9982313513755798 0
0.9264606237411499 0
0.00012713881733361632 0
0.9999391436576843 1
0.11944558471441269 0
0.9916716814041138 0
0.9791650176048279 0
0.4048601984977722 0
0.998177707195282 1
0.915139377117157 0
0.9386022090911865 0
0.2574974298477173 0
0.26944226026535034 0
0.9998492002487183 1
0.000653295312076807 0
0.11399450898170471 0
0.7059376239776611 0
0.00026026417617686093 0
0.9997464418411255 1
0.0015957949217408895 0
0.883565366268158 0
0.11672016233205795 0
0.0003203150408808142 0
0.9906188249588013 1
0.15272432565689087 0
0.9480516314506531 0
0.7717064619064331 0
0.0030288887210190296 0
0.9805693626403809 1
0.5310854911804199 0
0.3637954890727997 0
0.5324096083641052 0
0.3507698178291321 0
0.9156999588012695 1
0.6448051929473877 0
0.9727786779403687 0
0.07883574068546295 0
0.3561747670173645 0
0.817405104637146 1
0.08522863686084747 0
0.9547387957572937 0
0.2707744538784027 0
0.14885567128658295 0
0.9586824178695679 1
0.7228107452392578 0
0.6391799449920654 0
0.3286321759223938 0
0.004573994316160679 0
0.9512053728103638 1
0.027766507118940353 0
0.8647932410240173 0
0.005850735120475292 0
0.0012287743156775832 0
0.9971586465835571 1
0.3629269301891327 0
0.8679412603378296 0
0.15334108471870422 0
0.5540582537651062 0
0.9980168342590332 1
0.008783071301877499 0
0.9574925303459167 0
0.9340662956237793 0
0.000503172748722136 0
0.9862991571426392 1
0.3931419849395752 0
0.9908480644226074 0
0.9931586980819702 0
0.9834049940109253 0
0.9979720115661621 1
0.676175594329834 0
0.8574578762054443 0
0.734917163848877 0
0.9173697829246521 0
0.7485436797142029 1
0.00024283453240059316 0
0.03992004692554474 0
0.8181206583976746 0
0.0002567404881119728 0
0.994473934173584 1
0.0007385482313111424 0
0.1852603405714035 0
0.1298939436674118 0
1.4116751117398962e-05 0
0.9971466064453125 1
0.0014033315237611532 0
0.06596336513757706 0
0.27336573600769043 0
0.0004889769479632378 0
0.9996592998504639 1
0.8677202463150024 0
0.6129743456840515 0
0.8842167258262634 0
0.010749093256890774 0
0.9993274211883545 1
0.2852308750152588 0
0.6735967397689819 0
0.9677116274833679 0
0.6788479685783386 0
0.9961268901824951 1
0.08209338784217834 0
0.33643898367881775 0
0.7573124170303345 0
0.2370883673429489 0
0.9991967082023621 1
0.00329202669672668 0
0.8963427543640137 0
5.1188235374866053e-05 0
0.001101180911064148 0
0.8357689380645752 1
0.008410423994064331 0
0.3682912588119507 0
0.007196376100182533 0
0.00014998327242210507 0
0.9962930679321289 1
0.5213074684143066 0
0.9626418948173523 0
0.7414098978042603 0
0.02576855942606926 0
0.8279342651367188 1
0.00456968741491437 0
0.9817377924919128 0
0.14019881188869476 0
5.464912101160735e-05 0
0.9918768405914307 1
0.01280933152884245 0
0.9912660121917725 0
0.8452987670898438 0
0.07612082362174988 0
0.9926659464836121 1
0.03131338953971863 0
0.8858343362808228 0
0.0676998421549797 0
0.24669110774993896 0
0.06355059891939163 1
0.00016634463099762797 0
0.002948883455246687 0
0.09913843870162964 0
5.7536462918506e-06 0
0.8135771155357361 1
0.00048395246267318726 0
0.021020783111453056 0
0.012029173783957958 0
0.00021429633488878608 0
0.9624646902084351 1
0.00635768985375762 0
0.015140015631914139 0
0.08822374790906906 0
0.005729859694838524 0
