0.040670253336429596 1
0.500737726688385 1
0.16548053920269012 1
0.5472619533538818 1
0.14417430758476257 1
0.27798083424568176 1
0.6459696888923645 1
0.002961814170703292 1
0.47449418902397156 1
0.09856757521629333 1
0.3408733606338501 1
0.15724430978298187 1
0.20257847011089325 1
0.4455827474594116 1
0.9319343566894531 1
0.5700255036354065 1
0.0016239698743447661 1
0.3637993335723877 1
0.0016556627815589309 1
0.586060643196106 1
0.27268368005752563 1
0.3877718448638916 1
0.7767475843429565 1
0.0030509973876178265 0
0.0014909119345247746 0
0.6604339480400085 0
0.000438978080637753 0
0.052101101726293564 0
0.21826547384262085 0
0.00019729702034965158 0
0.0006558256573043764 0
0.09045042842626572 0
0.010229518637061119 0
0.007177026476711035 0
0.7235671877861023 0
4.9906822823686525e-05 0
0.0002174961700802669 0
0.7531630396842957 0
0.00025209743762388825 0
5.892681292607449e-05 0
0.2982403337955475 0
0.00011425004777265713 0
0.000743551179766655 0
0.5399246215820312 0
0.011588054709136486 0
0.0014702872140333056 0
0.3283936381340027 0
0.00036088027991354465 0
0.006250961683690548 0
0.32766515016555786 0
0.0002715809387154877 0
0.001690280856564641 0
0.3238021731376648 0
0.0008006684947758913 0
0.004302515648305416 0
0.3036665618419647 0
0.0018224988598376513 0
0.01665370911359787 0
0.3357124328613281 0
0.0033166143111884594 0
0.0013778567081317306 0
0.3370520770549774 0
0.0003240167279727757 0
0.00811507273465395 0
0.3235011696815491 0
0.014272302389144897 0
0.001711016520857811 0
0.45759186148643494 0
0.0018264794489368796 0
0.0011888800654560328 0
0.3453086018562317 0
0.0037115844897925854 0
0.0007710943464189768 0
0.5629500150680542 0
0.00015383715799544007 0
0.0052503133192658424 0
0.35546618700027466 0
8.875777712091804e-05 0
0.0008942961576394737 0
0.3381575047969818 0
0.003264450002461672 0
0.0029081355314701796 0
0.5345252752304077 0
0.0028269574977457523 0
0.01598266325891018 0
0.2989844083786011 0
0.0016554957255721092 0
0.0016700830310583115 0
0.6055696606636047 0
0.031383197754621506 0
0.0006181460921652615 0
0.6172452569007874 0
0.6923816204071045 1
0.8239744901657104 1
0.3828143775463104 1
0.6964380741119385 1
0.6893047094345093 1
0.7929867506027222 1
0.8188458681106567 1
0.8635381460189819 1
0.7463651895523071 1
0.35256227850914 1
0.3875159025192261 1
0.7131325602531433 1
0.35346633195877075 1
0.3562043309211731 1
0.4988315999507904 1
0.32774123549461365 1
0.7873367071151733 1
0.31863319873809814 1
0.35589537024497986 1
0.3477984666824341 1
0.5753239393234253 1
0.6689640879631042 1
0.5916553735733032 1
