0.19201678037643433 1
0.37291666865348816 1
0.2601674795150757 1
0.7089092135429382 1
0.14160025119781494 1
0.5511310696601868 1
0.6208049654960632 1
0.02781498245894909 1
0.6062616109848022 1
0.2368643879890442 1
0.38397449254989624 1
0.2927060127258301 1
0.534410834312439 1
0.6418344974517822 1
0.9371175169944763 1
0.36134272813796997 1
0.013532455079257488 1
0.5442452430725098 1
0.08118811249732971 1
0.8144051432609558 1
0.3526737093925476 1
0.6231449842453003 1
0.682691216468811 1
0.004993509966880083 0
0.0038214640226215124 0
0.4061241149902344 0
0.0005686160293407738 0
0.08412261307239532 0
0.31546956300735474 0
0.00291367806494236 0
0.0005425459239631891 0
0.2798530161380768 0
0.006406850181519985 0
0.0058328635059297085 0
0.7179681658744812 0
0.0003177233738824725 0
0.0003538070013746619 0
0.7800624370574951 0
0.0014316011220216751 0
0.0002897891099564731 0
0.5227453708648682 0
0.0005137509433552623 0
0.0009797029197216034 0
0.6488146781921387 0
0.07459607720375061 0
0.006522949784994125 0
0.33541756868362427 0
0.0009268589201383293 0
0.0062188804149627686 0
0.33845826983451843 0
0.0011351658031344414 0
0.005352731794118881 0
0.33466148376464844 0
0.005441923625767231 0
0.010060835629701614 0
0.3186192512512207 0
0.00827527791261673 0
0.030856087803840637 0
0.3398371636867523 0
0.01604064181447029 0
0.0025416635908186436 0
0.33573704957962036 0
0.0005964190931990743 0
0.017962241545319557 0
0.3479963541030884 0
0.12870727479457855 0
0.0024184288922697306 0
0.44173821806907654 0
0.002618564758449793 0
0.0033547773491591215 0
0.3444438576698303 0
0.07264626771211624 0
0.035534486174583435 0
0.33961087465286255 0
0.00031248360755853355 0
0.03571160510182381 0
0.3652490973472595 0
0.0006895423284731805 0
0.005059638060629368 0
0.44679152965545654 0
0.00277613359503448 0
0.005146474111825228 0
0.599233865737915 0
0.018603865057229996 0
0.023410357534885406 0
0.3368266820907593 0
0.00395111832767725 0
0.007118626497685909 0
0.6485752463340759 0
0.1372443288564682 0
0.0018700420623645186 0
0.6712294816970825 0
0.6968463659286499 1
0.8686894178390503 1
0.45922574400901794 1
0.7150627970695496 1
0.8302501440048218 1
0.8075622320175171 1
0.8544623851776123 1
0.9294520616531372 1
0.7350215911865234 1
0.3757840394973755 1
0.6230729818344116 1
0.7481998801231384 1
0.37559860944747925 1
0.3528517186641693 1
0.38703250885009766 1
0.35194605588912964 1
0.7272045016288757 1
0.36481529474258423 1
0.4053797423839569 1
0.3291851580142975 1
0.4099433422088623 1
0.6714152097702026 1
0.6108376383781433 1
