0.06942925602197647 1
0.3414573669433594 1
0.08846503496170044 1
0.3586863875389099 1
0.003091100137680769 1
0.476965993642807 1
0.5910860300064087 1
0.029592763632535934 1
0.41090285778045654 1
0.15973205864429474 1
0.22942958772182465 1
0.28665775060653687 1
0.4337809681892395 1
0.5767245292663574 1
0.15559741854667664 1
0.3928891122341156 1
0.008016831241548061 1
0.4783387780189514 1
0.02151769958436489 1
0.4844302833080292 1
0.29678016901016235 1
0.3907873034477234 1
0.6519161462783813 1
0.0007255399832502007 0
0.0005763039807789028 0
0.519702672958374 0
0.0006536938017234206 0
0.057446688413619995 0
0.3344336748123169 0
0.00012657800107263029 0
0.0007339977892115712 0
0.20462070405483246 0
0.0026478907093405724 0
0.007234466262161732 0
0.6702249050140381 0
0.00014243947225622833 0
0.0006540011381730437 0
0.6941535472869873 0
0.0002935483353212476 0
0.00023994792718440294 0
0.3942999839782715 0
0.00015275503392331302 0
0.00976378470659256 0
0.48094087839126587 0
0.0019389105727896094 0
0.00394794438034296 0
0.34180817008018494 0
0.00023653310199733824 0
0.012433324009180069 0
0.3187509775161743 0
0.0007960140937939286 0
0.0013176290085539222 0
0.3271353840827942 0
0.0006745757418684661 0
0.002831588964909315 0
0.31593844294548035 0
0.009818661957979202 0
0.022775139659643173 0
0.37643930315971375 0
0.004389879759401083 0
0.002582056447863579 0
0.31952446699142456 0
0.0004074971075169742 0
0.007650928571820259 0
0.35922345519065857 0
0.027145816013216972 0
0.00784018449485302 0
0.49030280113220215 0
0.0013560395454987884 0
0.004459097515791655 0
0.34671515226364136 0
0.002293918514624238 0
0.004517625086009502 0
0.35183557868003845 0
0.0002358443452976644 0
0.014584111049771309 0
0.3234216272830963 0
0.0003570179105736315 0
0.0021433879155665636 0
0.3598324656486511 0
0.000544360897038132 0
0.004494586028158665 0
0.6116455793380737 0
0.002510665450245142 0
0.01296828594058752 0
0.2668832540512085 0
0.002149254083633423 0
0.001412802143022418 0
0.6704602241516113 0
0.03226263076066971 0
0.0005097449175082147 0
0.6728755831718445 0
0.6872560977935791 1
0.7134189605712891 1
0.2542940378189087 1
0.6675000190734863 1
0.7173027396202087 1
0.9548356533050537 1
0.9095143675804138 1
0.9495196342468262 1
0.7442282438278198 1
0.32987919449806213 1
0.6201926469802856 1
0.6616247892379761 1
0.34201693534851074 1
0.39772170782089233 1
0.5504854917526245 1
0.3436949849128723 1
0.7716444730758667 1
0.3158816695213318 1
0.3325742483139038 1
0.307059645652771 1
0.4274153411388397 1
0.565906822681427 1
0.5189387202262878 1
