0.47524595260620117 1
0.5304864645004272 1
0.06567491590976715 1
0.5671568512916565 1
0.05810312181711197 1
0.3626269996166229 1
0.7090977430343628 1
0.008952724747359753 1
0.6263495683670044 1
0.28960785269737244 1
0.3594090938568115 1
0.3905934989452362 1
0.5652510523796082 1
0.7021006345748901 1
0.9612259268760681 1
0.32694149017333984 1
0.024359475821256638 1
0.505030632019043 1
0.0918162390589714 1
0.69559645652771 1
0.3653500974178314 1
0.4328770637512207 1
0.9391382932662964 1
0.005064827390015125 0
0.0026028777938336134 0
0.49267780780792236 0
0.0011683471966534853 0
0.07616609334945679 0
0.32291483879089355 0
0.00022031957632862031 0
0.001087383832782507 0
0.263678640127182 0
0.006776843219995499 0
0.014760235324501991 0
0.6675612330436707 0
5.024491110816598e-05 0
0.0001090098376153037 0
0.42962247133255005 0
0.0032004357781261206 0
0.00015721507952548563 0
0.3021480143070221 0
0.0003158309555146843 0
0.005419392138719559 0
0.6412113904953003 0
0.00730811757966876 0
0.0038953572511672974 0
0.335971474647522 0
0.0012957717990502715 0
0.013435120694339275 0
0.3543437421321869 0
0.003703511320054531 0
0.0025922839995473623 0
0.33348768949508667 0
0.015801256522536278 0
0.007758003659546375 0
0.3168274164199829 0
0.0030445947777479887 0
0.011582146398723125 0
0.34605515003204346 0
0.002496776171028614 0
0.001697305589914322 0
0.31906554102897644 0
0.00023396924370899796 0
0.03884270787239075 0
0.45677658915519714 0
0.02756744995713234 0
0.000975758011918515 0
0.4781227707862854 0
0.0008857229258865118 0
0.002671666443347931 0
0.35910606384277344 0
0.00445148441940546 0
0.014203062281012535 0
0.37296172976493835 0
0.00036667066160589457 0
0.018160482868552208 0
0.3497648239135742 0
0.00037103111390024424 0
0.0016667000018060207 0
0.4599038064479828 0
0.0017697064904496074 0
0.006641163490712643 0
0.6036484241485596 0
0.01829669252038002 0
0.018001608550548553 0
0.34798669815063477 0
0.004139155149459839 0
0.003935784101486206 0
0.6112751960754395 0
0.054263293743133545 0
0.0005803523818030953 0
0.6719102263450623 0
0.6947464346885681 1
0.8299444913864136 1
0.21480220556259155 1
0.6847457885742188 1
0.7026525735855103 1
0.8235530257225037 1
0.854763388633728 1
0.8708149194717407 1
0.7936987280845642 1
0.3454683721065521 1
0.5956952571868896 1
0.757389485836029 1
0.37375688552856445 1
0.41317546367645264 1
0.4887429475784302 1
0.3474341332912445 1
0.7641735076904297 1
0.2650260329246521 1
0.3346055746078491 1
0.3454662561416626 1
0.6275835037231445 1
0.6233885288238525 1
0.5115424990653992 1
