0.5296175479888916 1
0.33109399676322937 1
0.12322139739990234 1
0.49292752146720886 1
0.027751542627811432 1
0.35623881220817566 1
0.7816499471664429 1
0.05621972680091858 1
0.3574727773666382 1
0.09954838454723358 1
0.36347121000289917 1
0.3817828595638275 1
0.5832127332687378 1
0.5466574430465698 1
0.9282538890838623 1
0.6251559257507324 1
0.007877523079514503 1
0.478078693151474 1
0.058882828801870346 1
0.8604437708854675 1
0.31668615341186523 1
0.4786214232444763 1
0.8760210275650024 1
0.0035970143508166075 0
0.0014059031382203102 0
0.46858853101730347 0
0.0006489359657280147 0
0.09916993230581284 0
0.2191316783428192 0
0.0002603247412480414 0
0.0005485481815412641 0
0.11647286266088486 0
0.017011206597089767 0
0.008382551372051239 0
0.8057915568351746 0
0.00012751614849548787 0
0.0002788894926197827 0
0.6800984144210815 0
0.0005536077078431845 0
0.00020647270139306784 0
0.36920493841171265 0
0.00015870826609898359 0
0.0070405094884335995 0
0.598292350769043 0
0.0062072668224573135 0
0.0038346746005117893 0
0.3232969641685486 0
0.0014517417876049876 0
0.0035941151436418295 0
0.3199208974838257 0
0.00036137248389422894 0
0.0013089114800095558 0
0.3226349353790283 0
0.0014060789253562689 0
0.0025456161238253117 0
0.3199358582496643 0
0.0019433521665632725 0
0.014103613793849945 0
0.33754095435142517 0
0.0029014653991907835 0
0.002879273844882846 0
0.3322743773460388 0
0.00033175383578054607 0
0.016508689150214195 0
0.2499564290046692 0
0.025132333859801292 0
0.0036437949165701866 0
0.5263611078262329 0
0.003315475769340992 0
0.0027266955003142357 0
0.3584584891796112 0
0.003788660978898406 0
0.014324917457997799 0
0.3822433352470398 0
0.0008068917668424547 0
0.025128576904535294 0
0.3277563750743866 0
0.00023057677026372403 0
0.0010045907692983747 0
0.36751171946525574 0
0.03295256569981575 0
0.007490120828151703 0
0.5715287923812866 0
0.0068970415741205215 0
0.018351498991250992 0
0.24540512263774872 0
0.005702459253370762 0
0.0029583689756691456 0
0.6683856844902039 0
0.08794425427913666 0
0.0009547538356855512 0
0.6588020324707031 0
0.6817203760147095 1
0.8626881837844849 1
0.31452620029449463 1
0.6971135139465332 1
0.7071067690849304 1
0.8493776321411133 1
0.8324050903320312 1
0.8807286024093628 1
0.7243415117263794 1
0.340715616941452 1
0.644188404083252 1
0.6936959624290466 1
0.4180281162261963 1
0.3614799678325653 1
0.5315729379653931 1
0.28403204679489136 1
0.856966495513916 1
0.33894842863082886 1
0.34909582138061523 1
0.39118295907974243 1
0.6031787991523743 1
0.5455021262168884 1
0.6359293460845947 1
