0.1146034300327301 1
0.35539042949676514 1
0.13707010447978973 1
0.3102085292339325 1
0.031023455783724785 1
0.4450864791870117 1
0.7096382975578308 1
0.060692548751831055 1
0.5107435584068298 1
0.1917838156223297 1
0.3390834927558899 1
0.2659394145011902 1
0.40442997217178345 1
0.6133966445922852 1
0.9172695875167847 1
0.6499328017234802 1
0.004398811608552933 1
0.5831973552703857 1
0.08666917681694031 1
0.7218972444534302 1
0.3226267099380493 1
0.09588657319545746 1
0.7744514346122742 1
0.0019604479894042015 0
0.0013542398810386658 0
0.39678841829299927 0
0.00041651667561382055 0
0.015520746819674969 0
0.2882024049758911 0
0.0003806027816608548 0
0.0005176144186407328 0
0.23106005787849426 0
0.011150836944580078 0
0.01528921164572239 0
0.8005640506744385 0
6.054034747648984e-05 0
0.00011289171379758045 0
0.43646764755249023 0
0.0017851132433861494 0
0.0001588318555150181 0
0.6459026336669922 0
0.00031736682285554707 0
0.00023668582434765995 0
0.6449124813079834 0
0.015723519027233124 0
0.0021542045287787914 0
0.3415936827659607 0
0.0008160588331520557 0
0.0048172734677791595 0
0.40041229128837585 0
0.00038466998375952244 0
0.0006740106036886573 0
0.3344387412071228 0
0.0019863471388816833 0
0.005911322310566902 0
0.2974444627761841 0
0.0014924604911357164 0
0.008268853649497032 0
0.3389333486557007 0
0.001185934990644455 0
0.0008932828204706311 0
0.31050601601600647 0
0.00011451769387349486 0
0.20470309257507324 0
0.3194129765033722 0
0.019310452044010162 0
0.002485356293618679 0
0.3831225037574768 0
0.0012081590248271823 0
0.0005182609893381596 0
0.3357219398021698 0
0.007779913954436779 0
0.06147988885641098 0
0.3627854287624359 0
0.00010310595098417252 0
0.011594334617257118 0
0.3220995366573334 0
0.0005223389598540962 0
0.0008074789075180888 0
0.3899473547935486 0
0.003270101500675082 0
0.0023958897218108177 0
0.4328082501888275 0
0.0031722402200102806 0
0.023820728063583374 0
0.22807841002941132 0
0.0012749850284308195 0
0.0025327722541987896 0
0.6712478399276733 0
0.02993379905819893 0
0.0005439576925709844 0
0.6950742602348328 0
0.6926624774932861 1
0.7972840666770935 1
0.3624638319015503 1
0.689754843711853 1
0.6986903548240662 1
0.8154109716415405 1
0.9237194061279297 1
0.8838765025138855 1
0.7090212106704712 1
0.32345545291900635 1
0.6722897291183472 1
0.7202247977256775 1
0.34475117921829224 1
0.348626971244812 1
0.664000391960144 1
0.3458702266216278 1
0.728881299495697 1
0.3428993821144104 1
0.34995603561401367 1
0.27575060725212097 1
0.4432302415370941 1
0.7207237482070923 1
0.49801188707351685 1
