0.3006996810436249 1
0.5542241930961609 1
0.2322361171245575 1
0.7884883284568787 1
0.07864833623170853 1
0.3584359586238861 1
0.7171360850334167 1
0.06198012828826904 1
0.6205687522888184 1
0.1859636753797531 1
0.3375765085220337 1
0.2650785744190216 1
0.5336494445800781 1
0.5971246957778931 1
0.9673578143119812 1
0.32903003692626953 1
0.012417169287800789 1
0.5020174980163574 1
0.06525347381830215 1
0.8449320793151855 1
0.3279443681240082 1
0.5270297527313232 1
0.814231812953949 1
0.0028799795545637608 0
0.001010567881166935 0
0.584263801574707 0
0.0007745755137875676 0
0.07717624306678772 0
0.3306504786014557 0
0.0007053282461129129 0
0.001594768138602376 0
0.24907182157039642 0
0.015654992312192917 0
0.010277945548295975 0
0.6668912172317505 0
0.00014679672312922776 0
0.00029531028121709824 0
0.8306431770324707 0
0.00045732976286672056 0
0.00013429006503429264 0
0.448308527469635 0
0.0005887657753191888 0
0.0006353858043439686 0
0.49191945791244507 0
0.01080617867410183 0
0.0037775104865431786 0
0.33341583609580994 0
0.00033174044801853597 0
0.006026494782418013 0
0.3212852478027344 0
0.0008350014686584473 0
0.0050317710265517235 0
0.33326584100723267 0
0.007768000941723585 0
0.008530795574188232 0
0.3245428204536438 0
0.030341017991304398 0
0.009780868887901306 0
0.3373400866985321 0
0.005483418237417936 0
0.002607962815091014 0
0.34006255865097046 0
0.0015944697661325336 0
0.023627929389476776 0
0.33085915446281433 0
0.042984768748283386 0
0.007434570696204901 0
0.3718642592430115 0
0.0025473139248788357 0
0.008271748200058937 0
0.3502175211906433 0
0.008408661931753159 0
0.008050750941038132 0
0.5173224806785583 0
0.00040473401895724237 0
0.015420231968164444 0
0.34514856338500977 0
0.0007397594745270908 0
0.0017611103830859065 0
0.4326121211051941 0
0.0024552480317652225 0
0.02113793045282364 0
0.43174752593040466 0
0.004246887285262346 0
0.01953187584877014 0
0.31931838393211365 0
0.00503193074837327 0
0.018127132207155228 0
0.4406052529811859 0
0.07784200459718704 0
0.0022343965247273445 0
0.6966671943664551 0
0.7093650102615356 1
0.9062585234642029 1
0.23608511686325073 1
0.6910570859909058 1
0.9508563876152039 1
0.966771125793457 1
0.9762308597564697 1
0.9891971349716187 1
0.8865939974784851 1
0.37965166568756104 1
0.45760196447372437 1
0.9771074056625366 1
0.40485498309135437 1
0.43990564346313477 1
0.3526648283004761 1
0.37870073318481445 1
0.8608161807060242 1
0.3840262293815613 1
0.36771246790885925 1
0.3412415683269501 1
0.6754751205444336 1
0.4344540238380432 1
0.7616093158721924 1
