0.9944405555725098 1
0.004463839344680309 0
0.08252526819705963 0
0.03510449826717377 0
0.6513838768005371 0
0.9887427687644958 1
0.0702875480055809 0
0.7535550594329834 0
0.2062816619873047 0
0.9923520088195801 0
0.9969143271446228 1
0.02829299494624138 0
0.15098461508750916 0
0.11598417162895203 0
0.04697101563215256 0
0.999208390712738 1
0.3204318881034851 0
0.6342523097991943 0
0.03699825704097748 0
0.9271106719970703 0
0.9923147559165955 1
0.8821708559989929 0
0.9739081263542175 0
0.9078773856163025 0
0.9649094343185425 0
0.9996734857559204 1
0.7004849314689636 0
0.9938721656799316 0
0.5889318585395813 0
0.9782508611679077 0
0.9830824732780457 1
0.0641285628080368 0
0.7931897640228271 0
0.010942241176962852 0
0.42546719312667847 0
0.9959867000579834 1
0.055718451738357544 0
0.001610093517228961 0
0.12043016403913498 0
0.8296120166778564 0
0.9848151206970215 1
0.7223755717277527 0
0.9551838636398315 0
0.00030561795574612916 0
0.022541506215929985 0
0.9998683333396912 1
0.02219536527991295 0
0.14657318592071533 0
0.0611218623816967 0
0.8602535128593445 0
0.9662062525749207 1
0.525364875793457 0
0.045409202575683594 0
0.8046647906303406 0
0.946206271648407 0
0.9988174438476562 1
0.0495581179857254 0
0.34245622158050537 0
0.5793480277061462 0
0.9729728698730469 0
0.9996045827865601 1
0.010994131676852703 0
0.001441758475266397 0
0.055429063737392426 0
0.3711216449737549 0
0.9972399473190308 1
0.9931018352508545 0
0.99815434217453 0
0.9513265490531921 0
0.9939913749694824 0
0.999775767326355 1
0.04247335344552994 0
0.008339366875588894 0
0.7405955195426941 0
0.7030634880065918 0
0.9975878596305847 1
0.015471483580768108 0
0.19352160394191742 0
0.42117464542388916 0
0.8972205519676208 0
0.9975139498710632 1
0.395400732755661 0
0.011185715906322002 0
0.9994052648544312 0
0.76678866147995 0
0.9986405372619629 1
0.0017892103642225266 0
0.18768857419490814 0
0.6491225957870483 0
0.0743693858385086 0
0.9974145889282227 1
0.00012063495523761958 0
0.002831332152709365 0
0.11018069088459015 0
0.03954952210187912 0
0.9988784193992615 1
0.0004903314984403551 0
0.053234778344631195 0
0.00503840297460556 0
0.015603862702846527 0
0.9719642996788025 1
0.0004730428918264806 0
0.004772628657519817 0
0.0029472410678863525 0
0.015766538679599762 0
0.9997923374176025 1
0.016039036214351654 0
0.9649220705032349 0
0.051907360553741455 0
0.0054670823737978935 0
0.9989213347434998 1
0.011631196364760399 0
0.7842895984649658 0
0.013480260036885738 0
0.03736202046275139 0
0.9961244463920593 1
0.013886119239032269 0
0.7429423332214355 0
0.005933084990829229 0
0.0025493651628494263 0
0.9981141090393066 1
0.004547203425318003 0
0.7616299986839294 0
0.7868754267692566 0
0.2534946799278259 0
0.9993737936019897 1
0.006581448949873447 0
0.9408597350120544 0
0.3958722949028015 0
0.3806648850440979 0
0.9862224459648132 1
0.10732223838567734 0
0.9526209831237793 0
0.00830918364226818 0
0.06334041059017181 0
0.9963581562042236 1
0.001581692835316062 0
0.0405767597258091 0
0.8735596537590027 0
0.026473652571439743 0
0.9994639158248901 1
0.002517838729545474 0
0.5040769577026367 0
0.7450405955314636 0
0.009555946104228497 0
0.9947179555892944 1
0.0009359294781461358 0
0.019259830936789513 0
0.03139566630125046 0
0.021876048296689987 0
0.9998569488525391 1
0.006757424678653479 0
0.06800293177366257 0
0.0013981584925204515 0
0.013988814316689968 0
0.999618411064148 1
0.026067860424518585 0
0.056618910282850266 0
0.18725286424160004 0
0.001132921315729618 0
0.997809886932373 1
0.00647745281457901 0
0.046300631016492844 0
0.000946973217651248 0
0.0017286362126469612 0
0.3818701207637787 1
0.0009629093110561371 0
0.025054585188627243 0
0.022756725549697876 0
0.002005157060921192 0
0.95250403881073 1
0.0001279224525205791 0
0.00040485739009454846 0
0.00380467576906085 0
0.0020241213496774435 0
0.8172933459281921 1
0.0004518553032539785 0
0.004382781684398651 0
0.00011679275485221297 0
0.00037907747901044786 0
0.6719862222671509 1
0.0011101982090622187 0
0.17992180585861206 0
0.36126506328582764 0
0.0004598174709826708 0
0.9255479574203491 1
0.0017562555149197578 0
0.6277689337730408 0
0.8379737138748169 0
0.1207941398024559 0
0.9448651671409607 1
0.4374706745147705 0
0.7948389053344727 0
0.40669187903404236 0
0.9489158391952515 0
0.676383376121521 1
0.000105221253761556 0
0.003272083355113864 0
0.12626945972442627 0
0.0003994978033006191 0
0.8530751466751099 1
0.0001673712395131588 0
0.001291139516979456 0
0.0019718154799193144 0
7.229081529658288e-05 0
0.9185149669647217 1
0.00016598589718341827 0
0.0027264668606221676 0
0.002349582500755787 0
0.0016109090065583587 0
0.9905320405960083 1
0.032292455434799194 0
0.9944686889648438 0
0.9164037704467773 0
7.476342580048367e-05 0
0.9995510578155518 1
0.008345323614776134 0
0.9935441017150879 0
0.7555062174797058 0
0.42505550384521484 0
0.9988852739334106 1
0.8232975006103516 0
0.969664454460144 0
0.09306886047124863 0
0.588693380355835 0
0.995015561580658 1
5.6041317293420434e-05 0
0.0010286725591868162 0
0.46589553356170654 0
1.5392855857498944e-05 0
0.9888438582420349 1
0.0003631010768003762 0
0.8449172377586365 0
0.10959874093532562 0
8.294895815197378e-05 0
0.9591745734214783 1
0.0345984548330307 0
0.8485026359558105 0
0.8001484870910645 0
0.0055886534973979 0
0.990740180015564 1
0.0825905129313469 0
0.09736280143260956 0
0.16701388359069824 0
0.005841636098921299 0
0.9002707004547119 1
0.7613839507102966 0
0.8233944177627563 0
0.0008041296969167888 0
0.018258241936564445 0
0.5808768272399902 1
0.17200303077697754 0
0.9754531383514404 0
0.2125835418701172 0
0.48050665855407715 0
0.9081265926361084 1
0.38640183210372925 0
0.19372117519378662 0
0.010936154052615166 0
0.002505164360627532 0
0.9793509244918823 1
0.31774890422821045 0
0.824601411819458 0
0.0014655436389148235 0
0.00022113969316706061 0
0.9923162460327148 1
0.13535530865192413 0
0.5094729661941528 0
0.02149769477546215 0
0.3438403010368347 0
0.9647791385650635 1
0.0004397032898850739 0
0.6002209782600403 0
0.12125139683485031 0
0.0002950339112430811 0
0.09408794343471527 1
0.06351810693740845 0
0.9920017123222351 0
0.9693965315818787 0
0.22357845306396484 0
0.9961235523223877 1
0.46447956562042236 0
0.8678903579711914 0
0.23443913459777832 0
0.9289673566818237 0
0.14096491038799286 1
5.601359225693159e-05 0
0.005533759947866201 0
0.23684929311275482 0
0.0003112594713456929 0
0.9478104114532471 1
0.00019223934214096516 0
0.04144611582159996 0
0.08438672870397568 0
4.1092800529440865e-05 0
0.9923202395439148 1
0.0007375508430413902 0
0.029988057911396027 0
0.018366344273090363 0
0.0010398346930742264 0
0.9982157945632935 1
0.04335601627826691 0
0.1789751946926117 0
0.1262425035238266 0
0.001286990474909544 0
0.9998142123222351 1
0.05953001230955124 0
0.21777699887752533 0
0.9049960374832153 0
0.3753301501274109 0
0.9967343211174011 1
0.09676510095596313 0
0.2057471126317978 0
0.4832616448402405 0
0.3487170934677124 0
0.9989344477653503 1
0.00015228381380438805 0
0.16032946109771729 0
8.523707037966233e-06 0
0.00018670567078515887 0
0.7213578224182129 1
0.00040970224654302 0
0.11878593266010284 0
0.0011385687394067645 0
2.0287443476263434e-05 0
0.9652245044708252 1
0.11238281428813934 0
0.8094810247421265 0
0.3584791123867035 0
0.03180495277047157 0
0.03255743905901909 1
3.4594544558785856e-05 0
0.0504179373383522 0
0.010464213788509369 0
3.765906149055809e-05 0
0.8000757694244385 1
0.00023388952831737697 0
0.5864467620849609 0
0.5791751146316528 0
0.018036819994449615 0
0.9942110776901245 1
0.018256420269608498 0
0.9368185997009277 0
0.2752031683921814 0
0.4912458062171936 0
0.0013235009973868728 1
2.1649851987604052e-05 0
0.00010232472413918003 0
0.015690157189965248 0
3.027490265594679e-06 0
0.044676825404167175 1
4.64418189949356e-05 0
0.0002496815868653357 0
0.0005439500091597438 0
1.7109317923313938e-05 0
0.7370843887329102 1
0.00027493294328451157 0
0.0014604867901653051 0
0.011604981496930122 0
0.0028631999157369137 0
