0.15544557571411133 1
0.4251301884651184 1
0.17201468348503113 1
0.46390390396118164 1
0.0047174422070384026 1
0.37198352813720703 1
0.4406237304210663 1
0.02698536589741707 1
0.5101932883262634 1
0.047485463321208954 1
0.3041762709617615 1
0.10638011991977692 1
0.5241774320602417 1
0.4053688943386078 1
0.9746167063713074 1
0.2378334403038025 1
0.020866867154836655 1
0.4549330472946167 1
0.17367921769618988 1
0.4825381934642792 1
0.27315065264701843 1
0.42633411288261414 1
0.7048978805541992 1
0.006435084622353315 0
0.0024887030012905598 0
0.6412530541419983 0
0.00187419424764812 0
0.06713375449180603 0
0.23107580840587616 0
0.0007443403592333198 0
0.001056102686561644 0
0.0907256230711937 0
0.012083540670573711 0
0.006238988600671291 0
0.7347522974014282 0
0.0004418639582581818 0
0.0003013001405633986 0
0.7088133096694946 0
0.0006497019785456359 0
0.0004987911088392138 0
0.4622696042060852 0
0.001235351199284196 0
0.004658502992242575 0
0.567811131477356 0
0.009106559678912163 0
0.005303829442709684 0
0.31928741931915283 0
0.0018952388782054186 0
0.00454495707526803 0
0.3915331959724426 0
0.0012221138458698988 0
0.007708006538450718 0
0.30553391575813293 0
0.004037017934024334 0
0.0053681014105677605 0
0.298088014125824 0
0.025405190885066986 0
0.023190965875983238 0
0.36074098944664 0
0.025696977972984314 0
0.007397923152893782 0
0.3464905917644501 0
0.001052409061230719 0
0.02597469463944435 0
0.3244060277938843 0
0.08248632401227951 0
0.005737630184739828 0
0.4590856432914734 0
0.001526370644569397 0
0.002501554088667035 0
0.35981878638267517 0
0.12519493699073792 0
0.01995648816227913 0
0.5246119499206543 0
0.0022228891029953957 0
0.016615834087133408 0
0.341361403465271 0
0.0009079406736418605 0
0.0007727660704404116 0
0.3447246253490448 0
0.007947457954287529 0
0.005839115008711815 0
0.5681004524230957 0
0.002752260770648718 0
0.02549969032406807 0
0.3100889325141907 0
0.01082991249859333 0
0.014886497519910336 0
0.6301132440567017 0
0.12977752089500427 0
0.00336313690058887 0
0.7049736976623535 0
0.7106574773788452 1
0.8868042230606079 1
0.3462850749492645 1
0.5744789242744446 1
0.747008204460144 1
0.9531683921813965 1
0.7721565961837769 1
0.9299008250236511 1
0.8342986106872559 1
0.34451204538345337 1
0.44274455308914185 1
0.8593733310699463 1
0.3769427239894867 1
0.5488067269325256 1
0.506568431854248 1
0.3457516133785248 1
0.7471393942832947 1
0.48591718077659607 1
0.5059703588485718 1
0.36357614398002625 1
0.47627028822898865 1
0.6391169428825378 1
0.6646518707275391 1
