0.08162374049425125 1
0.36696910858154297 1
0.25219327211380005 1
0.503203272819519 1
0.019487254321575165 1
0.3276054859161377 1
0.5317417979240417 1
0.009097500704228878 1
0.49254167079925537 1
0.17106488347053528 1
0.3423256576061249 1
0.29172298312187195 1
0.31732460856437683 1
0.49706536531448364 1
0.8539847135543823 1
0.24230211973190308 1
0.003719193395227194 1
0.437633216381073 1
0.17609822750091553 1
0.7482808828353882 1
0.25056982040405273 1
0.40265196561813354 1
0.687131404876709 1
0.0032283056061714888 0
0.0038685528561472893 0
0.4453851878643036 0
0.0014046508586034179 0
0.15979233384132385 0
0.295964777469635 0
0.0007285944884642959 0
0.002228739205747843 0
0.2530885934829712 0
0.029337508603930473 0
0.04885686933994293 0
0.6757842898368835 0
0.00026707525830715895 0
0.0006444189348258078 0
0.607079267501831 0
0.00059552735183388 0
0.0005048142047598958 0
0.3104286789894104 0
0.0006179909687489271 0
0.008115243166685104 0
0.384522020816803 0
0.019931886345148087 0
0.006213805638253689 0
0.3185132145881653 0
0.0022882448974996805 0
0.008321285247802734 0
0.25053277611732483 0
0.0015102254692465067 0
0.002624981803819537 0
0.30271899700164795 0
0.0026028722058981657 0
0.008598275482654572 0
0.3044685125350952 0
0.002370464848354459 0
0.009294395335018635 0
0.3401345908641815 0
0.011234447360038757 0
0.00845480989664793 0
0.3355831801891327 0
0.002904611174017191 0
0.028809845447540283 0
0.33880460262298584 0
0.015833713114261627 0
0.0064712329767644405 0
0.3642267882823944 0
0.002002152381464839 0
0.009014403447508812 0
0.3206562399864197 0
0.039757952094078064 0
0.012036632746458054 0
0.383992075920105 0
0.0009068185463547707 0
0.01989584043622017 0
0.3013657033443451 0
0.000519945053383708 0
0.0019446158548817039 0
0.37599048018455505 0
0.006853650324046612 0
0.002823624759912491 0
0.4465973377227783 0
0.0024860845878720284 0
0.04794665426015854 0
0.2940330505371094 0
0.005346581339836121 0
0.016577109694480896 0
0.4862755239009857 0
0.135264590382576 0
0.0015871645882725716 0
0.6501229405403137 0
0.6886957883834839 1
0.8709480166435242 1
0.5565266609191895 1
0.660563588142395 1
0.7637292742729187 1
0.9320930242538452 1
0.9636023044586182 1
0.9681059122085571 1
0.8715204000473022 1
0.40982291102409363 1
0.3567868173122406 1
0.8642076253890991 1
0.4052656590938568 1
0.43607962131500244 1
0.42385873198509216 1
0.34718722105026245 1
0.7476032972335815 1
0.34194013476371765 1
0.4295559525489807 1
0.38997146487236023 1
0.5441974401473999 1
0.6602146625518799 1
0.6152840256690979 1
