0.6577342748641968 1
0.2987363636493683 0
0.30024129152297974 0
0.1321241557598114 0
0.45677289366722107 0
0.6530832052230835 1
0.07116612792015076 0
0.23165929317474365 0
0.1334482729434967 0
0.5417762994766235 0
0.5802195072174072 1
0.3123723864555359 0
0.33436840772628784 0
0.2803734242916107 0
0.3330747187137604 0
0.9541756510734558 1
0.4730534255504608 0
0.6338097453117371 0
0.17090880870819092 0
0.5490648746490479 0
0.9073805809020996 1
0.5721966624259949 0
0.677513837814331 0
0.482854425907135 0
0.7527586817741394 0
0.9930805563926697 1
0.7595599889755249 0
0.6403613090515137 0
0.29721322655677795 0
0.6635661721229553 0
0.6147855520248413 1
0.435065358877182 0
0.9275084733963013 0
0.30900803208351135 0
0.5280183553695679 0
0.5999720096588135 1
0.565327525138855 0
0.3410903215408325 0
0.30109137296676636 0
0.6057277917861938 0
0.35512834787368774 1
0.5558584928512573 0
0.9003287553787231 0
0.30560341477394104 0
0.3299402594566345 0
0.9900082945823669 1
0.09088630974292755 0
0.24081198871135712 0
0.11142705380916595 0
0.6895496249198914 0
0.957044780254364 1
0.14838461577892303 0
0.040633901953697205 0
0.2847065329551697 0
0.5696848034858704 0
0.8798958659172058 1
0.29766976833343506 0
0.314738929271698 0
0.3277139365673065 0
0.7141503691673279 0
0.9504908919334412 1
0.21240578591823578 0
0.30817991495132446 0
0.1527564525604248 0
0.3339315354824066 0
0.8768453001976013 1
0.9380577802658081 0
0.9509674906730652 0
0.3773815631866455 0
0.9440702199935913 0
0.7199351191520691 1
0.3072848320007324 0
0.33669233322143555 0
0.3365362584590912 0
0.41646522283554077 0
0.6195928454399109 1
0.12803915143013 0
0.5624593496322632 0
0.21302752196788788 0
0.17095351219177246 0
0.8109434843063354 1
0.6555567979812622 0
0.6566463708877563 0
0.9414789080619812 0
0.4794606566429138 0
0.7053055167198181 1
0.23246189951896667 0
0.5719379186630249 0
0.3431723117828369 0
0.4709911346435547 0
0.6519348621368408 1
0.002030730713158846 0
0.06496895849704742 0
0.2548595070838928 0
0.2516282796859741 0
0.6593226194381714 1
0.013346267864108086 0
0.30677661299705505 0
0.24148748815059662 0
0.36338549852371216 0
0.4125397205352783 1
0.08700793981552124 0
0.3291250467300415 0
0.26482659578323364 0
0.2688339948654175 0
0.6796125769615173 1
0.15941452980041504 0
0.8552359342575073 0
0.3462437093257904 0
0.048569872975349426 0
0.6872652769088745 1
0.2298608124256134 0
0.6948925852775574 0
0.2891474962234497 0
0.2896495461463928 0
0.46651583909988403 1
0.2980042099952698 0
0.545087993144989 0
0.1726527214050293 0
0.24745945632457733 0
0.6601701378822327 1
0.3161220848560333 0
0.9758039712905884 0
0.6277135610580444 0
0.4243728518486023 0
0.7370773553848267 1
0.2009095847606659 0
0.7896329164505005 0
0.6132652163505554 0
0.6322819590568542 0
0.5050427913665771 1
0.17678974568843842 0
0.9495837092399597 0
0.3009253144264221 0
0.5210452079772949 0
0.6743901968002319 1
0.05103420466184616 0
0.34368395805358887 0
0.6063106060028076 0
0.5816692113876343 0
0.711937427520752 1
0.1350141167640686 0
0.3350955843925476 0
0.352317214012146 0
0.287110835313797 0
0.46751150488853455 1
0.11111395806074142 0
0.2797417938709259 0
0.30990082025527954 0
0.3134291470050812 0
0.7617177367210388 1
0.22448796033859253 0
0.49748048186302185 0
0.24994444847106934 0
0.37308523058891296 0
0.6933954954147339 1
0.3050364851951599 0
0.3740733861923218 0
0.19306817650794983 0
0.033514730632305145 0
0.5823560953140259 1
0.2448938935995102 0
0.29374492168426514 0
0.029973171651363373 0
0.11962515115737915 0
0.5854653716087341 1
0.008640887215733528 0
0.26301923394203186 0
0.35577327013015747 0
0.08648868650197983 0
0.6188621520996094 1
0.01674928516149521 0
0.0594576820731163 0
0.1364559382200241 0
0.02611061930656433 0
0.32348620891571045 1
0.09456869214773178 0
0.2213273048400879 0
0.00937002245336771 0
0.018010523170232773 0
0.3396967053413391 1
0.32772326469421387 0
0.3330625891685486 0
0.33341631293296814 0
0.15155494213104248 0
0.34151309728622437 1
0.32716798782348633 0
0.33404359221458435 0
0.3388652205467224 0
0.34729310870170593 0
0.3354104161262512 1
0.32740890979766846 0
0.33189693093299866 0
0.23314225673675537 0
0.3329791724681854 0
0.33403727412223816 1
0.23541216552257538 0
0.33212748169898987 0
0.3323417901992798 0
0.033813707530498505 0
0.35201987624168396 1
0.14818917214870453 0
0.2835981547832489 0
0.3259635269641876 0
0.10782235860824585 0
0.6261371374130249 1
0.20209485292434692 0
0.3124143183231354 0
0.332444429397583 0
0.3157440721988678 0
0.8186070919036865 1
0.5585178136825562 0
0.5803062915802002 0
0.34069597721099854 0
0.2330133318901062 0
0.7713610529899597 1
0.48291417956352234 0
0.5994446277618408 0
0.39986735582351685 0
0.45932143926620483 0
0.9065958857536316 1
0.36919480562210083 0
0.3623264729976654 0
0.2056652158498764 0
0.30642807483673096 0
0.6673123240470886 1
0.2553642988204956 0
0.3589184880256653 0
0.3633226752281189 0
0.02092113345861435 0
0.6903141736984253 1
0.2728825807571411 0
0.4591600298881531 0
0.3322771489620209 0
0.05960271507501602 0
0.8894769549369812 1
0.5379855632781982 0
0.8709934949874878 0
0.647161602973938 0
0.1194448173046112 0
0.3335725665092468 1
0.3779342770576477 0
0.8234457969665527 0
0.3797050714492798 0
0.6603724360466003 0
0.338681697845459 1
0.2986525595188141 0
0.7140681743621826 0
0.3270450532436371 0
0.5854692459106445 0
0.45842763781547546 1
0.30802997946739197 0
0.7479075193405151 0
0.11871989071369171 0
0.18073439598083496 0
0.3542426824569702 1
0.5066564083099365 0
0.9314109683036804 0
0.3540187478065491 0
0.4437475800514221 0
0.3935851752758026 1
0.0947582945227623 0
0.7888073325157166 0
0.3311184346675873 0
0.18840360641479492 0
0.45748579502105713 1
0.47704407572746277 0
0.7693570852279663 0
0.5490370988845825 0
0.6763772368431091 0
0.6891736388206482 1
0.3321199119091034 0
0.3310720920562744 0
0.4412493407726288 0
0.12349595874547958 0
0.6666743755340576 1
0.3305011987686157 0
0.335153192281723 0
0.5102174282073975 0
0.5651113986968994 0
0.9752058982849121 1
0.11608155816793442 0
0.32364922761917114 0
0.24520151317119598 0
0.3958145081996918 0
0.6231850981712341 1
0.0015469433274120092 0
0.3328230381011963 0
0.3943249583244324 0
0.012592318467795849 0
0.6749822497367859 1
0.09860579669475555 0
0.33038389682769775 0
0.3432999551296234 0
0.02151450142264366 0
0.9886183142662048 1
0.10622166842222214 0
0.31674593687057495 0
0.6430851221084595 0
0.04388606175780296 0
0.5165719985961914 1
0.33443066477775574 0
0.3337181508541107 0
0.43688127398490906 0
0.33343514800071716 0
0.565671443939209 1
0.357296884059906 0
0.3371434807777405 0
0.40894007682800293 0
0.3922954797744751 0
0.5712922215461731 1
0.2803496718406677 0
0.33132052421569824 0
0.24730144441127777 0
0.28540799021720886 0
0.6837661266326904 1
0.3316744863986969 0
0.5436848998069763 0
0.09649330377578735 0
0.08236546069383621 0
0.5461745262145996 1
0.33191072940826416 0
0.3339237868785858 0
0.33025193214416504 0
0.19915799796581268 0
0.8420073390007019 1
0.6669127345085144 0
0.9479349851608276 0
0.6496883630752563 0
0.5522007346153259 0
0.3795367181301117 1
0.30457454919815063 0
0.2721750736236572 0
0.3535245358943939 0
0.08060281723737717 0
0.6747259497642517 1
0.027238857001066208 0
0.4501192271709442 0
0.33146315813064575 0
0.21321898698806763 0
0.509392499923706 1
0.25130346417427063 0
0.5890564322471619 0
0.28217563033103943 0
0.07144298404455185 0
0.3371277451515198 1
0.14685510098934174 0
0.08455486595630646 0
0.15557223558425903 0
0.0013916789321228862 0
0.5613948106765747 1
0.03502512723207474 0
0.17285297811031342 0
0.3321540951728821 0
0.04204697906970978 0
0.666286289691925 1
0.18404905498027802 0
0.5556464195251465 0
0.4983033537864685 0
0.05405041202902794 0
