0.21166054904460907 1
0.5012427568435669 1
0.17543278634548187 1
0.4309542775154114 1
0.037421829998493195 1
0.6130373477935791 1
0.7534505724906921 1
0.04290887340903282 1
0.5325963497161865 1
0.16281676292419434 1
0.4290396571159363 1
0.19311237335205078 1
0.399319589138031 1
0.6291276216506958 1
0.9450798034667969 1
0.3062788248062134 1
0.013841338455677032 1
0.566208004951477 1
0.2253982126712799 1
0.6027350425720215 1
0.3621141314506531 1
0.5464709997177124 1
0.937673032283783 1
0.0019254893995821476 0
0.0005732276476919651 0
0.5394272208213806 0
0.0005941054550930858 0
0.13774824142456055 0
0.29209625720977783 0
0.0003246532869525254 0
0.0009732220787554979 0
0.12741979956626892 0
0.00525297736749053 0
0.03902376443147659 0
0.907322108745575 0
0.00016907263488974422 0
0.0003078856389038265 0
0.8497382998466492 0
0.000506068579852581 0
0.0006000379216857255 0
0.6850109100341797 0
0.0009233044693246484 0
0.006418134551495314 0
0.6221420764923096 0
0.02875492349267006 0
0.005242021754384041 0
0.340290367603302 0
0.0004893493605777621 0
0.01131666824221611 0
0.47418200969696045 0
0.0006151266861706972 0
0.003807688131928444 0
0.3320000171661377 0
0.0048665739595890045 0
0.007722895126789808 0
0.33618319034576416 0
0.008316013030707836 0
0.04186373949050903 0
0.3633537292480469 0
0.009907987900078297 0
0.007040027063339949 0
0.3358827829360962 0
0.0005096374079585075 0
0.025656942278146744 0
0.4359586834907532 0
0.02125323936343193 0
0.013484860770404339 0
0.45996999740600586 0
0.006359502207487822 0
0.00482694897800684 0
0.37996870279312134 0
0.00556316040456295 0
0.007143023889511824 0
0.6616799831390381 0
0.0005830898298881948 0
0.032131608575582504 0
0.42493268847465515 0
0.00041934146429412067 0
0.004837850108742714 0
0.48704227805137634 0
0.036194972693920135 0
0.0035486319102346897 0
0.6784741282463074 0
0.008258937858045101 0
0.04606287181377411 0
0.48231929540634155 0
0.0037987136747688055 0
0.0036242136266082525 0
0.7037398219108582 0
0.06779776513576508 0
0.0013658807147294283 0
0.7697026133537292 0
0.7176455855369568 1
0.873746395111084 1
0.5298504829406738 1
0.7432827353477478 1
0.8922533988952637 1
0.9129871129989624 1
0.8777506351470947 1
0.9022794961929321 1
0.8867878913879395 1
0.48833489418029785 1
0.7106027603149414 1
0.8355554342269897 1
0.40100809931755066 1
0.31168240308761597 1
0.385158896446228 1
0.36831650137901306 1
0.8366934061050415 1
0.3689420223236084 1
0.5978750586509705 1
0.3173214793205261 1
0.6592201590538025 1
0.706211268901825 1
0.6658801436424255 1
