0.13192026317119598 1
0.600551962852478 1
0.030929338186979294 1
0.6984178423881531 1
0.034440986812114716 1
0.6314781904220581 1
0.6668407917022705 1
0.04914974421262741 1
0.6174471974372864 1
0.0344095304608345 1
0.35734057426452637 1
0.09768764674663544 1
0.5363495349884033 1
0.6378751993179321 1
0.9410765171051025 1
0.33147162199020386 1
0.008077951148152351 1
0.36551904678344727 1
0.021751314401626587 1
0.6771405935287476 1
0.2592889070510864 1
0.5294348001480103 1
0.9100297689437866 1
0.0042855748906731606 0
0.0025291726924479008 0
0.4280601143836975 0
0.00041120496462099254 0
0.12169545143842697 0
0.21868062019348145 0
0.0008720513433218002 0
0.0007927402621135116 0
0.16490262746810913 0
0.018330976366996765 0
0.03615611791610718 0
0.654283881187439 0
0.0001347559446003288 0
0.0004413255664985627 0
0.584721565246582 0
0.0010542056988924742 0
0.00013256180682219565 0
0.45591410994529724 0
0.0006598990876227617 0
0.00047991599421948195 0
0.6168924570083618 0
0.017248794436454773 0
0.002779364585876465 0
0.3333986699581146 0
0.0007150198216550052 0
0.008148912340402603 0
0.3981266915798187 0
0.0010854676365852356 0
0.001912144012749195 0
0.33422669768333435 0
0.0019246939336881042 0
0.0070786625146865845 0
0.32412445545196533 0
0.0037904060445725918 0
0.00843825377523899 0
0.34028810262680054 0
0.003341205418109894 0
0.00535303819924593 0
0.34424883127212524 0
0.0004952210001647472 0
0.011824293062090874 0
0.3351491093635559 0
0.07473121583461761 0
0.0034728744067251682 0
0.5427348017692566 0
0.002690394874662161 0
0.0018331711180508137 0
0.41732117533683777 0
0.023281190544366837 0
0.007366633042693138 0
0.5743706822395325 0
0.0002778366324491799 0
0.02728879824280739 0
0.30457380414009094 0
0.0010456490563228726 0
0.0009863234590739012 0
0.5913863182067871 0
0.007819216698408127 0
0.0075276559218764305 0
0.5158633589744568 0
0.00639327010139823 0
0.049905724823474884 0
0.31930023431777954 0
0.0039931396022439 0
0.006117776036262512 0
0.4944809675216675 0
0.18266162276268005 0
0.0010109825525432825 0
0.6809772253036499 0
0.6938929557800293 1
0.7858433723449707 1
0.19174844026565552 1
0.6826344728469849 1
0.7099827527999878 1
0.8308933973312378 1
0.841744065284729 1
0.8800925016403198 1
0.7590464353561401 1
0.3289473354816437 1
0.4595692753791809 1
0.7257620692253113 1
0.3440262973308563 1
0.39073631167411804 1
0.43971437215805054 1
0.33576714992523193 1
0.7690517902374268 1
0.371845543384552 1
0.3802240788936615 1
0.29582077264785767 1
0.4938076436519623 1
0.645442008972168 1
0.5748815536499023 1
