0.9971477389335632 1
0.10518770664930344 0
0.22459803521633148 0
0.3236299157142639 0
0.7143200635910034 0
0.9107262492179871 1
0.24220560491085052 0
0.5478231906890869 0
0.23356664180755615 0
0.8935203552246094 0
0.9988021850585938 1
0.0356113575398922 0
0.4709073007106781 0
0.5144047737121582 0
0.12022965401411057 0
0.9998239874839783 1
0.5766600966453552 0
0.8521029353141785 0
0.1333068311214447 0
0.9303159117698669 0
0.9887298345565796 1
0.708330512046814 0
0.9518746137619019 0
0.9868053793907166 0
0.8767561912536621 0
0.9998494982719421 1
0.8400244116783142 0
0.9901391863822937 0
0.9374297857284546 0
0.982677698135376 0
0.9941481351852417 1
0.39731860160827637 0
0.98967444896698 0
0.11057524383068085 0
0.1875087320804596 0
0.9911565184593201 1
0.357313871383667 0
0.015106543898582458 0
0.09800022840499878 0
0.34120532870292664 0
0.9951655268669128 1
0.9724590182304382 0
0.9966984987258911 0
0.0016003388445824385 0
0.011570252478122711 0
0.9993877410888672 1
0.03816608712077141 0
0.5108770132064819 0
0.030240576714277267 0
0.578210711479187 0
0.9858628511428833 1
0.41822344064712524 0
0.11469422280788422 0
0.8256742358207703 0
0.8411846160888672 0
0.9994295835494995 1
0.12265612185001373 0
0.37507951259613037 0
0.5461932420730591 0
0.9841998815536499 0
0.9990002512931824 1
0.0653454065322876 0
0.0176114272326231 0
0.11922258138656616 0
0.37923774123191833 0
0.9891998171806335 1
0.9880663752555847 0
0.9972991943359375 0
0.9716605544090271 0
0.9930324554443359 0
0.9985422492027283 1
0.2639580965042114 0
0.013244904577732086 0
0.12850555777549744 0
0.6989644765853882 0
0.9956185221672058 1
0.16490387916564941 0
0.43333813548088074 0
0.1660156548023224 0
0.44796961545944214 0
0.9947125911712646 1
0.5432488918304443 0
0.018470322713255882 0
0.9975003004074097 0
0.9357861280441284 0
0.9997462034225464 1
0.05699256807565689 0
0.7063078284263611 0
0.7848775386810303 0
0.4360201954841614 0
0.977773904800415 1
0.00024030645727179945 0
0.0011612121015787125 0
0.01919231191277504 0
0.010776687413454056 0
0.9900244474411011 1
0.002754468470811844 0
0.09710308164358139 0
0.004850749857723713 0
0.017874792218208313 0
0.9433416724205017 1
0.004065005574375391 0
0.020504558458924294 0
0.009156057611107826 0
0.015086728148162365 0
0.9997408390045166 1
0.0059851109981536865 0
0.9725489020347595 0
0.06490348279476166 0
0.002735655289143324 0
0.9975196123123169 1
0.01796260103583336 0
0.7468964457511902 0
0.011545585468411446 0
0.017925076186656952 0
0.9954622983932495 1
0.02415185235440731 0
0.7963902950286865 0
0.005371781997382641 0
0.004485634621232748 0
0.9881796836853027 1
0.014733560383319855 0
0.5996179580688477 0
0.33791905641555786 0
0.11186061799526215 0
0.9980370402336121 1
0.007921746000647545 0
0.6983298659324646 0
0.18087372183799744 0
0.2117377519607544 0
0.8116483688354492 1
0.32835015654563904 0
0.9515018463134766 0
0.015745965763926506 0
0.027722371742129326 0
0.9816147685050964 1
0.0040483614429831505 0
0.015924928709864616 0
0.6805530786514282 0
0.04415405914187431 0
0.9956607222557068 1
0.005327764432877302 0
0.13728618621826172 0
0.14359475672245026 0
0.012658955529332161 0
0.9778723120689392 1
0.002183377742767334 0
0.029672732576727867 0
0.10202100872993469 0
0.03063054010272026 0
0.9991623163223267 1
0.0020299635361880064 0
0.03863469138741493 0
0.0014990920899435878 0
0.016523949801921844 0
0.9969817996025085 1
0.016525018960237503 0
0.06697666645050049 0
0.01825316995382309 0
0.0005554163362830877 0
0.9992218017578125 1
0.006258143112063408 0
0.11012320965528488 0
0.0012813180219382048 0
0.00441607553511858 0
0.3975505530834198 1
0.0005617730785161257 0
0.02177894115447998 0
0.017896689474582672 0
0.0029210473876446486 0
0.9663784503936768 1
0.00015443928714375943 0
0.006482619792222977 0
0.006851160898804665 0
0.004106886684894562 0
0.8265253305435181 1
0.0005794798489660025 0
0.015686025843024254 0
0.0009788625175133348 0
0.0005615304689854383 0
0.9562811851501465 1
0.040422845631837845 0
0.7536682486534119 0
0.39379042387008667 0
0.001816167263314128 0
0.9312176704406738 1
0.026420971378684044 0
0.9143677949905396 0
0.7656768560409546 0
0.16851210594177246 0
0.9653897285461426 1
0.44459038972854614 0
0.7758612632751465 0
0.6607344150543213 0
0.7704563140869141 0
0.8359222412109375 1
0.0011766522657126188 0
0.02506459318101406 0
0.12081914395093918 0
0.00046959565952420235 0
0.7054084539413452 1
0.0004893103614449501 0
0.008374742232263088 0
0.022988034412264824 0
0.00023579048865940422 0
0.972507119178772 1
0.00039584742626175284 0
0.01538112573325634 0
0.0009738394874148071 0
0.00638614222407341 0
0.9974197149276733 1
0.3693074584007263 0
0.9978403449058533 0
0.7268668413162231 0
5.8868790802080184e-05 0
0.9998499155044556 1
0.04319299757480621 0
0.9916822910308838 0
0.9175158739089966 0
0.4148215651512146 0
0.9987003803253174 1
0.5543832778930664 0
0.9667049646377563 0
0.051611751317977905 0
0.1762361228466034 0
0.9986740350723267 1
0.0003086128272116184 0
0.09573893994092941 0
0.5335261821746826 0
5.473662167787552e-05 0
0.9951087832450867 1
0.0012616458116099238 0
0.8989221453666687 0
0.050759583711624146 0
0.00011361697397660464 0
0.9842675924301147 1
0.07764794677495956 0
0.9459080100059509 0
0.4273618161678314 0
0.00251759123057127 0
0.930443525314331 1
0.33358320593833923 0
0.5366691946983337 0
0.34056633710861206 0
0.12802870571613312 0
0.8553077578544617 1
0.8603521585464478 0
0.9787319898605347 0
0.011481489054858685 0
0.1849375069141388 0
0.7998156547546387 1
0.06647349894046783 0
0.9406012892723083 0
0.20052938163280487 0
0.094289630651474 0
0.9569495916366577 1
0.8498632311820984 0
0.7158929705619812 0
0.04742838442325592 0
0.0028508089017122984 0
0.8018561601638794 1
0.05852508544921875 0
0.9013698101043701 0
0.003550212597474456 0
0.0005518426187336445 0
0.9896148443222046 1
0.751311719417572 0
0.9533836245536804 0
0.10443960130214691 0
0.37782400846481323 0
0.9944721460342407 1
0.005692543461918831 0
0.1965586394071579 0
0.6295629739761353 0
9.310107270721346e-05 0
0.9286784529685974 1
0.10508103668689728 0
0.9625178575515747 0
0.9906875491142273 0
0.5059890747070312 0
0.9966576099395752 1
0.09857882559299469 0
0.4394094944000244 0
0.46045875549316406 0
0.7364675998687744 0
0.6385094523429871 1
0.00022337916016113013 0
0.0910457968711853 0
0.3224408030509949 0
0.00010261933493893594 0
0.982632040977478 1
0.001041592680849135 0
0.16632026433944702 0
0.11506294459104538 0
8.295760198961943e-05 0
0.9899773001670837 1
0.002209332538768649 0
0.050398048013448715 0
0.27103036642074585 0
0.003794133197516203 0
0.9980018138885498 1
0.4896705746650696 0
0.5449156165122986 0
0.28507208824157715 0
0.0023581008426845074 0
0.999427080154419 1
0.20028021931648254 0
0.3514428734779358 0
0.8950468301773071 0
0.06371598690748215 0
0.9961934089660645 1
0.13475431501865387 0
0.14892348647117615 0
0.5967291593551636 0
0.1198171004652977 0
0.9973353147506714 1
0.0011317338794469833 0
0.8821079134941101 0
1.618271562620066e-05 0
0.00018064898904412985 0
0.503777027130127 1
0.0024607209488749504 0
0.06403207778930664 0
0.0028709163889288902 0
0.0004040474013891071 0
0.9848837852478027 1
0.3909420967102051 0
0.966080904006958 0
0.33010435104370117 0
0.015063601545989513 0
0.5287908315658569 1
0.00024104035401251167 0
0.4134966731071472 0
0.2144823968410492 0
1.2165926818852313e-05 0
0.997046172618866 1
0.003531568218022585 0
0.8410052061080933 0
0.4847705066204071 0
0.02676491253077984 0
0.9908032417297363 1
0.041331253945827484 0
0.9415255784988403 0
0.32801926136016846 0
0.183336541056633 0
0.01202404499053955 1
0.00017719446623232216 0
0.003525083651766181 0
0.018452238291502 0
3.023814770131139e-06 0
0.5504540801048279 1
0.0004667688044719398 0
0.00805302057415247 0
0.007171222008764744 0
0.00013245453010313213 0
0.9122093915939331 1
0.015786968171596527 0
0.03703302890062332 0
0.11401498317718506 0
0.004592319019138813 0
