0.052601009607315063 1
0.41823142766952515 1
0.21709667146205902 1
0.438174307346344 1
0.20863080024719238 1
0.5967047810554504 1
0.6890547275543213 1
0.015019608661532402 1
0.6582884192466736 1
0.09368075430393219 1
0.34171411395072937 1
0.27809131145477295 1
0.5574397444725037 1
0.657714307308197 1
0.9505130648612976 1
0.30837032198905945 1
0.0009298128425143659 1
0.444069504737854 1
0.01321015041321516 1
0.6872103214263916 1
0.26004427671432495 1
0.6324144601821899 1
0.7932124137878418 1
0.001535290852189064 0
0.0012496091658249497 0
0.40652960538864136 0
0.000781118287704885 0
0.05796484649181366 0
0.1783442199230194 0
0.00019439851166680455 0
0.0012285830453038216 0
0.22055241465568542 0
0.0046074651181697845 0
0.03543734550476074 0
0.766767144203186 0
4.77705143566709e-05 0
0.00016852159751579165 0
0.4971204400062561 0
0.004046989139169455 0
0.0001028509796014987 0
0.33393868803977966 0
0.0010965861147269607 0
0.0003436524420976639 0
0.542945384979248 0
0.011487755924463272 0
0.0029782296624034643 0
0.33645862340927124 0
0.0024069207720458508 0
0.00520078931003809 0
0.2913057208061218 0
0.0012634086888283491 0
0.0016449240501970053 0
0.3252238929271698 0
0.004639381542801857 0
0.006761651486158371 0
0.3113322854042053 0
0.00212889164686203 0
0.007276125252246857 0
0.34658002853393555 0
0.004915059078484774 0
0.0021097888238728046 0
0.33055710792541504 0
0.0005964285228401423 0
0.01061561331152916 0
0.3397224545478821 0
0.02566775307059288 0
0.0020585455931723118 0
0.5534984469413757 0
0.001729050069116056 0
0.0012068538926541805 0
0.35001108050346375 0
0.023029498755931854 0
0.038983482867479324 0
0.35597702860832214 0
0.00019864094792865217 0
0.010444238781929016 0
0.3219182789325714 0
0.000634483527392149 0
0.0014755645534023643 0
0.3667546212673187 0
0.016166603192687035 0
0.006844648160040379 0
0.5581488609313965 0
0.0023614047095179558 0
0.023727132007479668 0
0.3215720057487488 0
0.0034072063863277435 0
0.007348061539232731 0
0.4058009386062622 0
0.05457267165184021 0
0.0008216919377446175 0
0.6028015613555908 0
0.7126044631004333 1
0.8574947118759155 1
0.3574245870113373 1
0.692365288734436 1
0.7512612342834473 1
0.9106599688529968 1
0.8764466047286987 1
0.9668481349945068 1
0.8408843874931335 1
0.33269986510276794 1
0.5343379378318787 1
0.788910984992981 1
0.370765745639801 1
0.38921114802360535 1
0.46260929107666016 1
0.34928232431411743 1
0.8257113695144653 1
0.35212668776512146 1
0.4567391574382782 1
0.31258320808410645 1
0.6171073317527771 1
0.4769429564476013 1
0.6102815866470337 1
