0.06127862259745598 1
0.5957396626472473 1
0.10517539083957672 1
0.5918328166007996 1
0.11170106381177902 1
0.6092551350593567 1
0.7713305950164795 1
0.07494377344846725 1
0.6185950636863708 1
0.1178637370467186 1
0.3683468997478485 1
0.2897062301635742 1
0.5454167127609253 1
0.6412643790245056 1
0.9529639482498169 1
0.319521963596344 1
0.03076091781258583 1
0.631430983543396 1
0.2513098418712616 1
0.756220817565918 1
0.3489067256450653 1
0.5627492666244507 1
0.8970186114311218 1
0.0022956097964197397 0
0.001232873648405075 0
0.5762003064155579 0
0.0006501625757664442 0
0.10443388670682907 0
0.32464316487312317 0
0.0017559148836880922 0
0.0034009418450295925 0
0.29015207290649414 0
0.023872030898928642 0
0.04722509905695915 0
0.7281262278556824 0
6.572225538548082e-05 0
0.00045988542842678726 0
0.6552241444587708 0
0.0008430924499407411 0
0.00020237831631675363 0
0.34987837076187134 0
0.0007025813683867455 0
0.001782591687515378 0
0.4473941922187805 0
0.035934463143348694 0
0.0029245982877910137 0
0.3344789147377014 0
0.002328100148588419 0
0.0412251278758049 0
0.3416219651699066 0
0.0023484432604163885 0
0.004050542134791613 0
0.33463799953460693 0
0.008034717291593552 0
0.029345393180847168 0
0.3259457051753998 0
0.003588151652365923 0
0.02231321856379509 0
0.3428964614868164 0
0.000536863342858851 0
0.0049875592812895775 0
0.33521437644958496 0
0.0005436495412141085 0
0.024790270254015923 0
0.3494824767112732 0
0.03251924738287926 0
0.002957381773740053 0
0.4174762964248657 0
0.0027296780608594418 0
0.0022539752535521984 0
0.3322194516658783 0
0.04464477300643921 0
0.02710382267832756 0
0.36539411544799805 0
0.0013495353050529957 0
0.027593491598963737 0
0.4217505156993866 0
0.0011145853204652667 0
0.0033175095450133085 0
0.48496493697166443 0
0.015804074704647064 0
0.015481710433959961 0
0.5910658240318298 0
0.01099882647395134 0
0.0766676664352417 0
0.3117979168891907 0
0.006139148026704788 0
0.00454600527882576 0
0.6593269109725952 0
0.062384314835071564 0
0.000851919874548912 0
0.7061711549758911 0
0.7059308290481567 1
0.8819815516471863 1
0.34714895486831665 1
0.7144188284873962 1
0.7184215784072876 1
0.8609375357627869 1
0.860453724861145 1
0.9381281137466431 1
0.7735878825187683 1
0.45210880041122437 1
0.6532483100891113 1
0.8431179523468018 1
0.3958672881126404 1
0.4370395541191101 1
0.36689603328704834 1
0.22677478194236755 1
0.8129922151565552 1
0.39337313175201416 1
0.4246867597103119 1
0.3641970753669739 1
0.5080987811088562 1
0.6526283025741577 1
0.5272394418716431 1
