0.9985733032226562 1
0.3322281837463379 0
0.5106642246246338 0
0.47688254714012146 0
0.8387879729270935 0
0.9726080894470215 1
0.1918312907218933 0
0.7960816621780396 0
0.7213754057884216 0
0.9532450437545776 0
0.9992117285728455 1
0.20661011338233948 0
0.7690253257751465 0
0.6200538873672485 0
0.49905431270599365 0
0.9996013641357422 1
0.7722667455673218 0
0.9710776209831238 0
0.5701111555099487 0
0.8228296041488647 0
0.9954161047935486 1
0.6406382918357849 0
0.9383072853088379 0
0.9727107882499695 0
0.9864653944969177 0
0.9998717308044434 1
0.9757317304611206 0
0.9951038360595703 0
0.9309722185134888 0
0.9792832136154175 0
0.9900212287902832 1
0.9382628202438354 0
0.9983711242675781 0
0.16129422187805176 0
0.43008559942245483 0
0.9951668977737427 1
0.649092435836792 0
0.09562553465366364 0
0.08358632028102875 0
0.32785627245903015 0
0.9981868267059326 1
0.9937502145767212 0
0.9982158541679382 0
0.010012593120336533 0
0.27982938289642334 0
0.9997739791870117 1
0.2998083829879761 0
0.8035840392112732 0
0.2996143698692322 0
0.7061210870742798 0
0.986301839351654 1
0.6095127463340759 0
0.1348721981048584 0
0.8939516544342041 0
0.9297765493392944 0
0.9998186826705933 1
0.43206557631492615 0
0.6835083365440369 0
0.8952192664146423 0
0.9773844480514526 0
0.9995870590209961 1
0.56191086769104 0
0.12818683683872223 0
0.5972985029220581 0
0.8212097883224487 0
0.9959880709648132 1
0.991543173789978 0
0.994882345199585 0
0.9738748073577881 0
0.9938737750053406 0
0.9992111921310425 1
0.4293052554130554 0
0.29826781153678894 0
0.8906309604644775 0
0.9388713836669922 0
0.9959689974784851 1
0.16093741357326508 0
0.7326444387435913 0
0.8857930898666382 0
0.5604435205459595 0
0.9844746589660645 1
0.44556471705436707 0
0.01844455860555172 0
0.9918884038925171 0
0.8175357580184937 0
0.9995214343070984 1
0.06921576708555222 0
0.7293519377708435 0
0.974947452545166 0
0.7998544573783875 0
0.9807789325714111 1
0.00019475170120131224 0
0.0028449692763388157 0
0.0734873116016388 0
0.05545150488615036 0
0.9930722117424011 1
0.003786027431488037 0
0.20258942246437073 0
0.02289918065071106 0
0.023205827921628952 0
0.9780534505844116 1
0.0037424820475280285 0
0.09524186700582504 0
0.00781672541052103 0
0.020437197759747505 0
0.9997131824493408 1
0.012367663905024529 0
0.9912859201431274 0
0.09376205503940582 0
0.009595881216228008 0
0.9975708723068237 1
0.029349807649850845 0
0.946217954158783 0
0.033997613936662674 0
0.0333080068230629 0
0.9939874410629272 1
0.04283532500267029 0
0.9244910478591919 0
0.0059518152847886086 0
0.004992850590497255 0
0.9938082695007324 1
0.013746651820838451 0
0.7899224758148193 0
0.6530308127403259 0
0.2861069440841675 0
0.9976951479911804 1
0.05378848314285278 0
0.9455978274345398 0
0.44281381368637085 0
0.5213783383369446 0
0.9845563173294067 1
0.7479114532470703 0
0.9951528906822205 0
0.012402309104800224 0
0.06183034926652908 0
0.9957253336906433 1
0.0024767767172306776 0
0.1951616257429123 0
0.6208849549293518 0
0.19217108190059662 0
0.9959284067153931 1
0.03257843852043152 0
0.5160983800888062 0
0.5100836753845215 0
0.11056271195411682 0
0.9914263486862183 1
0.0038595290388911963 0
0.23914645612239838 0
0.07293294370174408 0
0.04989191144704819 0
0.9996234178543091 1
0.004750099498778582 0
0.0791902244091034 0
0.0008250302635133266 0
0.02202027663588524 0
0.9973668456077576 1
0.074769526720047 0
0.2227458357810974 0
0.06003429740667343 0
0.0005817792844027281 0
0.994382381439209 1
0.009804217144846916 0
0.20599870383739471 0
0.0007850194233469665 0
0.004284372553229332 0
0.5585142970085144 1
0.0006639357889071107 0
0.03400754928588867 0
0.008851115591824055 0
0.0024967880453914404 0
0.9387702345848083 1
0.00035951955942437053 0
0.013302251696586609 0
0.029753651469945908 0
0.004746047779917717 0
0.75262451171875 1
0.000835568062029779 0
0.011826811358332634 0
0.0006976807489991188 0
0.0001864186197053641 0
0.9787454009056091 1
0.19772468507289886 0
0.9427535533905029 0
0.38346999883651733 0
0.0012210719287395477 0
0.9914382696151733 1
0.14296619594097137 0
0.9340543150901794 0
0.9438371062278748 0
0.6066429018974304 0
0.9552128314971924 1
0.7473018169403076 0
0.8758208751678467 0
0.8953666687011719 0
0.5931380987167358 0
0.9296891093254089 1
0.0016188332810997963 0
0.11344128847122192 0
0.4526330232620239 0
0.000203678326215595 0
0.8914949893951416 1
0.0008401103550568223 0
0.02380274049937725 0
0.034119799733161926 0
0.00023396707547362894 0
0.9587578773498535 1
0.0009477456915192306 0
0.017957735806703568 0
0.004630051553249359 0
0.007860830053687096 0
0.9947780966758728 1
0.9379918575286865 0
0.9991196393966675 0
0.9604560136795044 0
1.6268309991573915e-05 0
0.9999133944511414 1
0.3609623610973358 0
0.998329758644104 0
0.9827530384063721 0
0.5579403638839722 0
0.9988793134689331 1
0.8811165690422058 0
0.9757503271102905 0
0.2509746551513672 0
0.48937952518463135 0
0.9997533559799194 1
0.0027077056001871824 0
0.3235665559768677 0
0.8334920406341553 0
6.129977555247024e-05 0
0.9981476664543152 1
0.0019355807453393936 0
0.9681992530822754 0
0.16228275001049042 0
0.00019501574570313096 0
0.9894918203353882 1
0.2804553508758545 0
0.9648420214653015 0
0.8553482294082642 0
0.0017453705659136176 0
0.9972689151763916 1
0.9489147663116455 0
0.9013511538505554 0
0.8315997123718262 0
0.5505053997039795 0
0.9641261100769043 1
0.9598268270492554 0
0.9957672357559204 0
0.1705930531024933 0
0.6761840581893921 0
0.8433047533035278 1
0.723303496837616 0
0.9944396018981934 0
0.4491814076900482 0
0.48919808864593506 0
0.9947117567062378 1
0.919521689414978 0
0.9215441942214966 0
0.34919223189353943 0
0.002557066036388278 0
0.9699516296386719 1
0.5983516573905945 0
0.9893754720687866 0
0.0033278646878898144 0
0.0006861180299893022 0
0.9899088740348816 1
0.9510924816131592 0
0.989057183265686 0
0.3442823886871338 0
0.5100710391998291 0
0.9980984926223755 1
0.027650384232401848 0
0.946601390838623 0
0.6648789644241333 0
0.0004244090523570776 0
0.9915727376937866 1
0.4793952703475952 0
0.9805769920349121 0
0.9954880475997925 0
0.8243416547775269 0
0.9964885115623474 1
0.5636726021766663 0
0.9009206295013428 0
0.7918717265129089 0
0.8959813117980957 0
0.8907856941223145 1
0.0005623350734822452 0
0.19616727530956268 0
0.6318362951278687 0
0.000150935142301023 0
0.9938461184501648 1
0.0014612817903980613 0
0.37992700934410095 0
0.40701767802238464 0
0.0010623980779200792 0
0.9951217174530029 1
0.0028113003354519606 0
0.20175211131572723 0
0.5507360696792603 0
0.002007432747632265 0
0.999631404876709 1
0.899012565612793 0
0.9429528713226318 0
0.8218604922294617 0
0.005166948772966862 0
0.999651312828064 1
0.6640855073928833 0
0.7624893188476562 0
0.9083158373832703 0
0.8426604270935059 0
0.9990184307098389 1
0.38106533885002136 0
0.6100687980651855 0
0.8810879588127136 0
0.5102759003639221 0
0.9995648860931396 1
0.009167823940515518 0
0.9882235527038574 0
4.065626853844151e-05 0
0.00040372315561398864 0
0.9732000231742859 1
0.006537020206451416 0
0.4518962800502777 0
0.00776641583070159 0
0.0024777743965387344 0
0.9814485311508179 1
0.5183911323547363 0
0.9342447519302368 0
0.6210583448410034 0
0.030813001096248627 0
0.9350547790527344 1
0.002378481440246105 0
0.8271076083183289 0
0.2844516634941101 0
3.0488401534967124e-05 0
0.9987132549285889 1
0.011403024196624756 0
0.9662021398544312 0
0.9017261266708374 0
0.10205458104610443 0
0.9927066564559937 1
0.07901553064584732 0
0.9232197999954224 0
0.7169360518455505 0
0.467384934425354 0
0.06971589475870132 1
0.0003027259954251349 0
0.002600325969979167 0
0.02847960591316223 0
2.6336033442930784e-06 0
0.7863106727600098 1
0.0005487478920258582 0
0.04666232317686081 0
0.0015317171346396208 0
6.629893323406577e-05 0
0.8081178665161133 1
0.008372864685952663 0
0.11356906592845917 0
0.12669360637664795 0
0.004935442470014095 0
