0.259829580783844 1
0.29910218715667725 1
0.11098705977201462 1
0.13841909170150757 1
0.16978459060192108 1
0.24439838528633118 1
0.24293866753578186 1
0.1327732801437378 1
0.20092974603176117 1
0.11500848829746246 1
0.12715747952461243 1
0.2507842481136322 1
0.2867129445075989 1
0.18744347989559174 1
0.3148420453071594 1
0.18465396761894226 1
0.1677955985069275 1
0.168688103556633 1
0.14923912286758423 1
0.20981216430664062 1
0.23654329776763916 1
0.2849205434322357 1
0.32878586649894714 1
0.14620789885520935 0
0.13978318870067596 0
0.26357510685920715 0
0.07886669784784317 0
0.09631099551916122 0
0.15464664995670319 0
0.03714314475655556 0
0.03313680738210678 0
0.10272526741027832 0
0.05739716440439224 0
0.04142994061112404 0
0.1587778627872467 0
0.04395803064107895 0
0.058697592467069626 0
0.23053869605064392 0
0.08774016797542572 0
0.0516672357916832 0
0.20885005593299866 0
0.06065407022833824 0
0.06736647337675095 0
0.1827658712863922 0
0.10450147837400436 0
0.07218600809574127 0
0.16883784532546997 0
0.06135842204093933 0
0.0506441593170166 0
0.16622978448867798 0
0.06813821196556091 0
0.0835990458726883 0
0.16060863435268402 0
0.04107853025197983 0
0.06275065988302231 0
0.12582102417945862 0
0.10823717713356018 0
0.10539033263921738 0
0.24912600219249725 0
0.16720585525035858 0
0.10716885328292847 0
0.2703193724155426 0
0.0501919649541378 0
0.055369749665260315 0
0.11163313686847687 0
0.10739265382289886 0
0.10208427906036377 0
0.2343801110982895 0
0.12526997923851013 0
0.11038166284561157 0
0.23357734084129333 0
0.1582086980342865 0
0.17753541469573975 0
0.31535136699676514 0
0.05484606325626373 0
0.0699906051158905 0
0.1645275354385376 0
0.06930643320083618 0
0.09519577026367188 0
0.1570892632007599 0
0.046868644654750824 0
0.056789424270391464 0
0.1671353578567505 0
0.06049986183643341 0
0.1103617250919342 0
0.12586909532546997 0
0.11806034296751022 0
0.09376947581768036 0
0.2521396577358246 0
0.1693175882101059 0
0.1334950178861618 0
0.27516430616378784 0
0.2986304461956024 1
0.2999016046524048 1
0.07259190082550049 1
0.2718438506126404 1
0.21791592240333557 1
0.2457890510559082 1
0.2664876878261566 1
0.31712228059768677 1
0.20855747163295746 1
0.1959020346403122 1
0.15502050518989563 1
0.24918541312217712 1
0.21122774481773376 1
0.16263407468795776 1
0.25016915798187256 1
0.25599148869514465 1
0.2662651538848877 1
0.15095116198062897 1
0.16130584478378296 1
0.12631872296333313 1
0.2201596349477768 1
0.22593466937541962 1
0.24282579123973846 1
