0.291565865278244 1
0.4214310050010681 1
0.1343248039484024 1
0.32598310708999634 1
0.013575010001659393 1
0.2616385817527771 1
0.7679418921470642 1
0.010001982562243938 1
0.3670070171356201 1
0.0746668130159378 1
0.2921290397644043 1
0.15179771184921265 1
0.23257651925086975 1
0.48297548294067383 1
0.9205374717712402 1
0.4202731251716614 1
0.0025211884640157223 1
0.1949431151151657 1
0.03753930330276489 1
0.45446252822875977 1
0.25627362728118896 1
0.28844282031059265 1
0.6828066110610962 1
0.0021298977080732584 0
0.0009887280175462365 0
0.7327694892883301 0
0.000507345306687057 0
0.01970430463552475 0
0.10436412692070007 0
0.0006077674916014075 0
0.0002612914831843227 0
0.14640533924102783 0
0.003586871549487114 0
0.007894645445048809 0
0.8846239447593689 0
0.0003877471317537129 0
0.00014480622485280037 0
0.9030179977416992 0
7.300825382117182e-05 0
0.00010087023110827431 0
0.8317044973373413 0
0.0002302852808497846 0
0.00013233922072686255 0
0.7238949537277222 0
0.0035043254029005766 0
0.0014308593235909939 0
0.3057960271835327 0
0.00031261303229257464 0
0.0016727261245250702 0
0.5214428901672363 0
0.0013894445728510618 0
0.007488342933356762 0
0.28514817357063293 0
0.0010202075354754925 0
0.003512080293148756 0
0.3315832018852234 0
0.013648254796862602 0
0.014164580032229424 0
0.41956186294555664 0
0.01592005416750908 0
0.005453604739159346 0
0.5808717012405396 0
0.0005034242640249431 0
0.017810821533203125 0
0.3379529118537903 0
0.003281017765402794 0
0.003826598636806011 0
0.602253794670105 0
0.006585254333913326 0
0.006775791756808758 0
0.774730384349823 0
0.026800934225320816 0
0.003948476165533066 0
0.7977457046508789 0
0.0010333034442737699 0
0.010168656706809998 0
0.44252872467041016 0
0.000451184663688764 0
0.0009739146917127073 0
0.4738783836364746 0
0.022801432758569717 0
0.0011195610277354717 0
0.5734066367149353 0
0.0037179761566221714 0
0.011285539716482162 0
0.353920578956604 0
0.026980780065059662 0
0.002837961073964834 0
0.6949405670166016 0
0.09955962002277374 0
0.002133972244337201 0
0.7993543148040771 0
0.8213436007499695 1
0.9231265783309937 1
0.3461650311946869 1
0.5862389802932739 1
0.9668674468994141 1
0.9741255044937134 1
0.9826539754867554 1
0.9919222593307495 1
0.9347397685050964 1
0.44215965270996094 1
0.4513514041900635 1
0.9086300730705261 1
0.7974647283554077 1
0.5061389803886414 1
0.7838897109031677 1
0.3190927505493164 1
0.9076862335205078 1
0.5826773643493652 1
0.5708397626876831 1
0.4949825704097748 1
0.9124889373779297 1
0.8213108777999878 1
0.6646679639816284 1
