0.6828478574752808 1
0.2881311774253845 0
0.2316584289073944 0
0.2988254725933075 0
0.5737577080726624 0
0.713887631893158 1
0.14327673614025116 0
0.18271295726299286 0
0.31675833463668823 0
0.5787393450737 0
0.6826752424240112 1
0.1253315657377243 0
0.32541733980178833 0
0.3181487023830414 0
0.32967841625213623 0
0.9420778155326843 1
0.772723376750946 0
0.876652717590332 0
0.14532390236854553 0
0.6064844727516174 0
0.8801379203796387 1
0.5883845090866089 0
0.5276851654052734 0
0.5415832996368408 0
0.6545873284339905 0
0.9853048324584961 1
0.9046308398246765 0
0.9417228698730469 0
0.289436936378479 0
0.668928861618042 0
0.8353699445724487 1
0.5871756076812744 0
0.9246656894683838 0
0.5547952055931091 0
0.6932086944580078 0
0.7171447277069092 1
0.6522064208984375 0
0.3261147737503052 0
0.37173014879226685 0
0.6310012340545654 0
0.5202481150627136 1
0.6791623830795288 0
0.767916202545166 0
0.20849394798278809 0
0.668224573135376 0
0.9790796637535095 1
0.013870416209101677 0
0.2279963195323944 0
0.018851853907108307 0
0.5582631230354309 0
0.8622187972068787 1
0.07394954562187195 0
0.07549240440130234 0
0.31114810705184937 0
0.5042905211448669 0
0.9079979658126831 1
0.14870323240756989 0
0.21538178622722626 0
0.4132431149482727 0
0.6782297492027283 0
0.9186989665031433 1
0.4572089910507202 0
0.2857232689857483 0
0.1791423261165619 0
0.2665337026119232 0
0.8025683164596558 1
0.944732666015625 0
0.929474949836731 0
0.6574258804321289 0
0.8692485094070435 0
0.7488718032836914 1
0.293945848941803 0
0.3318878412246704 0
0.36980316042900085 0
0.5953211784362793 0
0.5233675241470337 1
0.11641716957092285 0
0.43849194049835205 0
0.12069603055715561 0
0.12027731537818909 0
0.7342023253440857 1
0.6325931549072266 0
0.6009546518325806 0
0.8924846053123474 0
0.25857481360435486 0
0.8660055994987488 1
0.10813155770301819 0
0.3460371494293213 0
0.3436965346336365 0
0.07439962774515152 0
0.6595955491065979 1
0.0006966904038563371 0
0.07977674901485443 0
0.26343435049057007 0
0.10946463793516159 0
0.6569843292236328 1
0.0015475841937586665 0
0.07982292771339417 0
0.09697869420051575 0
0.1484956443309784 0
0.6406078934669495 1
0.00772029859945178 0
0.09197203814983368 0
0.20313513278961182 0
0.10987767577171326 0
0.6726269125938416 1
0.050340257585048676 0
0.7119879126548767 0
0.33352845907211304 0
0.029669184237718582 0
0.6765010356903076 1
0.041317977011203766 0
0.6442047953605652 0
0.1710277795791626 0
0.15990670025348663 0
0.5073213577270508 1
0.18519040942192078 0
0.5119253396987915 0
0.067633256316185 0
0.09447627514600754 0
0.6685627698898315 1
0.014704940840601921 0
0.5671122670173645 0
0.5596677660942078 0
0.3923778533935547 0
0.7198182940483093 1
0.005274371709674597 0
0.8298532366752625 0
0.431639164686203 0
0.5810407996177673 0
0.6350111961364746 1
0.0597415566444397 0
0.7410330772399902 0
0.1295882612466812 0
0.35935133695602417 0
0.6708661317825317 1
0.004290486685931683 0
0.38211143016815186 0
0.5482879877090454 0
0.22877827286720276 0
0.6845323443412781 1
0.01339036412537098 0
0.34169572591781616 0
0.31042951345443726 0
0.07967701554298401 0
0.45468446612358093 1
0.007827821187675 0
0.06912427395582199 0
0.16326335072517395 0
0.1877080649137497 0
0.7581437826156616 1
0.06624291092157364 0
0.23617076873779297 0
0.14175766706466675 0
0.1861548125743866 0
0.7196682691574097 1
0.17765340209007263 0
0.2738010883331299 0
0.10345649719238281 0
0.004368284717202187 0
0.649513304233551 1
0.144797682762146 0
0.1698344349861145 0
0.06090135499835014 0
0.05500912666320801 0
0.45324429869651794 1
0.00427374430000782 0
0.010666522197425365 0
0.23741945624351501 0
0.050657790154218674 0
0.3978531062602997 1
0.002878341590985656 0
0.004455313086509705 0
0.049895476549863815 0
0.005126463249325752 0
0.23570039868354797 1
0.01095194648951292 0
0.03235383331775665 0
0.021708210930228233 0
0.023044828325510025 0
0.4605986773967743 1
0.0950474888086319 0
0.294924795627594 0
0.3307912051677704 0
0.03987904638051987 0
0.3668590486049652 1
0.014204412698745728 0
0.31197911500930786 0
0.41089457273483276 0
0.17847532033920288 0
0.33511167764663696 1
0.09642358869314194 0
0.3123515546321869 0
0.1219659149646759 0
0.3077165186405182 0
0.35492464900016785 1
0.0004406006191857159 0
0.007579976227134466 0
0.32304733991622925 0
0.002570113632827997 0
0.44306063652038574 1
0.0010193041525781155 0
0.0032743029296398163 0
0.20502737164497375 0
0.011289711110293865 0
0.6779758334159851 1
0.0025286355521529913 0
0.02896845154464245 0
0.3167530298233032 0
0.01470843143761158 0
0.7471542358398438 1
0.602114200592041 0
0.6533768773078918 0
0.4751356840133667 0
0.050123654305934906 0
0.7931430339813232 1
0.3613853454589844 0
0.6693312525749207 0
0.5069814920425415 0
0.38584190607070923 0
0.8902624845504761 1
0.40842723846435547 0
0.5337456464767456 0
0.031103353947401047 0
0.1263640820980072 0
0.6692394614219666 1
0.020978089421987534 0
0.07728202641010284 0
0.31769758462905884 0
0.01240932010114193 0
0.6687026023864746 1
0.09195026010274887 0
0.6122769117355347 0
0.32031384110450745 0
0.008173703216016293 0
0.8324422836303711 1
0.38774392008781433 0
0.8809232115745544 0
0.6530025005340576 0
0.0068668099120259285 0
0.3392356336116791 1
0.18571025133132935 0
0.3454643189907074 0
0.4053132236003876 0
0.33008918166160583 0
0.42831361293792725 1
0.5112991333007812 0
0.605183482170105 0
0.22907352447509766 0
0.6166636347770691 0
0.634325385093689 1
0.41872355341911316 0
0.7707266807556152 0
0.11149981617927551 0
0.4470750093460083 0
0.6394104361534119 1
0.5108503103256226 0
0.539447009563446 0
0.31813716888427734 0
0.02319132350385189 0
0.5860116481781006 1
0.17657703161239624 0
0.6386706829071045 0
0.18557409942150116 0
0.006216030567884445 0
0.692143440246582 1
0.5983481407165527 0
0.6627830266952515 0
0.17997966706752777 0
0.621131181716919 0
0.6700028777122498 1
0.02204969897866249 0
0.11534693837165833 0
0.30540287494659424 0
0.010649094358086586 0
0.6687196493148804 1
0.015599454753100872 0
0.45771467685699463 0
0.02182803861796856 0
0.611657440662384 0
0.9798678159713745 1
0.006131372414529324 0
0.2585222125053406 0
0.07307875156402588 0
0.5097852349281311 0
0.614985466003418 1
0.00010564371768850833 0
0.06060474365949631 0
0.20751874148845673 0
0.0016507920809090137 0
0.6645154356956482 1
0.002208789810538292 0
0.05290789529681206 0
0.31294745206832886 0
0.009741711430251598 0
0.9530577063560486 1
0.17380166053771973 0
0.1936282366514206 0
0.34753990173339844 0
0.00785668846219778 0
0.6383512616157532 1
0.42533576488494873 0
0.333619087934494 0
0.3935413360595703 0
0.10235675424337387 0
0.7096921801567078 1
0.4967481791973114 0
0.32402360439300537 0
0.3509231209754944 0
0.43767520785331726 0
0.7097424268722534 1
0.03426222503185272 0
0.26654213666915894 0
0.09571544826030731 0
0.094573974609375 0
0.6946172118186951 1
0.2161049097776413 0
0.5538411140441895 0
0.003344400553032756 0
0.007091376930475235 0
0.6595844626426697 1
0.14571446180343628 0
0.21244345605373383 0
0.2893916368484497 0
0.1224178820848465 0
0.8140339851379395 1
0.5782043933868408 0
0.8072640895843506 0
0.6579811573028564 0
0.19337427616119385 0
0.4827612340450287 1
0.07424639165401459 0
0.007958749309182167 0
0.32253703474998474 0
0.010756796225905418 0
0.6033952236175537 1
0.0024863691069185734 0
0.1731424629688263 0
0.024091925472021103 0
0.03455999866127968 0
0.20255744457244873 1
0.012270703911781311 0
0.43426191806793213 0
0.046911440789699554 0
0.016066838055849075 0
0.10178267955780029 1
0.001920037902891636 0
0.003177814884111285 0
0.07526934891939163 0
0.00017374506569467485 0
0.2768934965133667 1
0.0008386528352275491 0
0.11036064475774765 0
0.23231224715709686 0
0.008069117553532124 0
0.4502483606338501 1
0.026705486699938774 0
0.5124744176864624 0
0.35276660323143005 0
0.003623423632234335 0
