0.8762041926383972 1
0.24446174502372742 0
0.3848276138305664 0
0.6294488906860352 0
0.7551116943359375 0
0.7351808547973633 1
0.09233449399471283 0
0.3246299922466278 0
0.3524923026561737 0
0.7601135969161987 0
0.9121658802032471 1
0.3827746510505676 0
0.6267837285995483 0
0.6395660042762756 0
0.22185435891151428 0
0.9868005514144897 1
0.6049189567565918 0
0.7908939719200134 0
0.43753620982170105 0
0.7991241812705994 0
0.9909160137176514 1
0.6593528389930725 0
0.6787010431289673 0
0.8442685008049011 0
0.9898263216018677 0
0.9983160495758057 1
0.8457784056663513 0
0.9561387300491333 0
0.6186872720718384 0
0.7259523272514343 0
0.8655619025230408 1
0.823011040687561 0
0.9811218976974487 0
0.4445610046386719 0
0.6421753168106079 0
0.8992468118667603 1
0.5629590153694153 0
0.22328948974609375 0
0.1301346719264984 0
0.6738232970237732 0
0.6997004747390747 1
0.7402202486991882 0
0.9593888521194458 0
0.05036943405866623 0
0.26148873567581177 0
0.9982718825340271 1
0.1549454629421234 0
0.49147510528564453 0
0.28147798776626587 0
0.7398650050163269 0
0.994160532951355 1
0.08303969353437424 0
0.0936046689748764 0
0.49552202224731445 0
0.9221382141113281 0
0.9959640502929688 1
0.3177530765533447 0
0.5137156248092651 0
0.7248570322990417 0
0.9659883975982666 0
0.9692560434341431 1
0.32915517687797546 0
0.21045920252799988 0
0.4804811179637909 0
0.3528558015823364 0
0.9338140487670898 1
0.981695830821991 0
0.7358112335205078 0
0.7710304260253906 0
0.9941034317016602 0
0.9663325548171997 1
0.6793183088302612 0
0.4422009587287903 0
0.5723217725753784 0
0.7217146158218384 0
0.7805126905441284 1
0.06276467442512512 0
0.5657709836959839 0
0.26003193855285645 0
0.23894107341766357 0
0.8818041682243347 1
0.32434332370758057 0
0.13807666301727295 0
0.8851804733276367 0
0.862797200679779 0
0.987930953502655 1
0.08779679238796234 0
0.5806013941764832 0
0.7163025736808777 0
0.6898092031478882 0
0.8087586760520935 1
0.013888940215110779 0
0.14657554030418396 0
0.6755210161209106 0
0.5179432034492493 0
0.8588887453079224 1
0.03848857060074806 0
0.4058878421783447 0
0.22658847272396088 0
0.42426586151123047 0
0.7753326892852783 1
0.03343948721885681 0
0.4063848853111267 0
0.10761240124702454 0
0.32771599292755127 0
0.9793510437011719 1
0.37174856662750244 0
0.9544495344161987 0
0.5662344694137573 0
0.49201640486717224 0
0.929996907711029 1
0.1338309645652771 0
0.9180188179016113 0
0.18789593875408173 0
0.609824001789093 0
0.8450974822044373 1
0.1850770115852356 0
0.871717095375061 0
0.062017254531383514 0
0.20036832988262177 0
0.8578789234161377 1
0.06042799353599548 0
0.8184762001037598 0
0.7002385854721069 0
0.7558828592300415 0
0.9340031147003174 1
0.22427350282669067 0
0.9025647044181824 0
0.4843240976333618 0
0.7675086855888367 0
0.8194153308868408 1
0.38188037276268005 0
0.8883988261222839 0
0.396385133266449 0
0.7126342058181763 0
0.8622959852218628 1
0.14174625277519226 0
0.5280225276947021 0
0.7800044417381287 0
0.8615239858627319 0
0.9163517355918884 1
0.2009013146162033 0
0.7808029651641846 0
0.7718410491943359 0
0.4107908606529236 0
0.759030818939209 1
0.03477516025304794 0
0.4578245282173157 0
0.5670037865638733 0
0.5987601280212402 0
0.9711055755615234 1
0.19069412350654602 0
0.6997917890548706 0
0.09203290194272995 0
0.5307632684707642 0
0.9287197589874268 1
0.32251280546188354 0
0.6903740763664246 0
0.16870209574699402 0
0.023188529536128044 0
0.8680312037467957 1
0.0742461308836937 0
0.6386133432388306 0
0.053616613149642944 0
0.1642250120639801 0
0.8378421068191528 1
0.047840192914009094 0
0.29986047744750977 0
0.553737461566925 0
0.06804818660020828 0
0.7885428667068481 1
0.018202314153313637 0
0.09050323814153671 0
0.14217159152030945 0
0.08077792823314667 0
0.5789891481399536 1
0.05012073367834091 0
0.25944408774375916 0
0.03811146318912506 0
0.08213933557271957 0
0.6894428730010986 1
0.1579839289188385 0
0.452034056186676 0
0.47177428007125854 0
0.03494540601968765 0
0.5817438960075378 1
0.0464140884578228 0
0.6201144456863403 0
0.6738390922546387 0
0.41977590322494507 0
0.5713354349136353 1
0.41450485587120056 0
0.6495293974876404 0
0.5481225252151489 0
0.4387134909629822 0
0.5711966753005981 1
0.005580538418143988 0
0.3620103597640991 0
0.34526869654655457 0
0.028249530121684074 0
0.4531301259994507 1
0.0021509933285415173 0
0.02622538059949875 0
0.24039612710475922 0
0.003646047320216894 0
0.8236872553825378 1
0.0031311993952840567 0
0.06998780369758606 0
0.24247702956199646 0
0.02798512391746044 0
0.9979711771011353 1
0.9017526507377625 0
0.9856910109519958 0
0.7071257829666138 0
0.015079380944371223 0
0.9950002431869507 1
0.3464479446411133 0
0.9510562419891357 0
0.6759183406829834 0
0.6197736263275146 0
0.9848036170005798 1
0.4566384255886078 0
0.7060653567314148 0
0.28059545159339905 0
0.47123366594314575 0
0.9576034545898438 1
0.2104799598455429 0
0.6539202928543091 0
0.5963502526283264 0
0.007862182334065437 0
0.974434494972229 1
0.006936431862413883 0
0.7594072818756104 0
0.2614763081073761 0
0.06635558605194092 0
0.9804274439811707 1
0.5159353017807007 0
0.8987598419189453 0
0.5963243842124939 0
0.1552407443523407 0
0.45397838950157166 1
0.5331708192825317 0
0.7340421080589294 0
0.6696330308914185 0
0.6455204486846924 0
0.3593801259994507 1
0.883259654045105 0
0.9233427047729492 0
0.03530615195631981 0
0.44479572772979736 0
0.6349713206291199 1
0.5158891677856445 0
0.9542590379714966 0
0.08662527799606323 0
0.265069842338562 0
0.6127651333808899 1
0.3950340151786804 0
0.7124319076538086 0
0.6228160858154297 0
0.19720736145973206 0
0.3506598174571991 1
0.25520026683807373 0
0.9501911997795105 0
0.08758818358182907 0
0.0052628787234425545 0
0.8035300970077515 1
0.6528506278991699 0
0.7499301433563232 0
0.6791093349456787 0
0.8169840574264526 0
0.9884178042411804 1
0.1545790731906891 0
0.5371968746185303 0
0.6453105807304382 0
0.33717474341392517 0
0.954540491104126 1
0.14003004133701324 0
0.6217882633209229 0
0.7035402655601501 0
0.6785720586776733 0
0.9953104257583618 1
0.4365179240703583 0
0.70463627576828 0
0.5253126621246338 0
0.6944551467895508 0
0.5330834984779358 1
0.00656468328088522 0
0.32213759422302246 0
0.44730186462402344 0
0.005200429819524288 0
0.9324750900268555 1
0.002765204757452011 0
0.36194366216659546 0
0.29905861616134644 0
0.038331422954797745 0
0.995227575302124 1
0.009441578760743141 0
0.04148583114147186 0
0.6282230615615845 0
0.07148422300815582 0
0.823297381401062 1
0.7688026428222656 0
0.4438948631286621 0
0.6696688532829285 0
0.30841776728630066 0
0.7856302261352539 1
0.40208837389945984 0
0.4342922568321228 0
0.3140929341316223 0
0.6037132740020752 0
0.9403356313705444 1
0.3154798150062561 0
0.5690459609031677 0
0.14668430387973785 0
0.3611789345741272 0
0.8347024321556091 1
0.1268651783466339 0
0.7450260519981384 0
0.0019388289656490088 0
0.08394002914428711 0
0.6364602446556091 1
0.009379983879625797 0
0.3788171410560608 0
0.06317140907049179 0
0.01732252724468708 0
0.9532694220542908 1
0.9021822810173035 0
0.9882382750511169 0
0.6970069408416748 0
0.2102113664150238 0
0.6697930693626404 1
0.02447894960641861 0
0.3393282890319824 0
0.5353877544403076 0
0.004506630357354879 0
0.9849952459335327 1
0.00956965982913971 0
0.6285641193389893 0
0.2096441090106964 0
0.3277270495891571 0
0.6517148017883301 1
0.03698690980672836 0
0.6953749656677246 0
0.18411211669445038 0
0.08059345185756683 0
0.7340272665023804 1
0.0010434495052322745 0
0.011365247890353203 0
0.0807427391409874 0
0.0004887787508778274 0
0.9152326583862305 1
0.007170747499912977 0
0.039054304361343384 0
0.07001234591007233 0
0.013349722139537334 0
0.951335608959198 1
0.010935217142105103 0
0.08968748152256012 0
0.5177578926086426 0
0.10761226713657379 0
