0.9991745352745056 1
0.10686241835355759 0
0.13666202127933502 0
0.24046753346920013 0
0.6272241473197937 0
0.9403208494186401 1
0.18992482125759125 0
0.5837359428405762 0
0.3305286169052124 0
0.9606633186340332 0
0.9979268312454224 1
0.19337014853954315 0
0.3881831765174866 0
0.15070337057113647 0
0.2658199071884155 0
0.9996689558029175 1
0.5954625606536865 0
0.9406578540802002 0
0.2626887857913971 0
0.8701267242431641 0
0.9943228960037231 1
0.6443538665771484 0
0.9060670733451843 0
0.9630372524261475 0
0.8207404017448425 0
0.9998504519462585 1
0.8905085921287537 0
0.9922975897789001 0
0.49476486444473267 0
0.9897794723510742 0
0.9965988397598267 1
0.34078943729400635 0
0.9899124503135681 0
0.04811514914035797 0
0.04345063492655754 0
0.996982753276825 1
0.774028480052948 0
0.06799771636724472 0
0.03829142451286316 0
0.514873206615448 0
0.9824663996696472 1
0.8852870464324951 0
0.9871007204055786 0
0.0013231353368610144 0
0.13586418330669403 0
0.9996079802513123 1
0.04973665997385979 0
0.17092034220695496 0
0.02232811413705349 0
0.7179612517356873 0
0.9850339889526367 1
0.2444390505552292 0
0.012408818118274212 0
0.4901190400123596 0
0.8386951684951782 0
0.9996271133422852 1
0.12974432110786438 0
0.14563816785812378 0
0.7178000211715698 0
0.9970690011978149 0
0.9998325109481812 1
0.16298310458660126 0
0.01594841480255127 0
0.17926228046417236 0
0.1057637557387352 0
0.9939213991165161 1
0.9768232703208923 0
0.9965987205505371 0
0.874869704246521 0
0.9875237941741943 0
0.9995899200439453 1
0.23688453435897827 0
0.028003577142953873 0
0.5761814117431641 0
0.7111356258392334 0
0.9981173872947693 1
0.09348278492689133 0
0.7874462008476257 0
0.2695940136909485 0
0.5188612937927246 0
0.986569344997406 1
0.36706921458244324 0
0.05028606578707695 0
0.9973267316818237 0
0.8801387548446655 0
0.9998565912246704 1
0.037911295890808105 0
0.7884358167648315 0
0.9719547033309937 0
0.7384673357009888 0
0.9831044673919678 1
0.0005235407152213156 0
0.002299615414813161 0
0.061428435146808624 0
0.03474285453557968 0
0.995039701461792 1
0.00469775777310133 0
0.1315276026725769 0
0.01930038258433342 0
0.10430692881345749 0
0.9311918616294861 1
0.005970649421215057 0
0.1020338237285614 0
0.01872614398598671 0
0.04203322157263756 0
0.9998321533203125 1
0.021160077303647995 0
0.992241382598877 0
0.33560964465141296 0
0.010115614160895348 0
0.9990757703781128 1
0.025714002549648285 0
0.9467772245407104 0
0.025281693786382675 0
0.049578215926885605 0
0.9969213008880615 1
0.06208871304988861 0
0.9835245609283447 0
0.010944908484816551 0
0.02219829335808754 0
0.9959316253662109 1
0.015787344425916672 0
0.6769814491271973 0
0.6691051721572876 0
0.313545823097229 0
0.9981417655944824 1
0.0279103871434927 0
0.8487807512283325 0
0.553101658821106 0
0.5554749965667725 0
0.7248770594596863 1
0.37327346205711365 0
0.9483747482299805 0
0.026883026584982872 0
0.22110304236412048 0
0.9950048923492432 1
0.005877199582755566 0
0.4171430468559265 0
0.8938443064689636 0
0.20747360587120056 0
0.9992377161979675 1
0.0242985337972641 0
0.1061147078871727 0
0.39766010642051697 0
0.12972918152809143 0
0.9655351638793945 1
0.009412968531250954 0
0.04875358194112778 0
0.2911255955696106 0
0.10262082517147064 0
0.9993559718132019 1
0.00558824185281992 0
0.21288880705833435 0
0.0022750874049961567 0
0.05049952119588852 0
0.9998321533203125 1
0.03663819655776024 0
0.23836426436901093 0
0.12475478649139404 0
0.002454996109008789 0
0.9991115927696228 1
0.018988117575645447 0
0.38994571566581726 0
0.0024094469845294952 0
0.013995836488902569 0
0.8488205671310425 1
0.0006725191487930715 0
0.07441636174917221 0
0.011042246595025063 0
0.00580420158803463 0
0.9916755557060242 1
0.0005020839162170887 0
0.007967989891767502 0
0.06587904691696167 0
0.009525813162326813 0
0.8815280795097351 1
0.001727622002363205 0
0.04205430671572685 0
0.003400307847186923 0
0.0007463430520147085 0
0.9755083322525024 1
0.26079267263412476 0
0.8785799741744995 0
0.7002949714660645 0
0.0034377702977508307 0
0.9950470924377441 1
0.16328072547912598 0
0.9590623378753662 0
0.9247167110443115 0
0.6619740724563599 0
0.9811772704124451 1
0.48272761702537537 0
0.6149078607559204 0
0.42021769285202026 0
0.9280858039855957 0
0.9426649808883667 1
0.003026651917025447 0
0.01612640544772148 0
0.3943772315979004 0
0.001589051797054708 0
0.980141818523407 1
0.0012275462504476309 0
0.020575035363435745 0
0.1514223963022232 0
0.00017680732707958668 0
0.9552142024040222 1
0.0011840318329632282 0
0.016600441187620163 0
0.012655017897486687 0
0.015966542065143585 0
0.9983682632446289 1
0.7696352005004883 0
0.99933260679245 0
0.983333945274353 0
7.824237400200218e-05 0
0.9999804496765137 1
0.17825311422348022 0
0.9959957003593445 0
0.9052082300186157 0
0.5676118731498718 0
0.9976054430007935 1
0.8784513473510742 0
0.8898563385009766 0
0.3210783004760742 0
0.6724992990493774 0
0.9998024702072144 1
0.0011505471775308251 0
0.1995784491300583 0
0.8541535139083862 0
0.00018155400175601244 0
0.9988620281219482 1
0.0037395567633211613 0
0.9811632037162781 0
0.6337401270866394 0
0.0002602606837172061 0
0.9898526072502136 1
0.21921536326408386 0
0.9657398462295532 0
0.9472276568412781 0
0.00840654969215393 0
0.9795898199081421 1
0.4795089662075043 0
0.5234053730964661 0
0.768243670463562 0
0.20586149394512177 0
0.9230210185050964 1
0.8922643661499023 0
0.9636749625205994 0
0.07912807911634445 0
0.5289596319198608 0
0.8536052703857422 1
0.1011715680360794 0
0.9153208136558533 0
0.23557186126708984 0
0.3160102963447571 0
0.9963399767875671 1
0.9449211955070496 0
0.7729634642601013 0
0.3694118857383728 0
0.00697673624381423 0
0.9771067500114441 1
0.1086132749915123 0
0.9194483757019043 0
0.007444002665579319 0
0.0016551448497921228 0
0.9972337484359741 1
0.5804024934768677 0
0.8944413661956787 0
0.2535044848918915 0
0.6488102674484253 0
0.999099612236023 1
0.0007882511708885431 0
0.35801753401756287 0
0.8518314361572266 0
0.0026865943800657988 0
0.9773079752922058 1
0.2398679107427597 0
0.9710047245025635 0
0.9938053488731384 0
0.9815651178359985 0
0.9987680912017822 1
0.5069605112075806 0
0.43098586797714233 0
0.3731280267238617 0
0.9398645758628845 0
0.952938973903656 1
0.0004561620007734746 0
0.04280438646674156 0
0.9205893874168396 0
0.00024890294298529625 0
0.9965288043022156 1
0.0012252351734787226 0
0.11714312434196472 0
0.7965645790100098 0
0.0003903167089447379 0
0.997576892375946 1
0.0059511433355510235 0
0.1158139556646347 0
0.34164461493492126 0
0.00405889330431819 0
0.9995158910751343 1
0.8861967921257019 0
0.602321207523346 0
0.7582279443740845 0
0.015096362680196762 0
0.999768853187561 1
0.26560455560684204 0
0.6328255534172058 0
0.8515070676803589 0
0.7410425543785095 0
0.999321460723877 1
0.287770539522171 0
0.17210978269577026 0
0.44462132453918457 0
0.2532184422016144 0
0.9996335506439209 1
0.01920575089752674 0
0.9497791528701782 0
0.00010785692575154826 0
0.0022645038552582264 0
0.9924904704093933 1
0.016017839312553406 0
0.6202723979949951 0
0.040529072284698486 0
0.0006407663458958268 0
0.9956170916557312 1
0.8365492820739746 0
0.980475664138794 0
0.8468686938285828 0
0.03730453550815582 0
0.7555198669433594 1
0.004810582846403122 0
0.6087762117385864 0
0.24991445243358612 0
6.258867506403476e-05 0
0.9981176257133484 1
0.022636419162154198 0
0.9801737666130066 0
0.8850215673446655 0
0.024309275671839714 0
0.9957298636436462 1
0.06320568919181824 0
0.9804408550262451 0
0.6497306823730469 0
0.32852596044540405 0
0.03517540916800499 1
0.0005324638332240283 0
0.007402150891721249 0
0.061513751745224 0
9.426420547242742e-06 0
0.37841635942459106 1
0.0010038611944764853 0
0.02507947012782097 0
0.050142642110586166 0
0.0003611893334891647 0
0.9250423312187195 1
0.006331452634185553 0
0.16958513855934143 0
0.266650527715683 0
0.006047684699296951 0
