0.38015466928482056 1
0.27010685205459595 0
0.4239063858985901 0
0.10279970616102219 0
0.16014742851257324 0
0.5433380603790283 1
0.3769955635070801 0
0.42831942439079285 0
0.2809292674064636 0
0.3065147399902344 0
0.46330398321151733 1
0.3351415991783142 0
0.460390567779541 0
0.2593228816986084 0
0.16271603107452393 0
0.5793719291687012 1
0.6545587182044983 0
0.6452541351318359 0
0.1374724805355072 0
0.15820389986038208 0
0.6474279761314392 1
0.5483107566833496 0
0.4844495952129364 0
0.5414804816246033 0
0.37505239248275757 0
0.6671385169029236 1
0.6436516046524048 0
0.6846719980239868 0
0.3879762291908264 0
0.15033917129039764 0
0.5584958791732788 1
0.5694109201431274 0
0.6698799133300781 0
0.4552757441997528 0
0.2613735795021057 0
0.37840235233306885 1
0.49812254309654236 0
0.4652714133262634 0
0.2465837001800537 0
0.19608211517333984 0
0.5110397934913635 1
0.49762552976608276 0
0.5588304400444031 0
0.33074015378952026 0
0.24532943964004517 0
0.5967212915420532 1
0.08279822766780853 0
0.3916308581829071 0
0.04836028814315796 0
0.3591156601905823 0
0.4495801329612732 1
0.4255945086479187 0
0.2659057676792145 0
0.21873465180397034 0
0.37199825048446655 0
0.5913941264152527 1
0.3690396547317505 0
0.45783674716949463 0
0.29369860887527466 0
0.45606371760368347 0
0.5967444777488708 1
0.42520707845687866 0
0.47451433539390564 0
0.06457310914993286 0
0.09732689708471298 0
0.6598297953605652 1
0.49128028750419617 0
0.6748604774475098 0
0.2216712087392807 0
0.5495635271072388 0
0.5630150437355042 1
0.46237683296203613 0
0.46283578872680664 0
0.33445852994918823 0
0.2574446201324463 0
0.43731945753097534 1
0.32792380452156067 0
0.38214167952537537 0
0.0869213193655014 0
0.06554989516735077 0
0.5002841353416443 1
0.5310019850730896 0
0.49642500281333923 0
0.4828341603279114 0
0.1912986934185028 0
0.5345923900604248 1
0.2273518443107605 0
0.33405837416648865 0
0.30331850051879883 0
0.21032637357711792 0
0.299490749835968 1
0.18562810122966766 0
0.39123865962028503 0
0.23032355308532715 0
0.3250778913497925 0
0.306723415851593 1
0.24132946133613586 0
0.32160675525665283 0
0.1146114394068718 0
0.29632651805877686 0
0.27315008640289307 1
0.22532787919044495 0
0.28646647930145264 0
0.06281740963459015 0
0.10476286709308624 0
0.49307259917259216 1
0.4386751651763916 0
0.6457575559616089 0
0.28092923760414124 0
0.27875736355781555 0
0.4304827153682709 1
0.47540971636772156 0
0.6429380178451538 0
0.20806118845939636 0
0.2932531237602234 0
0.2752413749694824 1
0.34280943870544434 0
0.4953177869319916 0
0.09208349883556366 0
0.10789580643177032 0
0.32356974482536316 1
0.3203295171260834 0
0.4265856444835663 0
0.42354708909988403 0
0.5264540910720825 0
0.4720251262187958 1
0.12075775116682053 0
0.5037103295326233 0
0.5366363525390625 0
0.5108919143676758 0
0.33681032061576843 1
0.45565491914749146 0
0.47117242217063904 0
0.2687380313873291 0
0.4056470990180969 0
0.5367312431335449 1
0.09501685202121735 0
0.24032825231552124 0
0.18951871991157532 0
0.5703250169754028 0
0.4286005198955536 1
0.1474546492099762 0
0.22005918622016907 0
0.12678441405296326 0
0.4007044732570648 0
0.2194826304912567 1
0.0759003683924675 0
0.18124920129776 0
0.09763588756322861 0
0.3314110338687897 0
0.49786075949668884 1
0.272233247756958 0
0.42921993136405945 0
0.08177457749843597 0
0.14860859513282776 0
0.5357219576835632 1
0.29294270277023315 0
0.30422651767730713 0
0.04434271901845932 0
0.04644590616226196 0
0.3724753260612488 1
0.3073423504829407 0
0.3182808756828308 0
0.04191374033689499 0
0.07478930056095123 0
0.21586869657039642 1
0.28538209199905396 0
0.48376238346099854 0
0.19551655650138855 0
0.11243307590484619 0
0.3747573792934418 1
0.13762517273426056 0
0.4102925658226013 0
0.03536084294319153 0
0.03707335889339447 0
0.22207707166671753 1
0.1662595570087433 0
0.24185490608215332 0
0.021089892834424973 0
0.04762188345193863 0
0.35896730422973633 1
0.1791345179080963 0
0.3886304795742035 0
0.0905430018901825 0
0.08219065517187119 0
0.36126554012298584 1
0.1725889891386032 0
0.29720765352249146 0
0.12707829475402832 0
0.10691460967063904 0
0.18650227785110474 1
0.2231803834438324 0
0.31054338812828064 0
0.05410214513540268 0
0.12244242429733276 0
0.16023485362529755 1
0.1148759052157402 0
0.19667258858680725 0
0.09211894124746323 0
0.05131455510854721 0
0.28104138374328613 1
0.14832273125648499 0
0.27819567918777466 0
0.2411600649356842 0
0.39862141013145447 0
0.3237977921962738 1
0.1360698640346527 0
0.3313619792461395 0
0.12818849086761475 0
0.1520804464817047 0
0.6435665488243103 1
0.5394622683525085 0
0.6737492084503174 0
0.4524821937084198 0
0.22377699613571167 0
0.7384581565856934 1
0.5057809352874756 0
0.5472043752670288 0
0.4083193242549896 0
0.10885298252105713 0
0.608530580997467 1
0.511747419834137 0
0.5839380025863647 0
0.0998106300830841 0
0.06720875948667526 0
0.5965436100959778 1
0.4550217092037201 0
0.46102210879325867 0
0.24413876235485077 0
0.08958937972784042 0
0.667822003364563 1
0.49309778213500977 0
0.6385517716407776 0
0.4347720146179199 0
0.3582307994365692 0
0.5031704902648926 1
0.49914491176605225 0
0.5422252416610718 0
0.3950452208518982 0
0.26449549198150635 0
0.51975017786026 1
0.24901965260505676 0
0.24687159061431885 0
0.17726187407970428 0
0.48255622386932373 0
0.1989971101284027 1
0.3949425220489502 0
0.4251479506492615 0
0.32385748624801636 0
0.3806299567222595 0
0.24371424317359924 1
0.511475145816803 0
0.6224040985107422 0
0.48681211471557617 0
0.20817719399929047 0
0.3814406991004944 1
0.4092024564743042 0
0.24863681197166443 0
0.2666685879230499 0
0.3074287176132202 0
0.3690853714942932 1
0.30696067214012146 0
0.5233001112937927 0
0.06895993649959564 0
0.3054215908050537 0
0.4341066777706146 1
0.48955702781677246 0
0.5621417760848999 0
0.15308557450771332 0
0.40999042987823486 0
0.5665359497070312 1
0.2199355810880661 0
0.39590638875961304 0
0.2780053913593292 0
0.24072039127349854 0
0.5516376495361328 1
0.10808484256267548 0
0.3827474117279053 0
0.1171686053276062 0
0.3208669126033783 0
0.7298026084899902 1
0.02285049855709076 0
0.17280244827270508 0
0.03944537788629532 0
0.21580728888511658 0
0.49164873361587524 1
0.026847688481211662 0
0.20694562792778015 0
0.2312026470899582 0
0.057694099843502045 0
0.5978100895881653 1
0.30311787128448486 0
0.32619160413742065 0
0.31669801473617554 0
0.3355150818824768 0
0.6279139518737793 1
0.42089635133743286 0
0.4855969548225403 0
0.3131698966026306 0
0.1816594898700714 0
0.5231679677963257 1
0.47035008668899536 0
0.46467143297195435 0
0.39227983355522156 0
0.27203530073165894 0
0.5357847809791565 1
0.26003167033195496 0
0.3746170997619629 0
0.08782829344272614 0
0.11877074837684631 0
0.5617026686668396 1
0.3096364736557007 0
0.40482014417648315 0
0.03419528901576996 0
0.031545158475637436 0
0.5408923625946045 1
0.3336943984031677 0
0.38034066557884216 0
0.0699428990483284 0
0.0781848132610321 0
0.4096822738647461 1
0.4184773862361908 0
0.49307936429977417 0
0.16251131892204285 0
0.38472598791122437 0
0.5814275145530701 1
0.4752384424209595 0
0.5813696384429932 0
0.30355507135391235 0
0.23261234164237976 0
0.4162174463272095 1
0.1952379047870636 0
0.19389402866363525 0
0.3105473816394806 0
0.21117345988750458 0
0.487124502658844 1
0.2886626124382019 0
0.2821750044822693 0
0.23057901859283447 0
0.060106098651885986 0
0.39987802505493164 1
0.3200836181640625 0
0.4543988108634949 0
0.1399407982826233 0
0.07116889953613281 0
0.27882230281829834 1
0.1739671677350998 0
0.2673320174217224 0
0.11817976832389832 0
0.010150806978344917 0
0.39672374725341797 1
0.13336673378944397 0
0.31790482997894287 0
0.1762866973876953 0
0.12235405296087265 0
0.333598792552948 1
0.28145116567611694 0
0.4423534870147705 0
0.27816933393478394 0
0.11598730087280273 0
