0.9669622182846069 1
0.06613931059837341 0
0.06842031329870224 0
0.13420751690864563 0
0.5937661528587341 0
0.8557513952255249 1
0.08272704482078552 0
0.323862224817276 0
0.11759665608406067 0
0.724230170249939 0
0.9856085777282715 1
0.07326284050941467 0
0.411857545375824 0
0.28216612339019775 0
0.02373211644589901 0
0.997299313545227 1
0.33361148834228516 0
0.691562294960022 0
0.05762984976172447 0
0.804219663143158 0
0.975017249584198 1
0.6679374575614929 0
0.7896972894668579 0
0.8959789276123047 0
0.8648349642753601 0
0.9977971315383911 1
0.7744790315628052 0
0.9659469127655029 0
0.49702972173690796 0
0.856010913848877 0
0.9741899371147156 1
0.049520574510097504 0
0.2551872134208679 0
0.020609697327017784 0
0.11047469079494476 0
0.9665884971618652 1
0.06527930498123169 0
0.010791934095323086 0
0.02951671928167343 0
0.34014278650283813 0
0.9458624124526978 1
0.4546256959438324 0
0.608376681804657 0
0.020423727110028267 0
0.034145697951316833 0
0.9985127449035645 1
0.013463466428220272 0
0.15068700909614563 0
0.04189806431531906 0
0.4335918128490448 0
0.9759575724601746 1
0.08641880005598068 0
0.056295350193977356 0
0.10660263150930405 0
0.8663095831871033 0
0.9925615191459656 1
0.05515267699956894 0
0.2526674270629883 0
0.1577593982219696 0
0.9141267538070679 0
0.992149293422699 1
0.09560396522283554 0
0.025875290855765343 0
0.0995623767375946 0
0.21353787183761597 0
0.9884518384933472 1
0.9803612232208252 0
0.9556578993797302 0
0.7150372266769409 0
0.9907278418540955 0
0.9955925941467285 1
0.27908068895339966 0
0.1102863997220993 0
0.24193672835826874 0
0.5299294590950012 0
0.9418545961380005 1
0.01252737920731306 0
0.04305160045623779 0
0.057744525372982025 0
0.08751009404659271 0
0.8599664568901062 1
0.09500937163829803 0
0.012320364825427532 0
0.979255199432373 0
0.45285511016845703 0
0.9841918349266052 1
0.021556749939918518 0
0.30907362699508667 0
0.6483176946640015 0
0.28225207328796387 0
0.9523395299911499 1
0.0010274546220898628 0
0.0038361481856554747 0
0.05115240067243576 0
0.14666853845119476 0
0.98260498046875 1
0.004059651866555214 0
0.035343237221241 0
0.004493135027587414 0
0.013792935758829117 0
0.6229429841041565 1
0.004593351855874062 0
0.04847446084022522 0
0.0036525349132716656 0
0.01828322932124138 0
0.997329592704773 1
0.029323972761631012 0
0.9924308657646179 0
0.052753712981939316 0
0.007843494415283203 0
0.9722339510917664 1
0.00874795950949192 0
0.577662467956543 0
0.00778818316757679 0
0.010626598261296749 0
0.9083174467086792 1
0.045516129583120346 0
0.8622390031814575 0
0.0026547200977802277 0
0.004131787922233343 0
0.9805139303207397 1
0.026770737022161484 0
0.6973206400871277 0
0.7339835166931152 0
0.33084166049957275 0
0.9942812919616699 1
0.008616214618086815 0
0.35699886083602905 0
0.1904079169034958 0
0.4303302764892578 0
0.5039147138595581 1
0.21714907884597778 0
0.5034408569335938 0
0.011314354836940765 0
0.0640711635351181 0
0.9604973793029785 1
0.0017872912576422095 0
0.03056326135993004 0
0.5516217947006226 0
0.41358229517936707 0
0.9877402186393738 1
0.0010596700012683868 0
0.0868348479270935 0
0.08805619180202484 0
0.050369493663311005 0
0.8160208463668823 1
0.00488833524286747 0
0.13569208979606628 0
0.0382445752620697 0
0.05477866530418396 0
0.9984216094017029 1
0.005176238715648651 0
0.12088033556938171 0
0.0011934111826121807 0
0.047496359795331955 0
0.9835939407348633 1
0.008846569806337357 0
0.10257326811552048 0
0.009912051260471344 0
0.00048194872215390205 0
0.9678224921226501 1
0.011346502229571342 0
0.18190310895442963 0
0.0016445069340988994 0
0.006930798292160034 0
0.4773690700531006 1
0.002458124188706279 0
0.0635422095656395 0
0.04369416460394859 0
0.004170544445514679 0
0.8243184089660645 1
0.00034416522248648107 0
0.004223880358040333 0
0.002607745584100485 0
0.003191760741174221 0
0.3473472595214844 1
0.0010301237925887108 0
0.01034439168870449 0
0.0022577373310923576 0
0.003901598509401083 0
0.9513475298881531 1
0.04550309479236603 0
0.5077943801879883 0
0.18557676672935486 0
0.0012290668673813343 0
0.8622212409973145 1
0.0068907784298062325 0
0.5965213179588318 0
0.7513331770896912 0
0.01435154490172863 0
0.7045643329620361 1
0.16659796237945557 0
0.7243377566337585 0
0.47925180196762085 0
0.30473846197128296 0
0.7343190908432007 1
0.0016935665626078844 0
0.0662696585059166 0
0.30072343349456787 0
0.0004184007993899286 0
0.44613903760910034 1
0.0013021151535212994 0
0.004825203213840723 0
0.004146669991314411 0
0.0003938633599318564 0
0.8828088045120239 1
0.0006840244750492275 0
0.0102043766528368 0
0.008664444088935852 0
0.014855809509754181 0
0.9916987419128418 1
0.9245436191558838 0
0.9913960695266724 0
0.668195903301239 0
9.300189412897453e-05 0
0.9996899366378784 1
0.24355420470237732 0
0.9052228927612305 0
0.6189525723457336 0
0.14023825526237488 0
0.9943065643310547 1
0.3435686230659485 0
0.9181274175643921 0
0.10137037932872772 0
0.034285690635442734 0
0.9863982200622559 1
0.008448024280369282 0
0.4500349462032318 0
0.02475135400891304 0
0.00018047848425339907 0
0.9274015426635742 1
0.0036886478774249554 0
0.8278160095214844 0
0.016137544065713882 0
8.092191274045035e-05 0
0.9816243648529053 1
0.4782969355583191 0
0.8913358449935913 0
0.2007315754890442 0
0.0036494103260338306 0
0.8143951296806335 1
0.25462085008621216 0
0.1628464311361313 0
0.6455199718475342 0
0.144538015127182 0
0.4634036719799042 1
0.5817333459854126 0
0.3912683129310608 0
0.04661988839507103 0
0.104016974568367 0
0.6949563026428223 1
0.028333935886621475 0
0.19281697273254395 0
0.0026043313555419445 0
0.018885402008891106 0
0.9682008624076843 1
0.8391852378845215 0
0.8148733973503113 0
0.14996914565563202 0
0.0017523746937513351 0
0.598507821559906 1
0.07598529011011124 0
0.39406949281692505 0
0.0010035389568656683 0
6.759923417121172e-05 0
0.9584594964981079 1
0.37374624609947205 0
0.6676399111747742 0
0.10008587688207626 0
0.5264332890510559 0
0.9966527819633484 1
0.004423327744007111 0
0.285310298204422 0
0.6694719195365906 0
0.000286105670966208 0
0.9437312483787537 1
0.025007305666804314 0
0.871778130531311 0
0.4559018015861511 0
0.2899514138698578 0
0.9944784641265869 1
0.03845654055476189 0
0.3878481388092041 0
0.04499291628599167 0
0.9037187099456787 0
0.953466534614563 1
0.00043011317029595375 0
0.09223221242427826 0
0.01652592048048973 0
0.0001584208948770538 0
0.8714017868041992 1
0.0006366947782225907 0
0.26787909865379333 0
0.010595100000500679 0
0.0006369089242070913 0
0.9882280826568604 1
0.0061073522083461285 0
0.04267272353172302 0
0.5138651132583618 0
0.031087851151823997 0
0.9871890544891357 1
0.8698336482048035 0
0.22041833400726318 0
0.6429959535598755 0
0.0019930400885641575 0
0.9793664813041687 1
0.09202980250120163 0
0.2653833329677582 0
0.28325337171554565 0
0.030073486268520355 0
0.9741873145103455 1
0.018761858344078064 0
0.5015094876289368 0
0.04578610882163048 0
0.06146746873855591 0
0.9810029864311218 1
0.04617593437433243 0
0.9366105794906616 0
7.244905282277614e-05 0
0.0005760398344136775 0
0.661551833152771 1
0.0022939371410757303 0
0.2345508337020874 0
0.0054722679778933525 0
0.003248492255806923 0
0.9683762788772583 1
0.8284234404563904 0
0.9080502390861511 0
0.7086837291717529 0
0.1200612410902977 0
0.39404141902923584 1
0.0006755458889529109 0
0.12328803539276123 0
0.09553896635770798 0
0.00015891034854575992 0
0.9298661947250366 1
0.003971616737544537 0
0.5101056098937988 0
0.07717229425907135 0
0.008633013814687729 0
0.8518607020378113 1
0.003679752117022872 0
0.16583839058876038 0
0.04632910341024399 0
0.10405653715133667 0
0.12299828976392746 1
0.0005901242257095873 0
0.0025964288506656885 0
0.003932547755539417 0
1.9519051420502365e-05 0
0.0956832766532898 1
0.0012056714622303843 0
0.007691575214266777 0
0.008221377618610859 0
0.0020133391954004765 0
0.9095300436019897 1
0.005691188387572765 0
0.012068110518157482 0
0.240839421749115 0
0.04163280129432678 0
