0.07214531302452087 1
0.4048560559749603 1
0.1468949019908905 1
0.5491431355476379 1
0.04590753838419914 1
0.36735838651657104 1
0.5635368824005127 1
0.08268284052610397 1
0.4070473611354828 1
0.15839090943336487 1
0.4231944978237152 1
0.2901950478553772 1
0.4845702350139618 1
0.5738634467124939 1
0.9706219434738159 1
0.4493778645992279 1
0.007874672301113605 1
0.4422172009944916 1
0.2157171070575714 1
0.738339364528656 1
0.28750479221343994 1
0.7028152346611023 1
0.5668823719024658 1
0.003534459276124835 0
0.0007410884136334062 0
0.45924460887908936 0
0.0005494278739206493 0
0.03378911688923836 0
0.32115107774734497 0
0.0003283376572653651 0
0.0010401069885119796 0
0.18759700655937195 0
0.011130157858133316 0
0.003695049090310931 0
0.7415310144424438 0
7.601333345519379e-05 0
0.00017840249347500503 0
0.7011382579803467 0
0.00042405957356095314 0
0.00011065270518884063 0
0.6982721090316772 0
0.00038908858550712466 0
0.0006205515819601715 0
0.6524426937103271 0
0.0063205137848854065 0
0.00196313438937068 0
0.32647421956062317 0
0.0008645548950880766 0
0.0035472295712679625 0
0.39600619673728943 0
0.0007915584137663245 0
0.0037079527974128723 0
0.3058090806007385 0
0.0010541321244090796 0
0.0031517071183770895 0
0.3238629102706909 0
0.003271755762398243 0
0.007494098972529173 0
0.4439438581466675 0
0.01944471336901188 0
0.0025520280469208956 0
0.3838450312614441 0
0.001576410373672843 0
0.00807434692978859 0
0.5007166862487793 0
0.004268285818397999 0
0.0022169402800500393 0
0.48299020528793335 0
0.0014115518424659967 0
0.0066560315899550915 0
0.34691691398620605 0
0.0018846483435481787 0
0.0026810630224645138 0
0.651300847530365 0
0.0007374775013886392 0
0.008823676966130733 0
0.3806546628475189 0
9.369869803776965e-05 0
0.0009874815586954355 0
0.36738860607147217 0
0.01831868290901184 0
0.0019417944131419063 0
0.6257877349853516 0
0.0017147227190434933 0
0.008121076971292496 0
0.417161226272583 0
0.0019900461193174124 0
0.0035032702144235373 0
0.6609071493148804 0
0.04007729887962341 0
0.0017997953109443188 0
0.6944353580474854 0
0.6798447370529175 1
0.8342031240463257 1
0.4819735288619995 1
0.6987521648406982 1
0.7277183532714844 1
0.8581458330154419 1
0.8867055177688599 1
0.9286544322967529 1
0.7564863562583923 1
0.3735808730125427 1
0.6706115007400513 1
0.7394298911094666 1
0.4805329740047455 1
0.4064861238002777 1
0.5964570641517639 1
0.326977014541626 1
0.7985172271728516 1
0.3793841600418091 1
0.6224093437194824 1
0.36135125160217285 1
0.4291774034500122 1
0.672250509262085 1
0.5929096937179565 1
