0.33655738830566406 1
0.40162140130996704 1
0.20412126183509827 1
0.7664803862571716 1
0.005939916707575321 1
0.400770366191864 1
0.5795211791992188 1
0.02667195163667202 1
0.5047369003295898 1
0.030515599995851517 1
0.3304588496685028 1
0.01552895363420248 1
0.28759098052978516 1
0.4569493532180786 1
0.9542713165283203 1
0.3586035668849945 1
0.0022128596901893616 1
0.18172697722911835 1
0.011615786701440811 1
0.5833527445793152 1
0.2284533828496933 1
0.1960473507642746 1
0.7793257236480713 1
0.0027353735640645027 0
0.005226772278547287 0
0.7801816463470459 0
0.0014958184910938144 0
0.10514077544212341 0
0.30431297421455383 0
0.000604459666647017 0
0.002823945600539446 0
0.22010573744773865 0
0.003336736699566245 0
0.017802642658352852 0
0.9352171421051025 0
0.00034048277302645147 0
0.0003331580082885921 0
0.9216961860656738 0
0.0030711772851645947 0
0.0002129009080817923 0
0.6697356104850769 0
0.0003155561862513423 0
0.021403921768069267 0
0.6761776804924011 0
0.015779662877321243 0
0.009764546528458595 0
0.3425343930721283 0
0.000606571848038584 0
0.02653571031987667 0
0.5572704076766968 0
0.000768688041716814 0
0.01684277504682541 0
0.3350437879562378 0
0.0031586315017193556 0
0.01210472546517849 0
0.3471505343914032 0
0.00767197459936142 0
0.020229648798704147 0
0.43695616722106934 0
0.021587107330560684 0
0.0067853922955691814 0
0.6047227382659912 0
0.0018396538216620684 0
0.0295134037733078 0
0.3889344334602356 0
0.03144172206521034 0
0.007862642407417297 0
0.6221109628677368 0
0.009015652351081371 0
0.005016027949750423 0
0.5557986497879028 0
0.014252012595534325 0
0.012612780556082726 0
0.7375903129577637 0
0.0003373064682818949 0
0.04302047938108444 0
0.4262145161628723 0
0.0005789585993625224 0
0.0021909589413553476 0
0.5708990097045898 0
0.018465517088770866 0
0.00891774334013462 0
0.6544104814529419 0
0.003815467469394207 0
0.09549461305141449 0
0.574641227722168 0
0.008308865129947662 0
0.007547085639089346 0
0.6520566940307617 0
0.10530175268650055 0
0.005442078225314617 0
0.7653605937957764 0
0.7320980429649353 1
0.8967515826225281 1
0.5734831690788269 1
0.7372188568115234 1
0.9367980360984802 1
0.9924627542495728 1
0.9621037244796753 1
0.9829493761062622 1
0.9125539064407349 1
0.45901256799697876 1
0.6584038138389587 1
0.9047055244445801 1
0.7865411043167114 1
0.5959407091140747 1
0.6669905185699463 1
0.4136006236076355 1
0.947417140007019 1
0.6059537529945374 1
0.686352014541626 1
0.5391930341720581 1
0.8469133377075195 1
0.8261599540710449 1
0.7059647440910339 1
