0.3313193917274475 1
0.02073090523481369 0
0.11209455132484436 0
0.12101622670888901 0
0.08572050929069519 0
0.42588096857070923 1
0.08804520219564438 0
0.2036515176296234 0
0.16650515794754028 0
0.19039899110794067 0
0.3572816252708435 1
0.04956841096282005 0
0.26802611351013184 0
0.08971647918224335 0
0.030334224924445152 0
0.5338783264160156 1
0.3663507401943207 0
0.42677152156829834 0
0.08110964298248291 0
0.12185373157262802 0
0.4650900363922119 1
0.6988840103149414 0
0.49838322401046753 0
0.43369027972221375 0
0.1908305287361145 0
0.6229826211929321 1
0.421950101852417 0
0.4657028615474701 0
0.10882889479398727 0
0.049435269087553024 0
0.43054136633872986 1
0.16820883750915527 0
0.3320058286190033 0
0.14932036399841309 0
0.1151990294456482 0
0.3556128442287445 1
0.03438755124807358 0
0.08509048074483871 0
0.20534704625606537 0
0.19024208188056946 0
0.3570297956466675 1
0.024313941597938538 0
0.024025587365031242 0
0.03397180885076523 0
0.02765984833240509 0
0.6381494998931885 1
0.05291371792554855 0
0.1323983073234558 0
0.04099756479263306 0
0.04756010323762894 0
0.2333221137523651 1
0.048488013446331024 0
0.1634807586669922 0
0.1515669822692871 0
0.10304784029722214 0
0.5206121206283569 1
0.04005615413188934 0
0.09509925544261932 0
0.06502330303192139 0
0.14316214621067047 0
0.5271777510643005 1
0.10449954867362976 0
0.16316139698028564 0
0.024044549092650414 0
0.03945799916982651 0
0.4030592143535614 1
0.5947632789611816 0
0.45351219177246094 0
0.11816009879112244 0
0.5318244099617004 0
0.3893544673919678 1
0.23591552674770355 0
0.2694074809551239 0
0.3289808928966522 0
0.10384801030158997 0
0.33204635977745056 1
0.03014363907277584 0
0.1439003050327301 0
0.10276933759450912 0
0.14125847816467285 0
0.4888243079185486 1
0.31321126222610474 0
0.29932790994644165 0
0.5541865825653076 0
0.09082388132810593 0
0.5127739906311035 1
0.048548173159360886 0
0.1309105008840561 0
0.16077984869480133 0
0.02273104153573513 0
0.35025081038475037 1
0.006669585593044758 0
0.07652989029884338 0
0.20065027475357056 0
0.13309763371944427 0
0.2343330830335617 1
0.00895884819328785 0
0.039452847093343735 0
0.02217382937669754 0
0.011015104129910469 0
0.15948891639709473 1
0.002690682653337717 0
0.014475810341536999 0
0.016880229115486145 0
0.037540413439273834 0
0.4005064368247986 1
0.008155833929777145 0
0.34482714533805847 0
0.17843905091285706 0
0.02963394485414028 0
0.32149839401245117 1
0.010555356740951538 0
0.0982581079006195 0
0.028783446177840233 0
0.0184369795024395 0
0.31136786937713623 1
0.009727131575345993 0
0.16500264406204224 0
0.03055010549724102 0
0.038760654628276825 0
0.31077733635902405 1
0.0007036313763819635 0
0.0032884045504033566 0
0.14944198727607727 0
0.05495800822973251 0
0.36412572860717773 1
0.002745550125837326 0
0.008019792847335339 0
0.0468013733625412 0
0.1952485740184784 0
0.17517948150634766 1
0.004720989614725113 0
0.016104791313409805 0
0.0054742731153965 0
0.023517390713095665 0
0.29642269015312195 1
0.015254931524395943 0
0.08566403388977051 0
0.14290520548820496 0
0.300672709941864 0
0.1161443293094635 1
0.018067706376314163 0
0.09174062311649323 0
0.05221717804670334 0
0.008346954360604286 0
0.024418454617261887 1
0.0030869883485138416 0
0.03668589890003204 0
0.04272478446364403 0
0.05831146240234375 0
0.3918350636959076 1
0.00392488669604063 0
0.10516857355833054 0
0.01696695387363434 0
0.11169299483299255 0
0.2829597592353821 1
0.013115454465150833 0
0.008701336570084095 0
0.03503424674272537 0
0.009769072756171227 0
0.3019978404045105 1
0.005093228537589312 0
0.006647288333624601 0
0.045220889151096344 0
0.0923464298248291 0
0.1476973444223404 1
0.010128604248166084 0
0.04025919735431671 0
0.21863603591918945 0
0.02221672795712948 0
0.02141667902469635 1
0.007484372705221176 0
0.028728192672133446 0
0.026451988145709038 0
0.06704399734735489 0
0.06956440955400467 1
0.006555370055139065 0
0.025516530498862267 0
0.10116055607795715 0
0.06625501811504364 0
0.3374958038330078 1
0.023751527070999146 0
0.1992444396018982 0
0.06261704862117767 0
0.0033885668963193893 0
0.31212037801742554 1
0.0016291087958961725 0
0.060209035873413086 0
0.124407559633255 0
0.0032796745654195547 0
0.10063159465789795 1
0.011444373056292534 0
0.18686825037002563 0
0.11600494384765625 0
0.058180566877126694 0
0.11698213219642639 1
0.0008667797083035111 0
0.03825419768691063 0
0.051493749022483826 0
0.002015971578657627 0
0.17726799845695496 1
0.0002676202857401222 0
0.0032328488305211067 0
0.011147580109536648 0
0.0006442476296797395 0
0.13458305597305298 1
0.00438151927664876 0
0.01253437902778387 0
0.009443300776183605 0
0.001755332574248314 0
0.4380730092525482 1
0.10316778719425201 0
0.35756465792655945 0
0.2874391973018646 0
0.0017619006102904677 0
0.48978161811828613 1
0.0170716792345047 0
0.3731566369533539 0
0.22948895394802094 0
0.0168446134775877 0
0.4717904329299927 1
0.1211157888174057 0
0.4030720889568329 0
0.05998356640338898 0
0.03680959716439247 0
0.349845290184021 1
0.013112988322973251 0
0.03879356384277344 0
0.07997444272041321 0
0.0068100374191999435 0
0.33326202630996704 1
0.0015565501525998116 0
0.3188735842704773 0
0.10845716297626495 0
0.0009061653399839997 0
0.4810664653778076 1
0.02178928069770336 0
0.3332979679107666 0
0.029610786586999893 0
0.0010478529147803783 0
0.3387465178966522 1
0.000792141305282712 0
0.0010524026583880186 0
0.003934875130653381 0
0.0044662682339549065 0
0.2933618426322937 1
0.009297473356127739 0
0.0014311359263956547 0
0.011400497518479824 0
0.0370921865105629 0
0.22318989038467407 1
0.01110053714364767 0
0.061907194554805756 0
0.12438496202230453 0
0.05593472719192505 0
0.2605108916759491 1
0.0007366727804765105 0
0.001001750468276441 0
0.003281431272625923 0
0.005233453121036291 0
0.324470192193985 1
0.0019456157460808754 0
0.00511398259550333 0
0.029849577695131302 0
0.0014050898607820272 0
0.3476932644844055 1
0.010584249161183834 0
0.013265479356050491 0
0.0010601608082652092 0
0.00666888989508152 0
0.34426581859588623 1
0.0013114729663357139 0
0.027012569829821587 0
0.026335401460528374 0
0.0010893633589148521 0
0.2876846194267273 1
0.0034702818375080824 0
0.17027893662452698 0
0.0035117045044898987 0
0.06381383538246155 0
0.6563429832458496 1
0.018863938748836517 0
0.0679609552025795 0
0.047724731266498566 0
0.0474679172039032 0
0.04844086989760399 1
0.004386283922940493 0
0.021471306681632996 0
0.0748906210064888 0
0.00031630275771021843 0
0.30138763785362244 1
0.0006291574100032449 0
0.040029026567935944 0
0.010305091738700867 0
0.0019445486832410097 0
0.4760704040527344 1
0.003455714788287878 0
0.05777858942747116 0
0.003015319351106882 0
0.0005460353568196297 0
0.34445247054100037 1
0.3054076135158539 0
0.32424217462539673 0
0.07163525372743607 0
0.007368072867393494 0
0.3468775749206543 1
0.16478398442268372 0
0.012715192511677742 0
0.057559844106435776 0
0.12828658521175385 0
0.4107726812362671 1
0.03451394662261009 0
0.11875943839550018 0
0.02857683226466179 0
0.05560915172100067 0
0.3366222381591797 1
0.0042787231504917145 0
0.013954892754554749 0
0.0018123623449355364 0
0.019781384617090225 0
0.05508863553404808 1
0.006565400864928961 0
0.0860423669219017 0
0.00682683102786541 0
0.0009618713520467281 0
0.31447046995162964 1
0.01269560307264328 0
0.13175608217716217 0
0.012705747038125992 0
0.0013518636114895344 0
0.109967902302742 1
0.0007127518183551729 0
0.009456606581807137 0
0.015561799518764019 0
0.0009950813837349415 0
0.2705436944961548 1
0.0036588215734809637 0
0.06152806431055069 0
0.13231498003005981 0
0.01627526432275772 0
0.17246875166893005 1
0.02400130406022072 0
0.08680577576160431 0
0.05186391621828079 0
0.15250854194164276 0
0.026163000613451004 1
0.00024840139667503536 0
0.0015888063935562968 0
0.025232624262571335 0
0.00046409270726144314 0
0.017894810065627098 1
0.00035773846320807934 0
0.02199297398328781 0
0.01215464249253273 0
0.000712584238499403 0
0.03847723454236984 1
0.0009897323325276375 0
0.0755675733089447 0
0.0024246620014309883 0
0.0006095368880778551 0
