0.6770898699760437 1
0.3125366270542145 0
0.3081033229827881 0
0.14757409691810608 0
0.43202078342437744 0
0.6530469059944153 1
0.020205548033118248 0
0.3298725485801697 0
0.24306902289390564 0
0.6206626892089844 0
0.6617409586906433 1
0.3168278932571411 0
0.3346043825149536 0
0.1716585010290146 0
0.32400745153427124 0
0.9176048636436462 1
0.4510323405265808 0
0.648543119430542 0
0.19290778040885925 0
0.6355271339416504 0
0.8387609720230103 1
0.8153351545333862 0
0.8329915404319763 0
0.5178120136260986 0
0.7282711267471313 0
0.9673001766204834 1
0.890887975692749 0
0.8639812469482422 0
0.35054856538772583 0
0.6098220348358154 0
0.7351821660995483 1
0.4678211212158203 0
0.9562243819236755 0
0.27606844902038574 0
0.25215137004852295 0
0.6681636571884155 1
0.9731022715568542 0
0.37143605947494507 0
0.3334270715713501 0
0.6571018695831299 0
0.44341418147087097 1
0.9599089622497559 0
0.995498538017273 0
0.23233076930046082 0
0.3314662575721741 0
0.9795835018157959 1
0.01649855449795723 0
0.3191405236721039 0
0.046986646950244904 0
0.6716787815093994 0
0.9346215128898621 1
0.16913115978240967 0
0.10952373594045639 0
0.5190820693969727 0
0.6058531403541565 0
0.809093177318573 1
0.27103734016418457 0
0.27579981088638306 0
0.36021313071250916 0
0.6790494322776794 0
0.9015953540802002 1
0.29573944211006165 0
0.3313128650188446 0
0.08701732009649277 0
0.31464964151382446 0
0.7988648414611816 1
0.9725342988967896 0
0.952599048614502 0
0.44779056310653687 0
0.9015232920646667 0
0.7185053825378418 1
0.28370481729507446 0
0.3375754952430725 0
0.3366166949272156 0
0.6323899030685425 0
0.6947330832481384 1
0.10081849992275238 0
0.5269438028335571 0
0.16725566983222961 0
0.08158065378665924 0
0.8128010034561157 1
0.643330454826355 0
0.650332510471344 0
0.8179706931114197 0
0.615536093711853 0
0.8379733562469482 1
0.15784204006195068 0
0.5469578504562378 0
0.3413259983062744 0
0.6229256391525269 0
0.6235923171043396 1
0.0007708831690251827 0
0.02507217973470688 0
0.20904260873794556 0
0.07525722682476044 0
0.6444153189659119 1
0.002679719589650631 0
0.037044353783130646 0
0.029041837900877 0
0.16300779581069946 0
0.6334713697433472 1
0.02096845954656601 0
0.31237104535102844 0
0.1253279745578766 0
0.13600686192512512 0
0.6805298328399658 1
0.058714307844638824 0
0.7111376523971558 0
0.3299499750137329 0
0.009040233679115772 0
0.6737050414085388 1
0.0488550141453743 0
0.6444418430328369 0
0.1635071337223053 0
0.13097821176052094 0
0.6342173218727112 1
0.24328766763210297 0
0.6208105087280273 0
0.13550889492034912 0
0.10801755636930466 0
0.6689500212669373 1
0.044114433228969574 0
0.9677225947380066 0
0.5657285451889038 0
0.43710875511169434 0
0.6990863680839539 1
0.1147349402308464 0
0.9704574346542358 0
0.4910551905632019 0
0.5394638776779175 0
0.5686167478561401 1
0.468940794467926 0
0.9957633018493652 0
0.1701236367225647 0
0.28393369913101196 0
0.6508670449256897 1
0.013700644485652447 0
0.21993273496627808 0
0.521253764629364 0
0.2920120656490326 0
0.6830293536186218 1
0.01929955556988716 0
0.33788859844207764 0
0.3403218984603882 0
0.1942022740840912 0
0.6581755876541138 1
0.003756012534722686 0
0.3527928590774536 0
0.2338528335094452 0
0.3363531529903412 0
0.7547241449356079 1
0.16961157321929932 0
0.34088462591171265 0
0.10150884836912155 0
0.23761558532714844 0
0.6701797842979431 1
0.19202876091003418 0
0.3576948344707489 0
0.1634375900030136 0
0.007511121220886707 0
0.7019595503807068 1
0.2073865532875061 0
0.36266466975212097 0
0.03424573689699173 0
0.14240169525146484 0
0.6061185598373413 1
0.010126620531082153 0
0.13466688990592957 0
0.3359827995300293 0
0.07264645397663116 0
0.6139718294143677 1
0.0026469617150723934 0
0.014268852770328522 0
0.07349251210689545 0
0.008889496326446533 0
0.37465617060661316 1
0.0185527466237545 0
0.21801863610744476 0
0.013451023027300835 0
0.019100746139883995 0
0.36145496368408203 1
0.29075363278388977 0
0.3285824656486511 0
0.33289286494255066 0
0.14111797511577606 0
0.3356347978115082 1
0.1333189755678177 0
0.3316496014595032 0
0.3163377642631531 0
0.3248841166496277 0
0.3398670554161072 1
0.3021959960460663 0
0.3333815932273865 0
0.045986007899045944 0
0.27889975905418396 0
0.3410244584083557 1
0.003530203364789486 0
0.2989264726638794 0
0.32214802503585815 0
0.012213286012411118 0
0.3712427318096161 1
0.01138843409717083 0
0.01992383413016796 0
0.25400635600090027 0
0.034546513110399246 0
0.6258866786956787 1
0.010787559673190117 0
0.1389332115650177 0
0.30448201298713684 0
0.2118147909641266 0
0.6700382232666016 1
0.611138105392456 0
0.6529903411865234 0
0.33805036544799805 0
0.2317396104335785 0
0.6807975172996521 1
0.3049144744873047 0
0.5948649048805237 0
0.34785521030426025 0
0.3543526828289032 0
0.8030670881271362 1
0.31315135955810547 0
0.3494730591773987 0
0.15428316593170166 0
0.14482605457305908 0
0.6697998046875 1
0.16424299776554108 0
0.23183660209178925 0
0.33642062544822693 0
0.009622730314731598 0
0.6696559190750122 1
0.1682785004377365 0
0.6178419589996338 0
0.32967409491539 0
0.05830825865268707 0
0.8483576774597168 1
0.5735883712768555 0
0.9140240550041199 0
0.6629630327224731 0
0.13317090272903442 0
0.3344676196575165 1
0.9408859014511108 0
0.9669690132141113 0
0.3480711579322815 0
0.21454237401485443 0
0.35116061568260193 1
0.6444056034088135 0
0.9562282562255859 0
0.14305241405963898 0
0.2768906354904175 0
0.5417535305023193 1
0.6570954322814941 0
0.9908237457275391 0
0.1676192283630371 0
0.07425782084465027 0
0.389662504196167 1
0.8110079765319824 0
0.9765512347221375 0
0.3161863386631012 0
0.06647128611803055 0
0.36683231592178345 1
0.6154650449752808 0
0.9293500781059265 0
0.2694964110851288 0
0.112974151968956 0
0.692936897277832 1
0.624694287776947 0
0.9018406271934509 0
0.606609582901001 0
0.6623531579971313 0
0.6638502478599548 1
0.2053999900817871 0
0.07820359617471695 0
0.3388485312461853 0
0.16772934794425964 0
0.6594794392585754 1
0.24408243596553802 0
0.3394756019115448 0
0.528313159942627 0
0.4984220266342163 0
0.9514816999435425 1
0.09569978713989258 0
0.330536425113678 0
0.2122463881969452 0
0.4212549924850464 0
0.6010683178901672 1
0.0002145368925994262 0
0.2091084122657776 0
0.33914029598236084 0
0.005529698915779591 0
0.663931131362915 1
0.01380894985049963 0
0.31333258748054504 0
0.33440202474594116 0
0.006738489493727684 0
0.9761618375778198 1
0.16977177560329437 0
0.07619576901197433 0
0.6260876655578613 0
0.01282445713877678 0
0.48609209060668945 1
0.33523303270339966 0
0.33362340927124023 0
0.3417322337627411 0
0.30338847637176514 0
0.6782273054122925 1
0.29236721992492676 0
0.33818870782852173 0
0.338371604681015 0
0.3718611001968384 0
0.6224082112312317 1
0.06312854588031769 0
0.3318835496902466 0
0.093314528465271 0
0.13045673072338104 0
0.6641325354576111 1
0.2580723464488983 0
0.6414993405342102 0
0.007720177061855793 0
0.027606476098299026 0
0.5867120027542114 1
0.314136803150177 0
0.33568716049194336 0
0.32648545503616333 0
0.010076604783535004 0
0.8505227565765381 1
0.6684610247612 0
0.9257311820983887 0
0.6642022728919983 0
0.4648261070251465 0
0.36049044132232666 1
0.24860498309135437 0
0.05875150114297867 0
0.338686466217041 0
0.08335413038730621 0
0.6547037363052368 1
0.007616772782057524 0
0.28744328022003174 0
0.29601356387138367 0
0.22895994782447815 0
0.5342776775360107 1
0.03715645894408226 0
0.6410220861434937 0
0.16673307120800018 0
0.021890118718147278 0
0.3383868336677551 1
0.1230374425649643 0
0.015694068744778633 0
0.1657894104719162 0
0.00032172989449463785 0
0.525900661945343 1
0.011240744963288307 0
0.04543988034129143 0
0.32870519161224365 0
0.014468452893197536 0
0.6467048525810242 1
0.17539197206497192 0
0.35135436058044434 0
0.5737450122833252 0
0.01979644224047661 0
