0.20212149620056152 1
0.33740371465682983 1
0.049724679440259933 1
0.27054283022880554 1
0.06868036091327667 1
0.2949691712856293 1
0.31797510385513306 1
0.014380908571183681 1
0.3926481604576111 1
0.021515779197216034 1
0.18613062798976898 1
0.038124166429042816 1
0.2014404982328415 1
0.2737697660923004 1
0.13266399502754211 1
0.1332632601261139 1
0.004886463284492493 1
0.05525542423129082 1
0.02624174766242504 1
0.3105805814266205 1
0.1739279329776764 1
0.21623697876930237 1
0.37077611684799194 1
0.0049829427152872086 0
0.00347941555082798 0
0.5456103086471558 0
0.0030144413467496634 0
0.09803184866905212 0
0.1627253144979477 0
0.0008284947252832353 0
0.0005667790537700057 0
0.12675654888153076 0
0.006580251734703779 0
0.006639519240707159 0
0.43347200751304626 0
0.0009377255337312818 0
0.002154713962227106 0
0.5597823858261108 0
0.003676945809274912 0
0.0005082215648144484 0
0.5653008818626404 0
0.0018900616560131311 0
0.005451771430671215 0
0.6559407114982605 0
0.010509963147342205 0
0.003834623610600829 0
0.2265922725200653 0
0.0019647208973765373 0
0.0017793800216168165 0
0.3694128394126892 0
0.0012421810533851385 0
0.016816940158605576 0
0.2926645874977112 0
0.0015285499393939972 0
0.0037844607140868902 0
0.2735183537006378 0
0.057195305824279785 0
0.032518092542886734 0
0.4140368103981018 0
0.019125036895275116 0
0.010295042768120766 0
0.5137860774993896 0
0.0014775758609175682 0
0.022806543856859207 0
0.259585440158844 0
0.03541523963212967 0
0.0374901220202446 0
0.61439049243927 0
0.00897627230733633 0
0.00870415661484003 0
0.5278283357620239 0
0.04177325218915939 0
0.03942130506038666 0
0.7412182688713074 0
0.0011333024594932795 0
0.01861393451690674 0
0.2956954836845398 0
0.0018373512430116534 0
0.0044962563551962376 0
0.5584018230438232 0
0.017731329426169395 0
0.004472923465073109 0
0.3933868110179901 0
0.01043018326163292 0
0.01031180378049612 0
0.2807053029537201 0
0.01872924715280533 0
0.01109317597001791 0
0.6824207305908203 0
0.043846771121025085 0
0.010783491656184196 0
0.8203114867210388 0
0.7201172113418579 1
0.8573319315910339 1
0.23937830328941345 1
0.5185948610305786 1
0.8048211336135864 1
0.9070432186126709 1
0.8538477420806885 1
0.909063994884491 1
0.8547242879867554 1
0.30623605847358704 1
0.4575265049934387 1
0.8082820177078247 1
0.49674341082572937 1
0.35855400562286377 1
0.43724343180656433 1
0.3893658518791199 1
0.7369472980499268 1
0.34618932008743286 1
0.4039558172225952 1
0.26445096731185913 1
0.6111154556274414 1
0.7371587157249451 1
0.4070480763912201 1
