0.11238836497068405 1
0.3418513536453247 1
0.2485947608947754 1
0.07738815248012543 1
0.04280101880431175 1
0.3961455821990967 1
0.6206636428833008 1
0.02687501162290573 1
0.5545955300331116 1
0.2202003002166748 1
0.4641304910182953 1
0.2700880169868469 1
0.4679650068283081 1
0.5424233675003052 1
0.9409629702568054 1
0.5084400177001953 1
0.00398170854896307 1
0.41154253482818604 1
0.09843941777944565 1
0.6764281988143921 1
0.3878263235092163 1
0.2950998842716217 1
0.6657249927520752 1
0.00441731559112668 0
0.002311296761035919 0
0.3906095027923584 0
0.000746771867852658 0
0.11090202629566193 0
0.25460800528526306 0
0.0017792995786294341 0
0.00041905889520421624 0
0.19088642299175262 0
0.02739114686846733 0
0.04544408619403839 0
0.6778284907341003 0
0.00011878255463670939 0
0.00015209417324513197 0
0.5841466188430786 0
0.0006829522317275405 0
0.00018876304966397583 0
0.4965832233428955 0
0.0002348861744394526 0
0.00044873435399495065 0
0.6044219732284546 0
0.03366930037736893 0
0.0027892878279089928 0
0.33204126358032227 0
0.001740731648169458 0
0.004732867237180471 0
0.3190544843673706 0
0.003542362479493022 0
0.004437565803527832 0
0.330507755279541 0
0.0031207490246742964 0
0.006548955570906401 0
0.32410603761672974 0
0.0031961991917341948 0
0.03946873918175697 0
0.34556978940963745 0
0.0012525786878541112 0
0.0019775591790676117 0
0.33846375346183777 0
0.0003303556877654046 0
0.00903664156794548 0
0.3191147446632385 0
0.028484655544161797 0
0.004251766949892044 0
0.41189807653427124 0
0.0014763525687158108 0
0.0008469043532386422 0
0.32155853509902954 0
0.02408314123749733 0
0.11010226607322693 0
0.4155115783214569 0
0.00015679691568948328 0
0.03815922886133194 0
0.3372637629508972 0
0.000113898073323071 0
0.0009352308115921915 0
0.36911505460739136 0
0.03295031189918518 0
0.010803340002894402 0
0.5719634890556335 0
0.014304066076874733 0
0.018925335258245468 0
0.3837963044643402 0
0.0028602206148207188 0
0.008498718030750751 0
0.6302862167358398 0
0.10824859142303467 0
0.001401073532178998 0
0.6662931442260742 0
0.6988526582717896 1
0.8567063212394714 1
0.4142903983592987 1
0.7359470129013062 1
0.6855244040489197 1
0.8400133848190308 1
0.831649661064148 1
0.8587549924850464 1
0.7799133062362671 1
0.532491147518158 1
0.5878815054893494 1
0.7195749282836914 1
0.3475172221660614 1
0.3352370858192444 1
0.6258848905563354 1
0.28742074966430664 1
0.7273557186126709 1
0.3788967728614807 1
0.4229707717895508 1
0.3005077838897705 1
0.5333634614944458 1
0.6801267862319946 1
0.5231560468673706 1
