0.04234321415424347 1
0.3557630181312561 1
0.24965882301330566 1
0.26621854305267334 1
0.13269174098968506 1
0.49952298402786255 1
0.6941326856613159 1
0.06655696779489517 1
0.6699527502059937 1
0.04115866869688034 1
0.42123648524284363 1
0.24328355491161346 1
0.3992975652217865 1
0.5878254175186157 1
0.9736286997795105 1
0.31739604473114014 1
0.014859281480312347 1
0.47787779569625854 1
0.11936365813016891 1
0.7907602190971375 1
0.35729414224624634 1
0.5570811033248901 1
0.9002944231033325 1
0.003730944823473692 0
0.0029224602039903402 0
0.3863598108291626 0
0.0005218565929681063 0
0.10735567659139633 0
0.25778841972351074 0
0.0016679520485922694 0
0.0017175907269120216 0
0.3047032356262207 0
0.05083514004945755 0
0.06722570210695267 0
0.758478045463562 0
9.871975635178387e-05 0
0.00014059199020266533 0
0.5723994970321655 0
0.002129513071849942 0
0.00011441438982728869 0
0.38276442885398865 0
0.00021217732864897698 0
9.406021854374558e-05 0
0.6133286356925964 0
0.037205446511507034 0
0.002494491869583726 0
0.3284637928009033 0
0.0018127739895135164 0
0.01904265023767948 0
0.28852105140686035 0
0.0007999493973329663 0
0.004107172600924969 0
0.3295155465602875 0
0.0042245835065841675 0
0.02218475192785263 0
0.32740169763565063 0
0.0026391546707600355 0
0.01585068739950657 0
0.33640119433403015 0
0.013770895078778267 0
0.0032103080302476883 0
0.3100012540817261 0
0.0010951664298772812 0
0.007353350520133972 0
0.31819432973861694 0
0.0698872059583664 0
0.0041102515533566475 0
0.3685840368270874 0
0.0008488284656777978 0
0.0022227205336093903 0
0.2681959867477417 0
0.005917341914027929 0
0.014786144718527794 0
0.36389291286468506 0
0.0002817872154992074 0
0.017676938325166702 0
0.3723210096359253 0
0.0005106214084662497 0
0.003579017473384738 0
0.42415234446525574 0
0.01279157679527998 0
0.015306132845580578 0
0.6015561819076538 0
0.024260280653834343 0
0.06271862983703613 0
0.38383132219314575 0
0.003492665011435747 0
0.00862262025475502 0
0.630875825881958 0
0.14098088443279266 0
0.000738146249204874 0
0.700790286064148 0
0.7247198820114136 1
0.7648221254348755 1
0.6495035290718079 1
0.7350448966026306 1
0.7313663959503174 1
0.8395888209342957 1
0.8574177622795105 1
0.9164063334465027 1
0.8007640242576599 1
0.36380255222320557 1
0.6123508810997009 1
0.8137125968933105 1
0.3551477789878845 1
0.3466291129589081 1
0.4757642447948456 1
0.3371812105178833 1
0.7732501029968262 1
0.31895911693573 1
0.3991963863372803 1
0.3482458293437958 1
0.6025829315185547 1
0.48434481024742126 1
0.5239699482917786 1
