0.9979825019836426 1
0.05667394399642944 0
0.08072420954704285 0
0.07409700751304626 0
0.3063954710960388 0
0.9869579076766968 1
0.03369107469916344 0
0.3210371732711792 0
0.1890319287776947 0
0.9905115962028503 0
0.9995905756950378 1
0.10564631223678589 0
0.8221628069877625 0
0.3652421832084656 0
0.5053924918174744 0
0.9998506903648376 1
0.6574124097824097 0
0.8977445960044861 0
0.6108922958374023 0
0.9898327589035034 0
0.993013858795166 1
0.9733850359916687 0
0.9536237716674805 0
0.934412956237793 0
0.9389264583587646 0
0.9999737739562988 1
0.9394310712814331 0
0.9983582496643066 0
0.8507518768310547 0
0.9965560436248779 0
0.9949290752410889 1
0.32170864939689636 0
0.9180501699447632 0
0.022577885538339615 0
0.44898366928100586 0
0.9993907809257507 1
0.16195474565029144 0
0.1376858353614807 0
0.07623313367366791 0
0.42249608039855957 0
0.9955869913101196 1
0.8211959600448608 0
0.9586237668991089 0
0.004482475109398365 0
0.6711847186088562 0
0.9997693300247192 1
0.20131532847881317 0
0.2904038429260254 0
0.031015513464808464 0
0.7756075263023376 0
0.9852960109710693 1
0.4966535270214081 0
0.04812067002058029 0
0.8522547483444214 0
0.8656834363937378 0
0.9998218417167664 1
0.5886754989624023 0
0.7963014841079712 0
0.7091665267944336 0
0.9922870397567749 0
0.9995824098587036 1
0.02542310580611229 0
0.004678112454712391 0
0.1596841812133789 0
0.3359403610229492 0
0.9976751208305359 1
0.9887036681175232 0
0.9993178844451904 0
0.9297302961349487 0
0.9773594737052917 0
0.9998183250427246 1
0.5188812017440796 0
0.15487399697303772 0
0.6830711364746094 0
0.9786534309387207 0
0.9974520206451416 1
0.03834184631705284 0
0.16977617144584656 0
0.7313267588615417 0
0.7885615229606628 0
0.9851469397544861 1
0.2832736670970917 0
0.007877159863710403 0
0.9987995028495789 0
0.3099766969680786 0
0.9998527765274048 1
0.0037834716495126486 0
0.21032500267028809 0
0.8110703229904175 0
0.04199105501174927 0
0.9881435632705688 1
6.886817573104054e-05 0
0.0009095632703974843 0
0.11264459788799286 0
0.007403900381177664 0
0.9955575466156006 1
0.0005562965525314212 0
0.03437584638595581 0
0.006332896649837494 0
0.013206779956817627 0
0.9539942145347595 1
0.0009736344218254089 0
0.014553794637322426 0
0.0040269349701702595 0
0.016606517136096954 0
0.9999297857284546 1
0.01016342081129551 0
0.9855042695999146 0
0.0985291600227356 0
0.004110098350793123 0
0.9991201162338257 1
0.017507988959550858 0
0.9796430468559265 0
0.06591527909040451 0
0.03866735100746155 0
0.9975837469100952 1
0.021522264927625656 0
0.884619951248169 0
0.002288573421537876 0
0.004712357651442289 0
0.9977319240570068 1
0.0032481378875672817 0
0.41304898262023926 0
0.6091212034225464 0
0.07916367799043655 0
0.9991116523742676 1
0.006079471670091152 0
0.7696585059165955 0
0.28806236386299133 0
0.4693838059902191 0
0.9758395552635193 1
0.039576247334480286 0
0.9563400745391846 0
0.007804300636053085 0
0.04557818919420242 0
0.9956165552139282 1
0.00227564200758934 0
0.2112942636013031 0
0.7666789889335632 0
0.028572235256433487 0
0.9985976219177246 1
0.0066589051857590675 0
0.6202763319015503 0
0.6526893973350525 0
0.013730104081332684 0
0.9936973452568054 1
0.001554138376377523 0
0.05116341635584831 0
0.07225876301527023 0
0.04619261249899864 0
0.9993571639060974 1
0.002839050954207778 0
0.2151273936033249 0
0.0031244968995451927 0
0.028628144413232803 0
0.9996618628501892 1
0.022589368745684624 0
0.08721714466810226 0
0.07091912627220154 0
0.0013805327471345663 0
0.9994180202484131 1
0.003829494584351778 0
0.03667110949754715 0
0.0011479074601083994 0
0.00365838292054832 0
0.5997505187988281 1
0.0008457973599433899 0
0.02501526288688183 0
0.027201062068343163 0
0.002622741973027587 0
0.9916168451309204 1
7.028762047411874e-05 0
0.0013865584041923285 0
0.03644362464547157 0
0.0061419191770255566 0
0.6799382567405701 1
0.00044287682976573706 0
0.0010833740234375 0
0.0005687705124728382 0
0.001428330666385591 0
0.9808753728866577 1
0.02051052823662758 0
0.583347737789154 0
0.8270537853240967 0
0.0011431174352765083 0
0.9949427843093872 1
0.012197054922580719 0
0.9019969701766968 0
0.9461509585380554 0
0.6802959442138672 0
0.9639295935630798 1
0.45316144824028015 0
0.8390836119651794 0
0.27526527643203735 0
0.920173168182373 0
0.9022533893585205 1
0.00019301135034766048 0
0.02430918626487255 0
0.3287573754787445 0
0.0014886877033859491 0
0.9662550687789917 1
0.00015600556798744947 0
0.001448428025469184 0
0.027167556807398796 0
0.00014136263052932918 0
0.9517180323600769 1
0.00010391781688667834 0
0.011294092051684856 0
0.020426828414201736 0
0.0030411784537136555 0
0.9995676875114441 1
0.19555723667144775 0
0.9997049570083618 0
0.9919949769973755 0
3.9207592635648325e-05 0
0.9999751448631287 1
0.03770223632454872 0
0.9993851184844971 0
0.9914054870605469 0
0.5450608134269714 0
0.9990358352661133 1
0.8488526344299316 0
0.9827035665512085 0
0.4079052805900574 0
0.5398238897323608 0
0.9996179938316345 1
0.0002003677363973111 0
0.0013189688324928284 0
0.8238577842712402 0
0.00016927975229918957 0
0.9993382692337036 1
0.0016095440369099379 0
0.9766585230827332 0
0.7594743967056274 0
8.126739703584462e-05 0
0.9855093359947205 1
0.05861716717481613 0
0.9689528942108154 0
0.9851990938186646 0
0.008737822063267231 0
0.9979202747344971 1
0.30014365911483765 0
0.3663357198238373 0
0.4754762053489685 0
0.052379004657268524 0
0.9775129556655884 1
0.8980185389518738 0
0.8272899389266968 0
0.3236531913280487 0
0.4105704426765442 0
0.7675146460533142 1
0.08109097927808762 0
0.9613703489303589 0
0.47877606749534607 0
0.37908610701560974 0
0.7904213666915894 1
0.8668534159660339 0
0.4672679305076599 0
0.08122973144054413 0
0.003147498471662402 0
0.9604856371879578 1
0.065683513879776 0
0.9193012714385986 0
0.006711175665259361 0
0.0005099120317026973 0
0.9925521612167358 1
0.13568350672721863 0
0.7963504791259766 0
0.05136868357658386 0
0.7494246959686279 0
0.9951018691062927 1
0.0028947871178388596 0
0.8044376373291016 0
0.7543175220489502 0
0.0011401328956708312 0
0.9610263109207153 1
0.1149296909570694 0
0.9934552907943726 0
0.9945318698883057 0
0.8905891180038452 0
0.9961508512496948 1
0.1904909461736679 0
0.4749848544597626 0
0.1899493932723999 0
0.9825177192687988 0
0.6491087675094604 1
5.672129918821156e-05 0
0.016308948397636414 0
0.29175683856010437 0
0.00022936234017834067 0
0.9986145496368408 1
0.00041500781662762165 0
0.15193071961402893 0
0.420779287815094 0
6.146742816781625e-05 0
0.9939629435539246 1
0.0006109803216531873 0
0.2414618730545044 0
0.2074768990278244 0
0.0008781697833910584 0
0.9954862594604492 1
0.3652050197124481 0
0.9030227065086365 0
0.5011057257652283 0
0.004019415006041527 0
0.9997565746307373 1
0.5527340173721313 0
0.8424254655838013 0
0.9929701685905457 0
0.8248734474182129 0
0.993771493434906 1
0.35418590903282166 0
0.3638765811920166 0
0.5826291441917419 0
0.2799444794654846 0
0.9974533915519714 1
0.0005606646882370114 0
0.44095122814178467 0
1.1601739970501512e-05 0
0.0004962605307810009 0
0.9245191812515259 1
0.006932473741471767 0
0.38877159357070923 0
0.006143129896372557 0
4.6033921535126865e-05 0
0.9969524145126343 1
0.274970144033432 0
0.9402584433555603 0
0.6539156436920166 0
0.01990659534931183 0
0.22297415137290955 1
0.00028046517400071025 0
0.8744975924491882 0
0.15209871530532837 0
5.208456423133612e-05 0
0.9660201072692871 1
0.0006347345188260078 0
0.5101428031921387 0
0.30805307626724243 0
0.012855838052928448 0
0.9855190515518188 1
0.021042387932538986 0
0.7475108504295349 0
0.5522745847702026 0
0.17600661516189575 0
0.004619813058525324 1
1.4825384823780041e-05 0
0.00019120197976008058 0
0.0545366033911705 0
4.1685852920636535e-06 0
0.21888703107833862 1
9.343958663521335e-05 0
0.00020998127001803368 0
0.001411838224157691 0
7.293204544112086e-05 0
0.820770263671875 1
0.00033812480978667736 0
0.0004850531113334 0
0.031116019934415817 0
0.0005179555155336857 0
