0.12760700285434723 1
0.4323316812515259 1
0.18313460052013397 1
0.3585699498653412 1
0.1530626118183136 1
0.2737988233566284 1
0.5985203981399536 1
0.03466436639428139 1
0.3680543899536133 1
0.1337374895811081 1
0.3570846915245056 1
0.10974118113517761 1
0.34413695335388184 1
0.42874014377593994 1
0.7359994649887085 1
0.4379090666770935 1
0.009567983448505402 1
0.39279770851135254 1
0.06136366352438927 1
0.481372207403183 1
0.18673089146614075 1
0.4188010096549988 1
0.6773631572723389 1
0.024565644562244415 0
0.0032532939221709967 0
0.6109465956687927 0
0.0010380051098763943 0
0.055753957480192184 0
0.31348875164985657 0
0.013273118995130062 0
0.0015094897244125605 0
0.21900419890880585 0
0.0692286342382431 0
0.042249586433172226 0
0.7600233554840088 0
0.0006898993160575628 0
0.0013286180328577757 0
0.7078981399536133 0
0.0026542567647993565 0
0.0004100427613593638 0
0.398470014333725 0
0.000492434308398515 0
0.004318798892199993 0
0.5567715167999268 0
0.12573054432868958 0
0.007251763250678778 0
0.3325347900390625 0
0.002468789927661419 0
0.011813703924417496 0
0.4369783401489258 0
0.003777091857045889 0
0.01003933697938919 0
0.33981865644454956 0
0.01652350462973118 0
0.006586672272533178 0
0.3374531865119934 0
0.05821803957223892 0
0.04743489623069763 0
0.36824727058410645 0
0.02179061621427536 0
0.0029079108498990536 0
0.3982003629207611 0
0.005452658515423536 0
0.01898098923265934 0
0.27935320138931274 0
0.11053435504436493 0
0.009602346457540989 0
0.6217591762542725 0
0.049350254237651825 0
0.015526204369962215 0
0.5018389225006104 0
0.23372161388397217 0
0.011915842071175575 0
0.5028983354568481 0
0.0018315397901460528 0
0.04162081331014633 0
0.46208351850509644 0
0.001291251857765019 0
0.003660576418042183 0
0.5147702693939209 0
0.034940920770168304 0
0.016533926129341125 0
0.5907267332077026 0
0.030370239168405533 0
0.056810423731803894 0
0.3847707509994507 0
0.022296175360679626 0
0.024394718930125237 0
0.7198443412780762 0
0.1725178062915802 0
0.002638408448547125 0
0.7393578290939331 0
0.744988203048706 1
0.8973736763000488 1
0.5204542875289917 1
0.6859339475631714 1
0.9551154971122742 1
0.9794478416442871 1
0.994010329246521 1
0.9839974641799927 1
0.9312165975570679 1
0.4299252927303314 1
0.571868896484375 1
0.9520540237426758 1
0.38736259937286377 1
0.5118011832237244 1
0.4471622705459595 1
0.4019351005554199 1
0.8620918989181519 1
0.5891702175140381 1
0.6960930824279785 1
0.5224144458770752 1
0.6255857944488525 1
0.8832228183746338 1
0.4749581515789032 1
