0.35414156317710876 1
0.6107211112976074 1
0.13835906982421875 1
0.4615457057952881 1
0.3360693156719208 1
0.4857986867427826 1
0.6087960004806519 1
0.003305509453639388 1
0.5878603458404541 1
0.18287479877471924 1
0.3961278796195984 1
0.1964510679244995 1
0.4077945947647095 1
0.6197693347930908 1
0.969780683517456 1
0.3258964717388153 1
0.0018932768143713474 1
0.45784759521484375 1
0.03755566105246544 1
0.7268940210342407 1
0.3166964650154114 1
0.22087720036506653 1
0.8440890312194824 1
0.004691180773079395 0
0.00628309790045023 0
0.6309446096420288 0
0.001508191111497581 0
0.09072979539632797 0
0.3095831274986267 0
0.0024164943024516106 0
0.004129944369196892 0
0.3043128550052643 0
0.026025444269180298 0
0.0552649162709713 0
0.6695279479026794 0
4.593459016177803e-05 0
0.0006345139117911458 0
0.5406126976013184 0
0.001978719374164939 0
9.609696280676872e-05 0
0.3079559803009033 0
0.00044258200796321034 0
0.0005242022452875972 0
0.6487079858779907 0
0.014430242590606213 0
0.004720153287053108 0
0.33140072226524353 0
0.0011144615709781647 0
0.01357518881559372 0
0.31546711921691895 0
0.0014675096608698368 0
0.004213285632431507 0
0.331523060798645 0
0.0042527951300144196 0
0.010778667405247688 0
0.3281553089618683 0
0.0037655942142009735 0
0.021971505135297775 0
0.3461958169937134 0
0.007594410330057144 0
0.0018280886579304934 0
0.3317870497703552 0
0.0002276577870361507 0
0.00753377191722393 0
0.33649253845214844 0
0.026270069181919098 0
0.001070505240932107 0
0.39087164402008057 0
0.0024745881091803312 0
0.002880218205973506 0
0.3397631049156189 0
0.005818281322717667 0
0.023593833670020103 0
0.35334908962249756 0
0.0003557512245606631 0
0.06461991369724274 0
0.3304647207260132 0
0.0003910960804205388 0
0.013901530764997005 0
0.40224140882492065 0
0.004103017970919609 0
0.005642465315759182 0
0.5992398262023926 0
0.014173662289977074 0
0.0899653360247612 0
0.3309210538864136 0
0.005217776633799076 0
0.0029847249388694763 0
0.6072735786437988 0
0.02154660038650036 0
0.0006957284058444202 0
0.6667150259017944 0
0.6922571063041687 1
0.8232828974723816 1
0.2847725450992584 1
0.713707447052002 1
0.7322684526443481 1
0.9079098701477051 1
0.9315146207809448 1
0.8778347969055176 1
0.8412370681762695 1
0.3503095805644989 1
0.6842920780181885 1
0.6973642706871033 1
0.38242387771606445 1
0.33357009291648865 1
0.4648078382015228 1
0.32460492849349976 1
0.8677799105644226 1
0.35377389192581177 1
0.34016138315200806 1
0.30337169766426086 1
0.39239975810050964 1
0.5870653390884399 1
0.586092472076416 1
