0.6686018705368042 1
0.3044162690639496 0
0.31730571389198303 0
0.07356906682252884 0
0.49340105056762695 0
0.6712128520011902 1
0.0205252543091774 0
0.3485543429851532 0
0.21404717862606049 0
0.5625824928283691 0
0.6564756035804749 1
0.314184308052063 0
0.33388203382492065 0
0.19625407457351685 0
0.32414838671684265 0
0.9117710590362549 1
0.5846015214920044 0
0.7138311266899109 0
0.19763176143169403 0
0.6348404884338379 0
0.7591201663017273 1
0.4773755967617035 0
0.7554411888122559 0
0.6649473905563354 0
0.4060456156730652 0
0.9371488094329834 1
0.857567310333252 0
0.8311202526092529 0
0.47359582781791687 0
0.6655049324035645 0
0.6778931617736816 1
0.7375611066818237 0
0.9796833992004395 0
0.25573664903640747 0
0.35718247294425964 0
0.6575851440429688 1
0.9482746124267578 0
0.4244498014450073 0
0.30496880412101746 0
0.6010608077049255 0
0.5560379028320312 1
0.9648677110671997 0
0.992282509803772 0
0.2743465006351471 0
0.3253042995929718 0
0.9910515546798706 1
0.038982607424259186 0
0.26508766412734985 0
0.06544526666402817 0
0.6561415791511536 0
0.7911969423294067 1
0.08824285119771957 0
0.0537559948861599 0
0.3984048068523407 0
0.6451528072357178 0
0.7482157945632935 1
0.28478366136550903 0
0.30664440989494324 0
0.5068655610084534 0
0.6670140027999878 0
0.8555609583854675 1
0.3016645312309265 0
0.33518314361572266 0
0.16374632716178894 0
0.3954960107803345 0
0.7135793566703796 1
0.9404012560844421 0
0.9408234357833862 0
0.47011980414390564 0
0.8067798614501953 0
0.6929866671562195 1
0.28735512495040894 0
0.3416343331336975 0
0.3117492198944092 0
0.5894663333892822 0
0.6694798469543457 1
0.14385336637496948 0
0.45153793692588806 0
0.21394847333431244 0
0.15687191486358643 0
0.7532330751419067 1
0.6331886053085327 0
0.6615287065505981 0
0.8067142367362976 0
0.5925370454788208 0
0.7860137224197388 1
0.0974256619811058 0
0.4854828119277954 0
0.3478700816631317 0
0.706920862197876 0
0.5961987972259521 1
0.0005669058300554752 0
0.02094782516360283 0
0.11130645126104355 0
0.2819631099700928 0
0.5676408410072327 1
0.0018582273041829467 0
0.15965987741947174 0
0.012473898939788342 0
0.1484997421503067 0
0.6620312929153442 1
0.019349979236721992 0
0.3118033707141876 0
0.18850599229335785 0
0.11473073065280914 0
0.6737726926803589 1
0.05428409203886986 0
0.708380401134491 0
0.3306882083415985 0
0.012293867766857147 0
0.6705922484397888 1
0.12286646664142609 0
0.6580959558486938 0
0.16688376665115356 0
0.051796432584524155 0
0.6592786312103271 1
0.22692212462425232 0
0.6254997849464417 0
0.09398360550403595 0
0.09473594278097153 0
0.6620069146156311 1
0.127701997756958 0
0.9711036682128906 0
0.5610716938972473 0
0.43513888120651245 0
0.6967379450798035 1
0.2538500428199768 0
0.9924377202987671 0
0.5670417547225952 0
0.6011217832565308 0
0.6617492437362671 1
0.7667059898376465 0
0.9912694692611694 0
0.21728375554084778 0
0.4090171754360199 0
0.6474651098251343 1
0.012597269378602505 0
0.23641306161880493 0
0.5850787162780762 0
0.3183276653289795 0
0.6838306188583374 1
0.0986810177564621 0
0.34800732135772705 0
0.4077575206756592 0
0.12358596175909042 0
0.666651725769043 1
0.017021019011735916 0
0.44947272539138794 0
0.2652321457862854 0
0.21785888075828552 0
0.7124488353729248 1
0.08827954530715942 0
0.3570561110973358 0
0.05213003605604172 0
0.28693675994873047 0
0.6795331835746765 1
0.0396897979080677 0
0.33842986822128296 0
0.22707390785217285 0
0.005160395987331867 0
0.6725200414657593 1
0.18457332253456116 0
0.388988733291626 0
0.019295159727334976 0
0.13009175658226013 0
0.6436089277267456 1
0.005582108628004789 0
0.05447886139154434 0
0.23416119813919067 0
0.09252160042524338 0
0.6572638750076294 1
0.0018350378377363086 0
0.0714130848646164 0
0.046104177832603455 0
0.00909536425024271 0
0.38345539569854736 1
0.01752312481403351 0
0.22493737936019897 0
0.004219280555844307 0
0.006179091986268759 0
0.34052586555480957 1
0.3004937469959259 0
0.33178040385246277 0
0.33317840099334717 0
0.18774199485778809 0
0.3369739055633545 1
0.17891308665275574 0
0.3332618474960327 0
0.3070664405822754 0
0.32398533821105957 0
0.3471948802471161 1
0.32086142897605896 0
0.331742525100708 0
0.014669660478830338 0
0.1501370221376419 0
0.3342001140117645 1
0.049364469945430756 0
0.3047694265842438 0
0.3167960047721863 0
0.007742575369775295 0
0.4413881003856659 1
0.04276438057422638 0
0.04161259904503822 0
0.2218078374862671 0
0.04168413579463959 0
0.6254809498786926 1
0.010097995400428772 0
0.06522465497255325 0
0.2939002513885498 0
0.1324862837791443 0
0.6672492027282715 1
0.5797421336174011 0
0.6521909236907959 0
0.4276830852031708 0
0.15989822149276733 0
0.694294810295105 1
0.13857315480709076 0
0.6421902179718018 0
0.3435138165950775 0
0.33933740854263306 0
0.7757436037063599 1
0.3768182396888733 0
0.35169297456741333 0
0.154849112033844 0
0.1254793256521225 0
0.6715716123580933 1
0.19674670696258545 0
0.28698885440826416 0
0.3812941014766693 0
0.018221504986286163 0
0.6742029190063477 1
0.21577708423137665 0
0.6820923089981079 0
0.3385176658630371 0
0.02542530559003353 0
0.8148290514945984 1
0.5916540622711182 0
0.9029399752616882 0
0.6648516654968262 0
0.01873961091041565 0
0.33967432379722595 1
0.9536963701248169 0
0.98827064037323 0
0.6087416410446167 0
0.45297276973724365 0
0.3431894779205322 1
0.8883301615715027 0
0.9950200915336609 0
0.2596292793750763 0
0.33925661444664 0
0.4588550329208374 1
0.7699252963066101 0
0.9943296313285828 0
0.054283879697322845 0
0.08485890924930573 0
0.35896825790405273 1
0.8998796343803406 0
0.958591103553772 0
0.48086827993392944 0
0.07288618385791779 0
0.4460780620574951 1
0.9356298446655273 0
0.9751941561698914 0
0.2995217442512512 0
0.07592139393091202 0
0.6355965733528137 1
0.6671861410140991 0
0.8161863088607788 0
0.6398775577545166 0
0.676083505153656 0
0.6583197116851807 1
0.29637810587882996 0
0.216792494058609 0
0.356260746717453 0
0.19219350814819336 0
0.6647441387176514 1
0.21500930190086365 0
0.36395150423049927 0
0.6129513382911682 0
0.40981554985046387 0
0.9803373217582703 1
0.06555530428886414 0
0.33036351203918457 0
0.07595697045326233 0
0.3951478898525238 0
0.6203616261482239 1
0.0002313005388714373 0
0.29953429102897644 0
0.432774156332016 0
0.008253294974565506 0
0.6709533929824829 1
0.03337899595499039 0
0.3077169358730316 0
0.3323042392730713 0
0.02165442332625389 0
0.926551103591919 1
0.16248413920402527 0
0.030435925349593163 0
0.6264327764511108 0
0.01667274907231331 0
0.5383632183074951 1
0.3412588834762573 0
0.33361169695854187 0
0.37808096408843994 0
0.32599109411239624 0
0.7512962818145752 1
0.17814818024635315 0
0.386427104473114 0
0.33524948358535767 0
0.38862547278404236 0
0.4861154556274414 1
0.08369498699903488 0
0.3310643136501312 0
0.14667390286922455 0
0.1732696294784546 0
0.6808422803878784 1
0.32109197974205017 0
0.6441792845726013 0
0.008484665304422379 0
0.08297070860862732 0
0.6462333798408508 1
0.3296004831790924 0
0.49148911237716675 0
0.3322059214115143 0
0.013386799953877926 0
0.8314026594161987 1
0.6493684649467468 0
0.7464947700500488 0
0.6604183912277222 0
0.4173586368560791 0
0.44033703207969666 1
0.3266443908214569 0
0.16360017657279968 0
0.34266090393066406 0
0.03170578181743622 0
0.6654481887817383 1
0.0233521219342947 0
0.3522992730140686 0
0.2960779666900635 0
0.2508271634578705 0
0.591235876083374 1
0.12734319269657135 0
0.6518840789794922 0
0.310341477394104 0
0.03922692686319351 0
0.33313408493995667 1
0.10259011387825012 0
0.006010877899825573 0
0.18187716603279114 0
0.00031628506258130074 0
0.6219887733459473 1
0.021929381415247917 0
0.13149140775203705 0
0.30999910831451416 0
0.014649061486124992 0
0.5823272466659546 1
0.17296117544174194 0
0.5365865230560303 0
0.5944928526878357 0
0.009321292862296104 0
