0.6734067797660828 1
0.32548969984054565 0
0.32640162110328674 0
0.11622677743434906 0
0.3302433490753174 0
0.6200621724128723 1
0.03604546934366226 0
0.3472512364387512 0
0.17858587205410004 0
0.6059362292289734 0
0.5592212080955505 1
0.3234085440635681 0
0.3347418010234833 0
0.14500874280929565 0
0.3265591859817505 0
0.9160150289535522 1
0.5734856128692627 0
0.7215054035186768 0
0.21153339743614197 0
0.6174208521842957 0
0.7835969924926758 1
0.7061504125595093 0
0.7664870023727417 0
0.6221725940704346 0
0.7264112830162048 0
0.9398504495620728 1
0.857119083404541 0
0.7815990447998047 0
0.3401270806789398 0
0.5900437831878662 0
0.7768740653991699 1
0.44627678394317627 0
0.8730850219726562 0
0.2697273790836334 0
0.3076622784137726 0
0.5557413101196289 1
0.6744210124015808 0
0.34704893827438354 0
0.32729586958885193 0
0.6477518677711487 0
0.3544620871543884 1
0.6677142977714539 0
0.986147403717041 0
0.2377450317144394 0
0.32392287254333496 0
0.9874330759048462 1
0.0980934351682663 0
0.3226158320903778 0
0.01712225191295147 0
0.6664762496948242 0
0.8816022872924805 1
0.060794394463300705 0
0.1953664869070053 0
0.355602502822876 0
0.6635013818740845 0
0.7477076053619385 1
0.3096146285533905 0
0.324956476688385 0
0.3282712697982788 0
0.6686280965805054 0
0.8781763315200806 1
0.3466700315475464 0
0.33521029353141785 0
0.15210747718811035 0
0.26792365312576294 0
0.7400054931640625 1
0.9601705074310303 0
0.9423501491546631 0
0.3745150566101074 0
0.8669425845146179 0
0.6941192150115967 1
0.30835431814193726 0
0.3347448706626892 0
0.2881408929824829 0
0.5102315545082092 0
0.7194387912750244 1
0.1431916356086731 0
0.646308958530426 0
0.22055141627788544 0
0.2885555326938629 0
0.7441307306289673 1
0.6540392637252808 0
0.6503491401672363 0
0.8487377166748047 0
0.5790585279464722 0
0.8045309782028198 1
0.10175220668315887 0
0.6113636493682861 0
0.38264545798301697 0
0.5322267413139343 0
0.5458080768585205 1
0.0010120219085365534 0
0.015383168123662472 0
0.2614491581916809 0
0.19365623593330383 0
0.45570051670074463 1
0.010753830894827843 0
0.20169910788536072 0
0.05144471675157547 0
0.21365267038345337 0
0.6028772592544556 1
0.0361204631626606 0
0.32517504692077637 0
0.22229276597499847 0
0.16594964265823364 0
0.6716012954711914 1
0.06457149237394333 0
0.676655650138855 0
0.3373308777809143 0
0.005162742920219898 0
0.6681389212608337 1
0.09347361326217651 0
0.6376391649246216 0
0.2622887194156647 0
0.09518652409315109 0
0.618431806564331 1
0.2971649765968323 0
0.5765619277954102 0
0.15687008202075958 0
0.10003393888473511 0
0.6377007961273193 1
0.07652353495359421 0
0.8625885248184204 0
0.5249068737030029 0
0.373958945274353 0
0.6548999547958374 1
0.17088042199611664 0
0.9273433685302734 0
0.4216787815093994 0
0.5098420977592468 0
0.5737440586090088 1
0.1492558717727661 0
0.9872074127197266 0
0.21296106278896332 0
0.24994322657585144 0
0.6489823460578918 1
0.04921796917915344 0
0.3284896910190582 0
0.5582770109176636 0
0.3111162483692169 0
0.6716188192367554 1
0.028602024540305138 0
0.33404964208602905 0
0.3507344126701355 0
0.12242881953716278 0
0.6570232510566711 1
0.052883245050907135 0
0.32706889510154724 0
0.28589797019958496 0
0.2630079984664917 0
0.6911625862121582 1
0.15449263155460358 0
0.36166271567344666 0
0.12845422327518463 0
0.22387254238128662 0
0.6711809039115906 1
0.06586756557226181 0
0.32882165908813477 0
0.18203115463256836 0
0.005996521096676588 0
0.6592254638671875 1
0.2676360011100769 0
0.3192317485809326 0
0.01600620709359646 0
0.14877574145793915 0
0.5575451254844666 1
0.007948515936732292 0
0.0788227766752243 0
0.3215361535549164 0
0.07506820559501648 0
0.5868558883666992 1
0.0032891053706407547 0
0.011752422899007797 0
0.07359859347343445 0
0.006478515919297934 0
0.35963356494903564 1
0.05047706514596939 0
0.19083532691001892 0
0.01210862398147583 0
0.008515390567481518 0
0.34166091680526733 1
0.3272460699081421 0
0.3274112939834595 0
0.33302050828933716 0
0.07885200530290604 0
0.3424011468887329 1
0.2698693573474884 0
0.3328193426132202 0
0.21904224157333374 0
0.3245633840560913 0
0.35269615054130554 1
0.32617026567459106 0
0.33251112699508667 0
0.043515872210264206 0
0.31097379326820374 0
0.334200918674469 1
0.0631856843829155 0
0.29871606826782227 0
0.30925190448760986 0
0.007871817797422409 0
0.34519654512405396 1
0.05312919244170189 0
0.05030379444360733 0
0.27206742763519287 0
0.15333859622478485 0
0.585197925567627 1
0.013701695948839188 0
0.12043982744216919 0
0.3275827467441559 0
0.1236305683851242 0
0.6775962114334106 1
0.5614922046661377 0
0.550615668296814 0
0.367964506149292 0
0.1646493673324585 0
0.690561056137085 1
0.2849900424480438 0
0.5291868448257446 0
0.335532546043396 0
0.31769344210624695 0
0.8333240747451782 1
0.35553979873657227 0
0.34910911321640015 0
0.16357721388339996 0
0.21441787481307983 0
0.6637498140335083 1
0.11394473910331726 0
0.30716753005981445 0
0.3405410647392273 0
0.02016252465546131 0
0.6684699058532715 1
0.2677193582057953 0
0.5931068658828735 0
0.3302382826805115 0
0.06853184103965759 0
0.8026837706565857 1
0.6140037775039673 0
0.8183073997497559 0
0.6646562814712524 0
0.12370803207159042 0
0.33366119861602783 1
0.5536293387413025 0
0.9208868741989136 0
0.3421975374221802 0
0.3885771930217743 0
0.3341336250305176 1
0.399763286113739 0
0.9343065023422241 0
0.23447385430335999 0
0.3256407380104065 0
0.4867129325866699 1
0.3263610005378723 0
0.9663762450218201 0
0.3280233144760132 0
0.18831905722618103 0
0.34211236238479614 1
0.6864650249481201 0
0.9317945241928101 0
0.32841426134109497 0
0.07014042139053345 0
0.34835946559906006 1
0.23404495418071747 0
0.862014651298523 0
0.27942949533462524 0
0.08834749460220337 0
0.6575379371643066 1
0.5706201791763306 0
0.7817521095275879 0
0.60558021068573 0
0.6937484741210938 0
0.661378026008606 1
0.29982125759124756 0
0.24027609825134277 0
0.3336825370788574 0
0.15953272581100464 0
0.6590431928634644 1
0.30722159147262573 0
0.3464467227458954 0
0.5144716501235962 0
0.4409097135066986 0
0.9738243818283081 1
0.02581269107758999 0
0.3318595886230469 0
0.27274563908576965 0
0.4239388406276703 0
0.5270183086395264 1
0.00011304688814561814 0
0.15886829793453217 0
0.3313968777656555 0
0.010993707925081253 0
0.6645535230636597 1
0.05086027830839157 0
0.2849661707878113 0
0.21439319849014282 0
0.01509329304099083 0
0.9392256140708923 1
0.22688454389572144 0
0.10167418420314789 0
0.6380794048309326 0
0.02544024959206581 0
0.44666966795921326 1
0.333675742149353 0
0.3333636224269867 0
0.3496222198009491 0
0.30341029167175293 0
0.5672958493232727 1
0.28403425216674805 0
0.33474820852279663 0
0.33522510528564453 0
0.3405477702617645 0
0.5653016567230225 1
0.07938984781503677 0
0.3327425718307495 0
0.023927105590701103 0
0.27136969566345215 0
0.6492449641227722 1
0.314230740070343 0
0.4609540104866028 0
0.01605011150240898 0
0.0895172581076622 0
0.5446043014526367 1
0.3254848122596741 0
0.33333656191825867 0
0.32905298471450806 0
0.013322125189006329 0
0.8488292694091797 1
0.6579899191856384 0
0.8986987471580505 0
0.6751465797424316 0
0.44176149368286133 0
0.37597474455833435 1
0.3062397837638855 0
0.1967347115278244 0
0.33894598484039307 0
0.11210450530052185 0
0.6377469301223755 1
0.018245957791805267 0
0.39499205350875854 0
0.3336428105831146 0
0.2329387664794922 0
0.6437146663665771 1
0.1512022465467453 0
0.6585570573806763 0
0.2665647268295288 0
0.04817073047161102 0
0.3376312255859375 1
0.16099576652050018 0
0.010536359623074532 0
0.17721128463745117 0
0.0005999583518132567 0
0.5543929934501648 1
0.03086065500974655 0
0.10068362206220627 0
0.3324779272079468 0
0.027648327872157097 0
0.6274269819259644 1
0.18876409530639648 0
0.40044888854026794 0
0.574705958366394 0
0.006219381000846624 0
