0.5470795631408691 1
0.2743057906627655 0
0.2835327982902527 0
0.0809861570596695 0
0.29731300473213196 0
0.6697695255279541 1
0.07349899411201477 0
0.2636944055557251 0
0.2306949347257614 0
0.40395617485046387 0
0.44537341594696045 1
0.2888089418411255 0
0.33324551582336426 0
0.2985466718673706 0
0.16463661193847656 0
0.8884210586547852 1
0.6034227013587952 0
0.767321765422821 0
0.0076634930446743965 0
0.2679714262485504 0
0.8443590998649597 1
0.6123988032341003 0
0.6336376667022705 0
0.7048385143280029 0
0.4098639190196991 0
0.9619555473327637 1
0.8729199171066284 0
0.8801223039627075 0
0.29057857394218445 0
0.4526064395904541 0
0.6480996608734131 1
0.47316259145736694 0
0.9076589345932007 0
0.16417740285396576 0
0.2439638078212738 0
0.6093921661376953 1
0.4587017297744751 0
0.34805458784103394 0
0.2425256073474884 0
0.582018256187439 0
0.4139830470085144 1
0.6203237771987915 0
0.6828188896179199 0
0.16767732799053192 0
0.11763115227222443 0
0.9632797241210938 1
0.01909301057457924 0
0.23600003123283386 0
0.01608072593808174 0
0.45241567492485046 0
0.6469219923019409 1
0.16217249631881714 0
0.06414543092250824 0
0.24349820613861084 0
0.4685553014278412 0
0.8616393804550171 1
0.27762556076049805 0
0.3243817090988159 0
0.2616865932941437 0
0.5927973985671997 0
0.9090480804443359 1
0.18599092960357666 0
0.30540525913238525 0
0.019422410055994987 0
0.10326896607875824 0
0.8292187452316284 1
0.7406036257743835 0
0.9371724128723145 0
0.46396249532699585 0
0.9183435440063477 0
0.6822925806045532 1
0.2958924174308777 0
0.3385443687438965 0
0.333310067653656 0
0.3158112168312073 0
0.5631399154663086 1
0.057467252016067505 0
0.41815274953842163 0
0.024369312450289726 0
0.007051283493638039 0
0.5946367979049683 1
0.6486623287200928 0
0.6348339319229126 0
0.9460227489471436 0
0.3092823624610901 0
0.8118257522583008 1
0.0829855278134346 0
0.4770757853984833 0
0.299051970243454 0
0.22371749579906464 0
0.5913915038108826 1
0.00031092663994058967 0
0.027084514498710632 0
0.02949782833456993 0
0.16216465830802917 0
0.47828900814056396 1
0.0013868508394807577 0
0.05675175413489342 0
0.016490371897816658 0
0.013324927538633347 0
0.3475087583065033 1
0.009382410906255245 0
0.11744892597198486 0
0.00901755876839161 0
0.035875990986824036 0
0.6666436195373535 1
0.031896740198135376 0
0.7264366149902344 0
0.020306825637817383 0
0.0018328460864722729 0
0.649518609046936 1
0.01930561289191246 0
0.5797290205955505 0
0.017588268965482712 0
0.0036930888891220093 0
0.35843417048454285 1
0.1240842342376709 0
0.3834591507911682 0
0.006664901040494442 0
0.003165276488289237 0
0.6535806655883789 1
0.16584481298923492 0
0.6812168955802917 0
0.3621343970298767 0
0.3441639840602875 0
0.6649595499038696 1
0.0176730677485466 0
0.793379008769989 0
0.3238149881362915 0
0.3329414129257202 0
0.537452220916748 1
0.09601053595542908 0
0.45658788084983826 0
0.058477044105529785 0
0.06127571687102318 0
0.6548187732696533 1
0.0012647098628804088 0
0.23651725053787231 0
0.25234049558639526 0
0.45255935192108154 0
0.6594200134277344 1
8.018619701033458e-05 0
0.28421610593795776 0
0.08211933076381683 0
0.014059683308005333 0
0.3414459228515625 1
0.0031827660277485847 0
0.1521925926208496 0
0.04524991661310196 0
0.07241528481245041 0
0.6845989227294922 1
0.017305806279182434 0
0.12577813863754272 0
0.0024376949295401573 0
0.008923058398067951 0
0.6539044976234436 1
0.0178055539727211 0
0.1269652247428894 0
0.006151189561933279 0
0.0002247805241495371 0
0.5245006680488586 1
0.06934855878353119 0
0.10023501515388489 0
0.0011707870289683342 0
0.005933019332587719 0
0.3700856566429138 1
0.005340340547263622 0
0.025676816701889038 0
0.022511254996061325 0
0.0013810722157359123 0
0.34189653396606445 1
0.0005455268546938896 0
0.001979486085474491 0
0.0016039747279137373 0
0.000374532159185037 0
0.13552561402320862 1
0.00386822666041553 0
0.036628544330596924 0
0.00043733578058891 0
0.0008124336018227041 0
0.34158647060394287 1
0.22274994850158691 0
0.33212727308273315 0
0.2892608046531677 0
0.0062539405189454556 0
0.35057806968688965 1
0.14260917901992798 0
0.33251821994781494 0
0.32898280024528503 0
0.30666232109069824 0
0.3172360360622406 1
0.29497388005256653 0
0.33181294798851013 0
0.1436682939529419 0
0.21722447872161865 0
0.33159759640693665 1
0.026596127077937126 0
0.279156357049942 0
0.1884002983570099 0
0.0015869567869231105 0
0.33682405948638916 1
0.041157789528369904 0
0.1367124617099762 0
0.2381582260131836 0
0.006697846110910177 0
0.5269023180007935 1
0.011674875393509865 0
0.18398314714431763 0
0.22662577033042908 0
0.019383184611797333 0
0.7537223100662231 1
0.7092771530151367 0
0.6897100806236267 0
0.5253714919090271 0
0.0075506046414375305 0
0.9203919768333435 1
0.5740466117858887 0
0.6836351156234741 0
0.35073742270469666 0
0.31533658504486084 0
0.8335152864456177 1
0.4018104076385498 0
0.3487834334373474 0
0.11417295783758163 0
0.061317384243011475 0
0.6666727066040039 1
0.16992495954036713 0
0.31488996744155884 0
0.08972322940826416 0
0.00033667750540189445 0
0.6680388450622559 1
0.2724868059158325 0
0.6727544665336609 0
0.29287129640579224 0
0.0025985627435147762 0
0.7679578065872192 1
0.5206859111785889 0
0.8836526274681091 0
0.4804586172103882 0
0.005811464041471481 0
0.3478254973888397 1
0.04913802072405815 0
0.1298547387123108 0
0.45318686962127686 0
0.42347830533981323 0
0.33635208010673523 1
0.154401957988739 0
0.43959280848503113 0
0.3247829079627991 0
0.4258294701576233 0
0.3451194167137146 1
0.3351646661758423 0
0.7780047655105591 0
0.03666330873966217 0
0.16606226563453674 0
0.4662233591079712 1
0.366354763507843 0
0.5423260927200317 0
0.3028215765953064 0
0.041377630084753036 0
0.3513997197151184 1
0.08584250509738922 0
0.5039322376251221 0
0.015355408191680908 0
0.001041550887748599 0
0.4946979284286499 1
0.5636323690414429 0
0.6722506284713745 0
0.11597827076911926 0
0.6158970594406128 0
0.6708690524101257 1
0.14774090051651 0
0.27560365200042725 0
0.40327176451683044 0
0.01321890763938427 0
0.6781792640686035 1
0.25723564624786377 0
0.37367305159568787 0
0.15659916400909424 0
0.4286077916622162 0
0.9699103236198425 1
0.006393780000507832 0
0.3015718162059784 0
0.039761245250701904 0
0.3642057180404663 0
0.6779319643974304 1
0.0005036627408117056 0
0.3107258081436157 0
0.10857522487640381 0
0.00045966310426592827 0
0.6663228273391724 1
0.005645786412060261 0
0.32518813014030457 0
0.24159210920333862 0
0.013283157721161842 0
0.945278525352478 1
0.24809271097183228 0
0.27989715337753296 0
0.4681457281112671 0
0.038905251771211624 0
0.42684444785118103 1
0.4188075661659241 0
0.3390739858150482 0
0.38709527254104614 0
0.03734602406620979 0
0.6515308618545532 1
0.3141756057739258 0
0.36440882086753845 0
0.32558536529541016 0
0.30045709013938904 0
0.5231602191925049 1
0.024514343589544296 0
0.3291471004486084 0
0.08683165162801743 0
0.07434648275375366 0
0.6934219598770142 1
0.31739869713783264 0
0.638545036315918 0
0.006630256772041321 0
0.0008246335200965405 0
0.6505188941955566 1
0.3111494779586792 0
0.5168899297714233 0
0.21403835713863373 0
0.04613904282450676 0
0.6966221332550049 1
0.49151286482810974 0
0.76279616355896 0
0.6047423481941223 0
0.16246506571769714 0
0.37945693731307983 1
0.07932396233081818 0
0.03902173042297363 0
0.2815050184726715 0
0.0019317883998155594 0
0.6257408261299133 1
0.007863258942961693 0
0.12456072866916656 0
0.06186505779623985 0
0.010567514225840569 0
0.2113502472639084 1
0.004423893988132477 0
0.5038288235664368 0
0.0811908096075058 0
0.0025442945770919323 0
0.23946845531463623 1
0.008147332817316055 0
0.024441570043563843 0
0.001996621023863554 0
7.262875442393124e-05 0
0.5612447261810303 1
0.0015760951209813356 0
0.19866204261779785 0
0.13320104777812958 0
0.0031985188834369183 0
0.2157151699066162 1
0.02003840170800686 0
0.4866792559623718 0
0.06651574373245239 0
0.002416528295725584 0
