0.9999799728393555 1
0.2724996507167816 0
0.03889208287000656 0
0.12723004817962646 0
0.9302458167076111 0
0.9769840240478516 1
0.012837989255785942 0
0.38740628957748413 0
0.4408896565437317 0
0.967158317565918 0
0.9998674392700195 1
0.045981865376234055 0
0.6919474601745605 0
0.4635407626628876 0
0.4286976754665375 0
0.9999913573265076 1
0.5530121326446533 0
0.9644477367401123 0
0.5029158592224121 0
0.9904670715332031 0
0.9888571500778198 1
0.6228388547897339 0
0.9458774328231812 0
0.9980055689811707 0
0.9746534824371338 0
0.9999753832817078 1
0.8966306447982788 0
0.9972816705703735 0
0.9423812627792358 0
0.9997246265411377 0
0.9993249773979187 1
0.4485885500907898 0
0.9426283240318298 0
0.08018505573272705 0
0.8521171808242798 0
0.9991946220397949 1
0.557030975818634 0
0.02778039500117302 0
0.037770938128232956 0
0.9262029528617859 0
0.9997869729995728 1
0.7405426502227783 0
0.9400255084037781 0
0.004298951011151075 0
0.38028478622436523 0
0.9999844431877136 1
0.053045980632305145 0
0.43636032938957214 0
0.010249433107674122 0
0.9972442388534546 0
0.9942733645439148 1
0.09836488962173462 0
0.015374375507235527 0
0.5586010217666626 0
0.9888215065002441 0
0.9995510578155518 1
0.2775881290435791 0
0.4147334694862366 0
0.946589469909668 0
0.995326042175293 0
0.9999903440475464 1
0.1130310520529747 0
0.0016605932032689452 0
0.5237855911254883 0
0.25447675585746765 0
0.9993340373039246 1
0.9848576784133911 0
0.9987449645996094 0
0.9972982406616211 0
0.9973487854003906 0
0.9999910593032837 1
0.47673270106315613 0
0.02179810404777527 0
0.9139131903648376 0
0.9994651675224304 0
0.9994954466819763 1
0.16799402236938477 0
0.6155651807785034 0
0.34518659114837646 0
0.9920741319656372 0
0.999337911605835 1
0.08807062357664108 0
0.03237564489245415 0
0.9997955560684204 0
0.9924348592758179 0
0.9975792765617371 1
0.0024054269306361675 0
0.13263779878616333 0
0.7642897963523865 0
0.9782645106315613 0
0.9983999729156494 1
0.0001062383089447394 0
0.00029270886443555355 0
0.04703280329704285 0
0.01279841735959053 0
0.9993442296981812 1
0.0003115758881904185 0
0.03229773789644241 0
0.004947337321937084 0
0.0157534871250391 0
0.9695579409599304 1
0.0012912092497572303 0
0.0051824189722537994 0
0.0018214313313364983 0
0.016425080597400665 0
0.999994158744812 1
0.006493614055216312 0
0.9844843745231628 0
0.06541812419891357 0
0.007714453153312206 0
0.999445915222168 1
0.010587463155388832 0
0.9023399353027344 0
0.02608601376414299 0
0.026884812861680984 0
0.999769389629364 1
0.017421964555978775 0
0.8902127146720886 0
0.0011651404201984406 0
0.004850558936595917 0
0.9997799396514893 1
0.014267532154917717 0
0.9477977752685547 0
0.6808819770812988 0
0.07066509127616882 0
0.9999613761901855 1
0.04986889660358429 0
0.9353576898574829 0
0.2004126012325287 0
0.200592502951622 0
0.9691323041915894 1
0.9580694437026978 0
0.9963496923446655 0
0.009627087041735649 0
0.03420308977365494 0
0.9935646057128906 1
0.0014394463505595922 0
0.013504289090633392 0
0.9265754222869873 0
0.03911767154932022 0
0.9999769926071167 1
0.0004165015125181526 0
0.5822564959526062 0
0.9728342890739441 0
0.019333988428115845 0
0.9983530044555664 1
0.0016381011810153723 0
0.01922420784831047 0
0.08202069997787476 0
0.03946913033723831 0
0.9999927282333374 1
0.002792298560962081 0
0.0865497812628746 0
0.004668315872550011 0
0.01801322214305401 0
0.9999127388000488 1
0.01895001158118248 0
0.1702863872051239 0
0.09739343822002411 0
0.0007550226291641593 0
0.9998019933700562 1
0.0038466069381684065 0
0.09791016578674316 0
0.001626240904442966 0
0.005067306570708752 0
0.9084694385528564 1
0.0011440288508310914 0
0.010565752163529396 0
0.015767991542816162 0
0.017419761046767235 0
0.9983283877372742 1
0.0001285469625145197 0
0.0016584809636697173 0
0.08320391178131104 0
0.1146080419421196 0
0.8933396339416504 1
0.0006088413065299392 0
0.006083467043936253 0
0.001778355217538774 0
0.003911544103175402 0
0.999428391456604 1
0.0015258793719112873 0
0.6715726256370544 0
0.8922423124313354 0
0.004254485946148634 0
0.9979435801506042 1
0.0028887069784104824 0
0.8863157629966736 0
0.899518609046936 0
0.8078477382659912 0
0.9857751727104187 1
0.766889214515686 0
0.9656842947006226 0
0.8421640396118164 0
0.9875805377960205 0
0.9827939867973328 1
0.0002399302029516548 0
0.008502783253788948 0
0.5332562923431396 0
0.0014119748957455158 0
0.9966168403625488 1
0.0004768533108290285 0
0.0008822769741527736 0
0.05363940820097923 0
0.0008608826901763678 0
0.9897068738937378 1
7.097806519595906e-05 0
0.01071445643901825 0
0.018667742609977722 0
0.002298555104061961 0
0.9995995759963989 1
0.756492018699646 0
0.9997395277023315 0
0.9723021388053894 0
0.004106072708964348 0
0.9999771118164062 1
0.025703739374876022 0
0.9984644651412964 0
0.8861764669418335 0
0.5071256756782532 0
0.9987989664077759 1
0.8978893160820007 0
0.9588750600814819 0
0.15230724215507507 0
0.5681427717208862 0
0.9999756217002869 1
0.0008937294478528202 0
0.10690256953239441 0
0.8193711042404175 0
0.00033165072090923786 0
0.9997767210006714 1
0.00888762902468443 0
0.9788326621055603 0
0.570305347442627 0
0.00031091063283383846 0
0.9932640790939331 1
0.05552075430750847 0
0.9885718822479248 0
0.953758955001831 0
0.003741396125406027 0
0.9977291822433472 1
0.23107308149337769 0
0.09821222722530365 0
0.4501459300518036 0
0.08254760503768921 0
0.9818416833877563 1
0.3724878430366516 0
0.6188802123069763 0
0.011391108855605125 0
0.6177916526794434 0
0.9387948513031006 1
0.28090330958366394 0
0.7799848914146423 0
0.5200321674346924 0
0.5636013746261597 0
0.9957360029220581 1
0.8518058657646179 0
0.7226487398147583 0
0.09156516194343567 0
0.002788335783407092 0
0.9856408834457397 1
0.4926130771636963 0
0.9104971885681152 0
0.015830669552087784 0
0.0004551005258690566 0
0.9992673397064209 1
0.7866909503936768 0
0.877691924571991 0
0.07557767629623413 0
0.575991153717041 0
0.9993572235107422 1
0.0006439743447117507 0
0.11225613206624985 0
0.8451250791549683 0
0.00412447564303875 0
0.9866203665733337 1
0.07313454151153564 0
0.996942937374115 0
0.9944800734519958 0
0.98334801197052 0
0.9789714813232422 1
0.4893828332424164 0
0.2104649394750595 0
0.7015131711959839 0
0.8631559610366821 0
0.6746193766593933 1
7.75115258875303e-05 0
0.026065688580274582 0
0.7920162081718445 0
0.0006219435599632561 0
0.989775538444519 1
0.0012105705682188272 0
0.13655120134353638 0
0.27036184072494507 0
0.0015479455469176173 0
0.9872795939445496 1
0.00033518741838634014 0
0.22711966931819916 0
0.1924980878829956 0
0.01325753703713417 0
0.9998857975006104 1
0.7601144313812256 0
0.8679226636886597 0
0.5832517743110657 0
0.004435423295944929 0
0.9999790191650391 1
0.06636293977499008 0
0.7286579012870789 0
0.9972950220108032 0
0.9818336963653564 0
0.9949395656585693 1
0.38189369440078735 0
0.7391945719718933 0
0.7028276920318604 0
0.5671941637992859 0
0.9999480247497559 1
0.000774998392444104 0
0.8290895223617554 0
3.0420360417338088e-05 0
0.0008390347356908023 0
0.9971866011619568 1
0.013205703347921371 0
0.4972587525844574 0
0.07047677040100098 0
0.0010845656506717205 0
0.9969134330749512 1
0.3203889727592468 0
0.969399094581604 0
0.7808634042739868 0
0.011368214152753353 0
0.9117020964622498 1
0.002005318645387888 0
0.8811483383178711 0
0.6120568513870239 0
0.0006334177451208234 0
0.9988178610801697 1
0.0010131567250937223 0
0.9982379674911499 0
0.5426232814788818 0
0.810083270072937 0
0.9991437792778015 1
0.17433226108551025 0
0.9949824810028076 0
0.7551478743553162 0
0.7132536768913269 0
0.21442072093486786 1
0.0002294322184752673 0
0.000948744302149862 0
0.573086142539978 0
4.4493801397038624e-05 0
0.6687911748886108 1
0.0005872087785974145 0
0.012332020327448845 0
0.0054497006349265575 0
0.0011537631507962942 0
0.8331900835037231 1
0.002768802922219038 0
0.004275248385965824 0
0.043169837445020676 0
0.003836949821561575 0
