0.07644882053136826 1
0.6387922763824463 1
0.08917023986577988 1
0.2961348593235016 1
0.011605508625507355 1
0.3801752030849457 1
0.7162007689476013 1
0.007100236602127552 1
0.6830427646636963 1
0.23349174857139587 1
0.4885225296020508 1
0.24259011447429657 1
0.4304167926311493 1
0.6042344570159912 1
0.9823461771011353 1
0.4927186369895935 1
0.0044087511487305164 1
0.6416551470756531 1
0.22331438958644867 1
0.7055292129516602 1
0.3263794779777527 1
0.7084139585494995 1
0.856287956237793 1
0.004202708601951599 0
0.0017852289602160454 0
0.4284355342388153 0
0.0006418669363483787 0
0.04889024794101715 0
0.20878449082374573 0
0.0008757089963182807 0
0.0015244726091623306 0
0.2150799036026001 0
0.009320623241364956 0
0.029616136103868484 0
0.7748452425003052 0
0.00012911565136164427 0
0.0005048842867836356 0
0.49456271529197693 0
0.0011975679080933332 0
6.80832308717072e-05 0
0.3199017643928528 0
0.0011732649290934205 0
0.004184615798294544 0
0.47816282510757446 0
0.004085045773535967 0
0.0030000279657542706 0
0.3343763053417206 0
0.0015255797188729048 0
0.00973924994468689 0
0.31525367498397827 0
0.0012433319352567196 0
0.0025647147558629513 0
0.33086588978767395 0
0.011438028886914253 0
0.00923222303390503 0
0.32062333822250366 0
0.0028720505069941282 0
0.007076791487634182 0
0.3360038995742798 0
0.0054247938096523285 0
0.001399037428200245 0
0.31537479162216187 0
0.0007091499865055084 0
0.04179440438747406 0
0.31925153732299805 0
0.02446981891989708 0
0.003348466707393527 0
0.33798450231552124 0
0.001384281786158681 0
0.0006379508413374424 0
0.26908451318740845 0
0.006613520439714193 0
0.146550714969635 0
0.3552284240722656 0
0.00023619089915882796 0
0.01807764731347561 0
0.3605636954307556 0
0.0019117901101708412 0
0.0017177618574351072 0
0.3459128141403198 0
0.011362206190824509 0
0.0038099074736237526 0
0.5351195931434631 0
0.006340352352708578 0
0.025543905794620514 0
0.3895874619483948 0
0.0025480897165834904 0
0.003682407084852457 0
0.5992894768714905 0
0.15060672163963318 0
0.0004841966729145497 0
0.6634954214096069 0
0.6992601156234741 1
0.8005414009094238 1
0.2702212333679199 1
0.7029889822006226 1
0.6943005919456482 1
0.8742488622665405 1
0.9255465269088745 1
0.9102346301078796 1
0.8238383531570435 1
0.32610923051834106 1
0.6100831031799316 1
0.8425403833389282 1
0.347463458776474 1
0.35168910026550293 1
0.3936269283294678 1
0.3273753523826599 1
0.8365742564201355 1
0.2711094915866852 1
0.34173911809921265 1
0.29222097992897034 1
0.40029963850975037 1
0.5784831047058105 1
0.5348741412162781 1
