0.9986841678619385 1
0.17587697505950928 0
0.6783949732780457 0
0.18023739755153656 0
0.8411495089530945 0
0.9916374683380127 1
0.04396185278892517 0
0.7543391585350037 0
0.9411063194274902 0
0.8330655097961426 0
0.9998499751091003 1
0.060284003615379333 0
0.7241472601890564 0
0.5929983854293823 0
0.10660742223262787 0
0.9998044371604919 1
0.3719116151332855 0
0.6405297517776489 0
0.2896132469177246 0
0.9384819865226746 0
0.9939190149307251 1
0.6445356607437134 0
0.9591299891471863 0
0.9841663241386414 0
0.8884996175765991 0
0.9999639391899109 1
0.9070093035697937 0
0.9974676370620728 0
0.9216634631156921 0
0.9820877909660339 0
0.9615612030029297 1
0.5306806564331055 0
0.9480547904968262 0
0.04953271150588989 0
0.07282295823097229 0
0.9978129863739014 1
0.5107001066207886 0
0.4411007761955261 0
0.007473869249224663 0
0.37650108337402344 0
0.9948245882987976 1
0.8468421697616577 0
0.9261258840560913 0
0.0026212583761662245 0
0.06788813322782516 0
0.9995867013931274 1
0.06466638296842575 0
0.6593466997146606 0
0.0622529461979866 0
0.9920392036437988 0
0.9685279130935669 1
0.3007441461086273 0
0.32144424319267273 0
0.8335163593292236 0
0.21168264746665955 0
0.9970068335533142 1
0.2109007090330124 0
0.9377826452255249 0
0.68760746717453 0
0.960374116897583 0
0.999794602394104 1
0.15138612687587738 0
0.005629571154713631 0
0.3870348632335663 0
0.36817488074302673 0
0.9974268674850464 1
0.9781076908111572 0
0.9990724325180054 0
0.9758825302124023 0
0.9496504068374634 0
0.999737024307251 1
0.6274080276489258 0
0.3392513692378998 0
0.7658366560935974 0
0.898627758026123 0
0.9966695308685303 1
0.028639577329158783 0
0.23574839532375336 0
0.7356103658676147 0
0.6762840747833252 0
0.9944064617156982 1
0.056307386606931686 0
0.043413273990154266 0
0.9991733431816101 0
0.17613625526428223 0
0.9994997382164001 1
0.0025576497428119183 0
0.09190481901168823 0
0.8862767219543457 0
0.28085821866989136 0
0.9971495866775513 1
0.0002964152954518795 0
0.00799447949975729 0
0.509040892124176 0
0.03613554686307907 0
0.9995046854019165 1
0.0011275388533249497 0
0.030569355934858322 0
0.01937897503376007 0
0.03926822543144226 0
0.8781840801239014 1
0.0015812553465366364 0
0.015208739787340164 0
0.006719713564962149 0
0.019475378096103668 0
0.9999133944511414 1
0.012292206287384033 0
0.9761823415756226 0
0.3270852267742157 0
0.0033597282599657774 0
0.998420000076294 1
0.042180031538009644 0
0.8210331201553345 0
0.032052259892225266 0
0.007241758517920971 0
0.9984121322631836 1
0.030798500403761864 0
0.926970362663269 0
0.005608502309769392 0
0.005857034586369991 0
0.9995617270469666 1
0.012232820503413677 0
0.2962571978569031 0
0.91058748960495 0
0.053116679191589355 0
0.9998239874839783 1
0.05972028523683548 0
0.8429715037345886 0
0.1864473521709442 0
0.15422013401985168 0
0.9414927363395691 1
0.9289631247520447 0
0.9626025557518005 0
0.008271590806543827 0
0.057791031897068024 0
0.9819736480712891 1
0.0012072671670466661 0
0.34762081503868103 0
0.7925219535827637 0
0.032772332429885864 0
0.9984598159790039 1
0.0051636421121656895 0
0.40339773893356323 0
0.4013211727142334 0
0.019688628613948822 0
0.9451572895050049 1
0.0011016990756615996 0
0.008689895272254944 0
0.08892625570297241 0
0.06152207404375076 0
0.9998114109039307 1
0.00450507178902626 0
0.03884372115135193 0
0.000454118475317955 0
0.024832140654325485 0
0.9994942545890808 1
0.024170449003577232 0
0.014689132571220398 0
0.02258489653468132 0
0.0007392892148345709 0
0.9962141513824463 1
0.005881994962692261 0
0.04933881759643555 0
0.0009591457201167941 0
0.0014067285228520632 0
0.25357934832572937 1
0.002118482254445553 0
0.013801599852740765 0
0.06847655773162842 0
0.0032955508213490248 0
0.9241480827331543 1
0.00044057515333406627 0
0.0010529750725254416 0
0.023648500442504883 0
0.002280833898112178 0
0.7957226634025574 1
0.0014849936123937368 0
0.017037343233823776 0
0.0004655989760067314 0
0.0003510348906274885 0
0.9970067739486694 1
0.14764681458473206 0
0.7565340995788574 0
0.8083750009536743 0
0.0021919673308730125 0
0.995195746421814 1
0.0263957716524601 0
0.8207415342330933 0
0.9705649614334106 0
0.45892488956451416 0
0.9721950888633728 1
0.41745537519454956 0
0.9756373763084412 0
0.7753448486328125 0
0.8926681280136108 0
0.7317623496055603 1
0.0004078262427356094 0
0.006645337678492069 0
0.3266308903694153 0
0.0010839722817763686 0
0.8867000937461853 1
0.002154916524887085 0
0.00753998477011919 0
0.06641112267971039 0
0.0018561648903414607 0
0.9422496557235718 1
0.00028519576881080866 0
0.005593992304056883 0
0.0686136931180954 0
0.0070007070899009705 0
0.9909553527832031 1
0.6771916151046753 0
0.9982032179832458 0
0.9939014315605164 0
0.0002462468692101538 0
0.9999205470085144 1
0.12361320853233337 0
0.9967113733291626 0
0.9892187118530273 0
0.1998978555202484 0
0.9950985908508301 1
0.975682258605957 0
0.9950091242790222 0
0.10189890116453171 0
0.5741248726844788 0
0.9966371059417725 1
0.0030653567519038916 0
0.010506640188395977 0
0.8454080820083618 0
0.0001556921924930066 0
0.996691107749939 1
0.021420566365122795 0
0.9442183971405029 0
0.8508991599082947 0
0.0006457128911279142 0
0.9583514928817749 1
0.05433318763971329 0
0.9244084358215332 0
0.9131984710693359 0
0.004630628507584333 0
0.9943828582763672 1
0.7965326309204102 0
0.5198954343795776 0
0.10532613843679428 0
0.012224907986819744 0
0.9641721248626709 1
0.9634432196617126 0
0.9038290977478027 0
0.15239974856376648 0
0.602895975112915 0
0.9267067909240723 1
0.4007920026779175 0
0.8946027755737305 0
0.5903562903404236 0
0.20397454500198364 0
0.9071803092956543 1
0.897028923034668 0
0.5135284662246704 0
0.006253976374864578 0
0.0032415599562227726 0
0.9498558044433594 1
0.92861008644104 0
0.9642199873924255 0
0.0022915727458894253 0
0.0007492408622056246 0
0.9984645843505859 1
0.6721801161766052 0
0.8227993845939636 0
0.009599743410944939 0
0.20348624885082245 0
0.9217208623886108 1
0.0007737476844340563 0
0.5416163802146912 0
0.4353860318660736 0
0.0001116894418373704 0
0.9340773820877075 1
0.01710822433233261 0
0.9965495467185974 0
0.45886826515197754 0
0.3965831696987152 0
0.978008508682251 1
0.2932983338832855 0
0.9380804896354675 0
0.37710678577423096 0
0.8220157027244568 0
0.4781610667705536 1
3.541835758369416e-05 0
0.0018457882106304169 0
0.15552030503749847 0
7.986807031556964e-05 0
0.9652682542800903 1
0.002813502214848995 0
0.038569577038288116 0
0.00231746444478631 0
7.681685383431613e-05 0
0.9478334188461304 1
0.0026406075339764357 0
0.09208661317825317 0
0.0653216540813446 0
0.0014510469045490026 0
0.9648529887199402 1
0.8949407339096069 0
0.718145489692688 0
0.48209917545318604 0
0.0029881042428314686 0
0.9995338320732117 1
0.20867431163787842 0
0.39339107275009155 0
0.9758293032646179 0
0.6432608962059021 0
0.9990312457084656 1
0.2330469787120819 0
0.873856782913208 0
0.7526659965515137 0
0.17388463020324707 0
0.9975394010543823 1
0.0022848332300782204 0
0.15031543374061584 0
1.4708233720739372e-05 0
0.0006565515650436282 0
0.8094342947006226 1
0.01249014213681221 0
0.2061765193939209 0
0.007785869296640158 0
0.00011016242206096649 0
0.9768562316894531 1
0.28944820165634155 0
0.7803795337677002 0
0.20808863639831543 0
0.01754549890756607 0
0.31249451637268066 1
0.009582694619894028 0
0.106900155544281 0
0.28529462218284607 0
4.3168645788682625e-05 0
0.9016429781913757 1
0.0019837082363665104 0
0.8614856004714966 0
0.34576648473739624 0
0.006574637722223997 0
0.9217616319656372 1
0.01857141964137554 0
0.8950965404510498 0
0.4954168200492859 0
0.270311176776886 0
0.0038644070737063885 1
0.0008178722346201539 0
0.0018313177861273289 0
0.013915151357650757 0
5.761901320511242e-06 0
0.14438022673130035 1
0.0016435165889561176 0
0.004146834835410118 0
0.012412145733833313 0
0.0003993975406046957 0
0.7586647868156433 1
0.004756059963256121 0
0.001640151720494032 0
0.058814190328121185 0
0.0005686235381290317 0
