0.6636670827865601 1
0.31432175636291504 0
0.34135133028030396 0
0.1792048066854477 0
0.601002037525177 0
0.6775103807449341 1
0.0708092451095581 0
0.33230990171432495 0
0.3572579622268677 0
0.5494698286056519 0
0.6219694018363953 1
0.335756778717041 0
0.3357207477092743 0
0.3261803984642029 0
0.3702341318130493 0
0.8425987958908081 1
0.6341980695724487 0
0.756756067276001 0
0.1040550097823143 0
0.5200240612030029 0
0.8478769063949585 1
0.6625906229019165 0
0.9165465831756592 0
0.6594789028167725 0
0.600459635257721 0
0.8680538535118103 1
0.7119787931442261 0
0.7068765163421631 0
0.3533714711666107 0
0.6482594013214111 0
0.6677645444869995 1
0.48512184619903564 0
0.6938768625259399 0
0.3540761172771454 0
0.45508572459220886 0
0.6668970584869385 1
0.5525270700454712 0
0.3476097583770752 0
0.33385127782821655 0
0.6397721171379089 0
0.4567723870277405 1
0.31422704458236694 0
0.4203912913799286 0
0.3083401918411255 0
0.3609623312950134 0
0.909683883190155 1
0.21731828153133392 0
0.3168550133705139 0
0.280490905046463 0
0.5423641204833984 0
0.7354752421379089 1
0.23869308829307556 0
0.0669499933719635 0
0.64249587059021 0
0.4834285378456116 0
0.6898562908172607 1
0.35120636224746704 0
0.3316155970096588 0
0.47006672620773315 0
0.6492088437080383 0
0.8179391622543335 1
0.31065717339515686 0
0.3378302752971649 0
0.17227789759635925 0
0.16755519807338715 0
0.7878125905990601 1
0.9695896506309509 0
0.9453302621841431 0
0.46781453490257263 0
0.8091913461685181 0
0.6707393527030945 1
0.3285440504550934 0
0.3348316550254822 0
0.3415326476097107 0
0.6225573420524597 0
0.650667667388916 1
0.33090561628341675 0
0.6893548369407654 0
0.12189536541700363 0
0.4563751220703125 0
0.7688800692558289 1
0.675196647644043 0
0.6516644358634949 0
0.8969349265098572 0
0.5044188499450684 0
0.7452168464660645 1
0.193679079413414 0
0.54859858751297 0
0.5396064519882202 0
0.6529693603515625 0
0.6490650177001953 1
0.0011563809821382165 0
0.10576954483985901 0
0.25698715448379517 0
0.5163811445236206 0
0.6548653244972229 1
0.025776412338018417 0
0.3219282031059265 0
0.14142638444900513 0
0.2608690559864044 0
0.6471613049507141 1
0.12012051045894623 0
0.3086700141429901 0
0.15873795747756958 0
0.16990232467651367 0
0.667724609375 1
0.1953127384185791 0
0.7033476829528809 0
0.3417012095451355 0
0.022266238927841187 0
0.6690217852592468 1
0.24968808889389038 0
0.6470726132392883 0
0.2710822820663452 0
0.11940964311361313 0
0.525749683380127 1
0.3230856657028198 0
0.5550990700721741 0
0.1555563509464264 0
0.06327581405639648 0
0.6561747193336487 1
0.34648045897483826 0
0.5193665027618408 0
0.519931435585022 0
0.4036872088909149 0
0.6780014038085938 1
0.28371304273605347 0
0.5907193422317505 0
0.5970043540000916 0
0.6408488750457764 0
0.645433783531189 1
0.26525238156318665 0
0.5140405893325806 0
0.19433943927288055 0
0.2769150733947754 0
0.6473023295402527 1
0.03946508467197418 0
0.5904223918914795 0
0.5667004585266113 0
0.6288903951644897 0
0.6623669862747192 1
0.10746459662914276 0
0.5754876136779785 0
0.3968615233898163 0
0.4168046712875366 0
0.5267907977104187 1
0.035296160727739334 0
0.34192681312561035 0
0.30803319811820984 0
0.24881760776042938 0
0.6905795931816101 1
0.0764780193567276 0
0.38465961813926697 0
0.04375503212213516 0
0.2121993750333786 0
0.6678788661956787 1
0.2546050548553467 0
0.4011983275413513 0
0.28045809268951416 0
0.024947766214609146 0
0.6598355770111084 1
0.2853674292564392 0
0.33851444721221924 0
0.08866605162620544 0
0.11878767609596252 0
0.3659825325012207 1
0.02118956297636032 0
0.2227172553539276 0
0.22984173893928528 0
0.14491744339466095 0
0.6055877208709717 1
0.019301511347293854 0
0.1337994486093521 0
0.24570423364639282 0
0.13643677532672882 0
0.32633742690086365 1
0.10878711938858032 0
0.34186995029449463 0
0.07019337266683578 0
0.04542185366153717 0
0.33965691924095154 1
0.3187876045703888 0
0.33412966132164 0
0.3355814218521118 0
0.13044539093971252 0
0.39321261644363403 1
0.2271021455526352 0
0.34761518239974976 0
0.35221558809280396 0
0.3976513743400574 0
0.43490004539489746 1
0.34389227628707886 0
0.35771626234054565 0
0.15858137607574463 0
0.3280661702156067 0
0.3523905873298645 1
0.04118054732680321 0
0.3470672369003296 0
0.3317139446735382 0
0.015323540195822716 0
0.3987318277359009 1
0.0377684086561203 0
0.1829455941915512 0
0.32477638125419617 0
0.03140944615006447 0
0.5933276414871216 1
0.0054894438944756985 0
0.25207245349884033 0
0.3253600597381592 0
0.12950535118579865 0
0.814109206199646 1
0.6478217244148254 0
0.6595973968505859 0
0.5392963290214539 0
0.09668256342411041 0
0.8701664805412292 1
0.5332554578781128 0
0.6370482444763184 0
0.5649958848953247 0
0.5507055521011353 0
0.8058077692985535 1
0.4549628496170044 0
0.36209583282470703 0
0.20381176471710205 0
0.2947957217693329 0
0.6636760830879211 1
0.2369220107793808 0
0.3156838119029999 0
0.4164355397224426 0
0.0686916783452034 0
0.6695231795310974 1
0.5734558701515198 0
0.650674045085907 0
0.33507153391838074 0
0.06119680032134056 0
0.709972620010376 1
0.5056632161140442 0
0.7330400943756104 0
0.6638587117195129 0
0.08925514668226242 0
0.383791446685791 1
0.17182639241218567 0
0.32512176036834717 0
0.6512380838394165 0
0.5154535174369812 0
0.4014970064163208 1
0.15510757267475128 0
0.4088709354400635 0
0.3765835464000702 0
0.6189121007919312 0
0.5331262946128845 1
0.3733678460121155 0
0.658757209777832 0
0.23398207128047943 0
0.16046778857707977 0
0.5729401111602783 1
0.11181490868330002 0
0.356090247631073 0
0.5727114677429199 0
0.24857327342033386 0
0.513634204864502 1
0.14764468371868134 0
0.33350953459739685 0
0.3085712492465973 0
0.06402278691530228 0
0.6402983665466309 1
0.3090193569660187 0
0.4502418041229248 0
0.4831419587135315 0
0.6543774604797363 0
0.6505458354949951 1
0.23213446140289307 0
0.33179280161857605 0
0.33699095249176025 0
0.039730433374643326 0
0.6671942472457886 1
0.3236638307571411 0
0.45934388041496277 0
0.5322434306144714 0
0.5154513120651245 0
0.943199098110199 1
0.30519434809684753 0
0.35904714465141296 0
0.3297610282897949 0
0.5073168277740479 0
0.5538462996482849 1
0.0024866852909326553 0
0.3558800220489502 0
0.3518006503582001 0
0.011355996131896973 0
0.6600625514984131 1
0.061417289078235626 0
0.33793699741363525 0
0.35815685987472534 0
0.06195095181465149 0
0.7682994604110718 1
0.2746545076370239 0
0.382310688495636 0
0.49067509174346924 0
0.03678157925605774 0
0.6101065874099731 1
0.4836510419845581 0
0.3679393231868744 0
0.4967164695262909 0
0.3013249933719635 0
0.6532707214355469 1
0.36666858196258545 0
0.44124841690063477 0
0.463235467672348 0
0.5138859152793884 0
0.6274480223655701 1
0.25179943442344666 0
0.3343145549297333 0
0.2517736554145813 0
0.36579522490501404 0
0.6676585674285889 1
0.2480413019657135 0
0.6227264404296875 0
0.009389054030179977 0
0.047192107886075974 0
0.651034951210022 1
0.33115607500076294 0
0.5912133455276489 0
0.33382344245910645 0
0.09274092316627502 0
0.6909822821617126 1
0.6040046215057373 0
0.64836585521698 0
0.6429866552352905 0
0.21537035703659058 0
0.5417225360870361 1
0.1249779462814331 0
0.3555525541305542 0
0.45580482482910156 0
0.07588464766740799 0
0.6457695960998535 1
0.05315212532877922 0
0.5831160545349121 0
0.3371583819389343 0
0.31560036540031433 0
0.5899927020072937 1
0.14008572697639465 0
0.6511428356170654 0
0.35975807905197144 0
0.20301000773906708 0
0.27723097801208496 1
0.023861248046159744 0
0.12156747281551361 0
0.28263407945632935 0
0.0006365287117660046 0
0.6333433389663696 1
0.026426199823617935 0
0.3755044639110565 0
0.3376111686229706 0
0.04362405091524124 0
0.5309629440307617 1
0.13675075769424438 0
0.42458733916282654 0
0.5480628609657288 0
0.08589955419301987 0
