0.4749380350112915 1
0.49315398931503296 1
0.15426726639270782 1
0.3492681384086609 1
0.11454105377197266 1
0.44578009843826294 1
0.8005090951919556 1
0.15924301743507385 1
0.5585377812385559 1
0.3518386781215668 1
0.3503533601760864 1
0.27252423763275146 1
0.6397562026977539 1
0.5290935039520264 1
0.9369800090789795 1
0.3236796259880066 1
0.0448942631483078 1
0.4641788899898529 1
0.2577369809150696 1
0.9342167377471924 1
0.324698269367218 1
0.5959760546684265 1
0.807966947555542 1
0.0013672177447006106 0
0.002266152761876583 0
0.3993147015571594 0
0.002200066577643156 0
0.07476872950792313 0
0.3220432996749878 0
0.001826506108045578 0
0.001688606571406126 0
0.1583559215068817 0
0.007608396932482719 0
0.028523840010166168 0
0.7319412231445312 0
7.515450124628842e-05 0
0.00036349089350551367 0
0.8930120468139648 0
9.744238923303783e-05 0
0.0002696731826290488 0
0.2389933317899704 0
0.0001686933683231473 0
0.0006729585002176464 0
0.32963937520980835 0
0.0077328491024672985 0
0.007771176286041737 0
0.33155274391174316 0
0.0006887434283271432 0
0.007967082783579826 0
0.3081802725791931 0
0.0019793915562331676 0
0.000834679405670613 0
0.3249848484992981 0
0.00822649709880352 0
0.0053506395779550076 0
0.32787811756134033 0
0.026880791410803795 0
0.021875664591789246 0
0.33321961760520935 0
0.007957388646900654 0
0.00362243945710361 0
0.3196389079093933 0
0.0016876484733074903 0
0.013589376583695412 0
0.34184885025024414 0
0.03063405305147171 0
0.012570003047585487 0
0.35212188959121704 0
0.014077294617891312 0
0.007017362862825394 0
0.3650995194911957 0
0.006922302767634392 0
0.05047668144106865 0
0.34947630763053894 0
0.0005499019753187895 0
0.012945141643285751 0
0.30070990324020386 0
0.0013637905940413475 0
0.0010834649438038468 0
0.3442727029323578 0
0.006240506656467915 0
0.014845283702015877 0
0.40064871311187744 0
0.0024268371053040028 0
0.01924855075776577 0
0.3627392649650574 0
0.006422974169254303 0
0.006407630629837513 0
0.5270373821258545 0
0.08760589361190796 0
0.0009543317719362676 0
0.6028656959533691 0
0.6709898710250854 1
0.8853113055229187 1
0.5171816945075989 1
0.6774887442588806 1
0.8825201392173767 1
0.9685661792755127 1
0.9508273005485535 1
0.9960145950317383 1
0.865783154964447 1
0.3997858166694641 1
0.3795442581176758 1
0.9133507609367371 1
0.34880316257476807 1
0.3385060429573059 1
0.3515605628490448 1
0.2194926142692566 1
0.8785610198974609 1
0.30633091926574707 1
0.3860315680503845 1
0.33463215827941895 1
0.4553135633468628 1
0.5245280265808105 1
0.6061370372772217 1
