0.19936901330947876 1
0.3547988831996918 1
0.13481563329696655 1
0.6781722903251648 1
0.04614980146288872 1
0.3848261833190918 1
0.5450015664100647 1
0.039121292531490326 1
0.4889177680015564 1
0.21911802887916565 1
0.3186342716217041 1
0.29395008087158203 1
0.2941783666610718 1
0.5462308526039124 1
0.9390122294425964 1
0.3087380528450012 1
0.004100899212062359 1
0.35731300711631775 1
0.03353103995323181 1
0.7273375391960144 1
0.2796576917171478 1
0.45162057876586914 1
0.8088123798370361 1
0.002268507843837142 0
0.0008451227913610637 0
0.5508507490158081 0
0.000807412841822952 0
0.0550445094704628 0
0.2947384715080261 0
0.0006086303619667888 0
0.0007104609976522624 0
0.1293523609638214 0
0.0030582190956920385 0
0.006991049274802208 0
0.659575879573822 0
6.571048288606107e-05 0
0.00014800010831095278 0
0.37475571036338806 0
0.000585917616263032 0
0.0004245922900736332 0
0.29099535942077637 0
0.0009251364390365779 0
0.0018132745753973722 0
0.5079284906387329 0
0.002254348946735263 0
0.001187726273201406 0
0.3162502646446228 0
0.0003326163860037923 0
0.003802866442129016 0
0.20033948123455048 0
0.0003791796916630119 0
0.002631545066833496 0
0.31566286087036133 0
0.005531174596399069 0
0.0030736280605196953 0
0.3135986626148224 0
0.01678490824997425 0
0.007954923436045647 0
0.35988542437553406 0
0.0012730734888464212 0
0.005519093479961157 0
0.31238439679145813 0
0.0009673805325292051 0
0.035976722836494446 0
0.31720930337905884 0
0.012922398746013641 0
0.012956665828824043 0
0.42078906297683716 0
0.003966273739933968 0
0.010907428339123726 0
0.4701557755470276 0
0.007303783670067787 0
0.003233213908970356 0
0.5546197891235352 0
0.0008580231806263328 0
0.018844159319996834 0
0.2873915433883667 0
0.0005479078972712159 0
0.0006119549507275224 0
0.3369610905647278 0
0.0022347753401845694 0
0.007445211987942457 0
0.40528231859207153 0
0.002695277100428939 0
0.04231632873415947 0
0.27053433656692505 0
0.00440486054867506 0
0.011127375066280365 0
0.5526527166366577 0
0.010935928672552109 0
0.001324554905295372 0
0.6016244888305664 0
0.7069095969200134 1
0.9140392541885376 1
0.18393753468990326 1
0.7061699628829956 1
0.8799073100090027 1
0.9463786482810974 1
0.9838632345199585 1
0.9680384397506714 1
0.7855113744735718 1
0.5062220692634583 1
0.4954332709312439 1
0.8418733477592468 1
0.5450878143310547 1
0.44903820753097534 1
0.4517824649810791 1
0.36907750368118286 1
0.664350152015686 1
0.3746035695075989 1
0.49439021944999695 1
0.3496056795120239 1
0.732980489730835 1
0.4555467367172241 1
0.5685943961143494 1
