0.6549022197723389 1
0.2763364315032959 0
0.31494224071502686 0
0.1333099901676178 0
0.3362489640712738 0
0.637004554271698 1
0.08006241917610168 0
0.32362502813339233 0
0.2989126145839691 0
0.6133856177330017 0
0.48373180627822876 1
0.31473082304000854 0
0.33897721767425537 0
0.28110983967781067 0
0.3210507035255432 0
0.9093989133834839 1
0.48632264137268066 0
0.5038332343101501 0
0.07629420608282089 0
0.5182193517684937 0
0.8907026648521423 1
0.7274156808853149 0
0.8620065450668335 0
0.6445074081420898 0
0.6859934329986572 0
0.971256673336029 1
0.8588237762451172 0
0.8588640689849854 0
0.30347272753715515 0
0.5455305576324463 0
0.48085805773735046 1
0.6032870411872864 0
0.9803721308708191 0
0.3480715751647949 0
0.3572569489479065 0
0.6442109942436218 1
0.7211059331893921 0
0.346588671207428 0
0.32982346415519714 0
0.6767077445983887 0
0.3379729390144348 1
0.8516870737075806 0
0.9359005689620972 0
0.21195220947265625 0
0.33609455823898315 0
0.9841033816337585 1
0.07422932982444763 0
0.27848201990127563 0
0.048305124044418335 0
0.6031553149223328 0
0.9315337538719177 1
0.17172634601593018 0
0.07360824197530746 0
0.5966415405273438 0
0.5835995674133301 0
0.9418312907218933 1
0.3113251328468323 0
0.32449913024902344 0
0.31379982829093933 0
0.6285624504089355 0
0.8549479842185974 1
0.25426605343818665 0
0.3305920362472534 0
0.19099411368370056 0
0.33588704466819763 0
0.827471137046814 1
0.982808530330658 0
0.9889864921569824 0
0.4969395399093628 0
0.9080175757408142 0
0.6487855315208435 1
0.3045833110809326 0
0.342805951833725 0
0.3315434157848358 0
0.3478557765483856 0
0.6728115081787109 1
0.16351768374443054 0
0.5805107355117798 0
0.13177654147148132 0
0.07007776200771332 0
0.8660558462142944 1
0.6872541308403015 0
0.6628097295761108 0
0.9537174105644226 0
0.4841391444206238 0
0.8536847829818726 1
0.18849287927150726 0
0.5743587017059326 0
0.3563487231731415 0
0.5858619213104248 0
0.6499205827713013 1
0.0020217474084347486 0
0.04879605025053024 0
0.19364136457443237 0
0.2419513463973999 0
0.6272808313369751 1
0.0028309158515185118 0
0.1715480536222458 0
0.06051672622561455 0
0.08425398916006088 0
0.40159523487091064 1
0.021246224641799927 0
0.30098938941955566 0
0.09106281399726868 0
0.14986321330070496 0
0.6690837740898132 1
0.09548766911029816 0
0.7363519072532654 0
0.25944244861602783 0
0.03558332473039627 0
0.669737696647644 1
0.0856533944606781 0
0.6545475721359253 0
0.11118751019239426 0
0.07669118046760559 0
0.47996091842651367 1
0.24436578154563904 0
0.5505782961845398 0
0.03684293478727341 0
0.08327928930521011 0
0.6638125777244568 1
0.22070114314556122 0
0.949919581413269 0
0.6237642765045166 0
0.37972480058670044 0
0.6767474412918091 1
0.14142946898937225 0
0.931757390499115 0
0.4707278609275818 0
0.4449320435523987 0
0.5547709465026855 1
0.42684048414230347 0
0.9431442022323608 0
0.13532346487045288 0
0.2872902452945709 0
0.6679433584213257 1
0.015362009406089783 0
0.45408326387405396 0
0.5910611748695374 0
0.5279935598373413 0
0.6957995891571045 1
0.01919194683432579 0
0.3462646007537842 0
0.32120490074157715 0
0.16075152158737183 0
0.46097230911254883 1
0.008697126060724258 0
0.29644450545310974 0
0.15603703260421753 0
0.2171635925769806 0
0.715957760810852 1
0.09192048013210297 0
0.34909677505493164 0
0.03789028152823448 0
0.16003826260566711 0
0.6758013963699341 1
0.06464647501707077 0
0.3529157042503357 0
0.06688401103019714 0
0.0017479038797318935 0
0.6213898062705994 1
0.1636180281639099 0
0.27733659744262695 0
0.00551762618124485 0
0.07256998121738434 0
0.5383110642433167 1
0.012561216950416565 0
0.17692004144191742 0
0.17834417521953583 0
0.010041364468634129 0
0.5973677635192871 1
0.0024455576203763485 0
0.02738632634282112 0
0.028103668242692947 0
0.003385139163583517 0
0.2883009612560272 1
0.021508805453777313 0
0.16048648953437805 0
0.005790543742477894 0
0.009090854786336422 0
0.33401256799697876 1
0.2748979926109314 0
0.3329203724861145 0
0.3330029249191284 0
0.0686466172337532 0
0.33898675441741943 1
0.17868797481060028 0
0.3337024450302124 0
0.3385421931743622 0
0.31529492139816284 0
0.3394015431404114 1
0.2779158055782318 0
0.33285290002822876 0
0.09799167513847351 0
0.2666679620742798 0
0.33432862162590027 1
0.026634937152266502 0
0.2966651916503906 0
0.31481727957725525 0
0.004265232477337122 0
0.34988951683044434 1
0.07985536009073257 0
0.16245824098587036 0
0.3032808303833008 0
0.14522546529769897 0
0.534381628036499 1
0.02684585005044937 0
0.2758329510688782 0
0.30202817916870117 0
0.12696418166160583 0
0.767857015132904 1
0.7507511377334595 0
0.7343040704727173 0
0.5580762624740601 0
0.14830496907234192 0
0.7946704626083374 1
0.5689182281494141 0
0.6684683561325073 0
0.38745877146720886 0
0.44138526916503906 0
0.8284823298454285 1
0.41789111495018005 0
0.3406611382961273 0
0.05046480521559715 0
0.20076996088027954 0
0.6733007431030273 1
0.24610672891139984 0
0.4049920439720154 0
0.3449837565422058 0
0.0014892264734953642 0
0.7205628752708435 1
0.33591294288635254 0
0.7273483276367188 0
0.3321742117404938 0
0.032412245869636536 0
0.8897013068199158 1
0.5758793354034424 0
0.9228265285491943 0
0.6595817804336548 0
0.026009730994701385 0
0.33360347151756287 1
0.30894702672958374 0
0.6404017210006714 0
0.4243084192276001 0
0.633446216583252 0
0.3419658839702606 1
0.5190112590789795 0
0.9092556238174438 0
0.27131253480911255 0
0.39658164978027344 0
0.39520734548568726 1
0.6062343716621399 0
0.9723173975944519 0
0.14416654407978058 0
0.15210720896720886 0
0.4015410840511322 1
0.45716917514801025 0
0.8433472514152527 0
0.4153463840484619 0
0.09137479960918427 0
0.3407760262489319 1
0.2472674548625946 0
0.8614977598190308 0
0.24077455699443817 0
0.012140631675720215 0
0.500449001789093 1
0.6881029009819031 0
0.7988342046737671 0
0.4865296483039856 0
0.6980400085449219 0
0.694121778011322 1
0.29739660024642944 0
0.32916387915611267 0
0.4456486105918884 0
0.12555819749832153 0
0.7643982768058777 1
0.28490909934043884 0
0.33950433135032654 0
0.48872241377830505 0
0.4763747453689575 0
0.9912055730819702 1
0.05258577689528465 0
0.32473939657211304 0
0.30931034684181213 0
0.46768972277641296 0
0.6257814764976501 1
0.00036926427856087685 0
0.3246833384037018 0
0.3453475832939148 0
0.002520859707146883 0
0.6754934787750244 1
0.031394436955451965 0
0.3207932710647583 0
0.3346606194972992 0
0.11761455982923508 0
0.9755823016166687 1
0.2584933638572693 0
0.24179522693157196 0
0.617693305015564 0
0.12125205993652344 0
0.40000173449516296 1
0.34178048372268677 0
0.3338746428489685 0
0.5236355066299438 0
0.320062518119812 0
0.6189625859260559 1
0.33557483553886414 0
0.3352220952510834 0
0.3400425314903259 0
0.3401356339454651 0
0.4543784558773041 1
0.07166709005832672 0
0.3324262797832489 0
0.1981557011604309 0
0.1800297498703003 0
0.7071647644042969 1
0.3124503791332245 0
0.5562890768051147 0
0.007874410599470139 0
0.0073274425230920315 0
0.6400493383407593 1
0.3288704752922058 0
0.3502379059791565 0
0.3281392455101013 0
0.2128983587026596 0
0.8148173689842224 1
0.6573123931884766 0
0.882769763469696 0
0.6522746086120605 0
0.41081902384757996 0
0.6042197346687317 1
0.14678514003753662 0
0.13036805391311646 0
0.409589946269989 0
0.01087617501616478 0
0.7300584316253662 1
0.012312451377511024 0
0.5282106995582581 0
0.33392056822776794 0
0.07569128274917603 0
0.39584168791770935 1
0.05316625535488129 0
0.6174800395965576 0
0.20034001767635345 0
0.038769304752349854 0
0.30158179998397827 1
0.04649714380502701 0
0.07199135422706604 0
0.03397451341152191 0
0.00023244967451319098 0
0.6625478267669678 1
0.0049235643818974495 0
0.29130664467811584 0
0.31095361709594727 0
0.004550362005829811 0
0.5454363822937012 1
0.08182799071073532 0
0.579077959060669 0
0.4236171245574951 0
0.016006959602236748 0
