0.16146478056907654 1
0.36185222864151 1
0.10100697726011276 1
0.18616776168346405 1
0.06626741588115692 1
0.32507020235061646 1
0.5563791990280151 1
0.007953213527798653 1
0.467882364988327 1
0.07008178532123566 1
0.34440264105796814 1
0.11620768159627914 1
0.39837074279785156 1
0.46495360136032104 1
0.9017526507377625 1
0.39264529943466187 1
0.0027926561888307333 1
0.35665786266326904 1
0.03605160862207413 1
0.6157332062721252 1
0.24042171239852905 1
0.3375186622142792 1
0.554735541343689 1
0.001485815504565835 0
0.0013653459027409554 0
0.4519980549812317 0
0.0020666487980633974 0
0.03655996173620224 0
0.2316933125257492 0
0.00015353636990766972 0
0.0012251033913344145 0
0.08627676218748093 0
0.00127877457998693 0
0.007519969251006842 0
0.7726413607597351 0
5.553643131861463e-05 0
0.00031739260884933174 0
0.7027062177658081 0
0.0003207587287761271 0
0.00015342736151069403 0
0.2584768533706665 0
0.0002136764524038881 0
0.0029301864560693502 0
0.295096755027771 0
0.0016672515776008368 0
0.0008813345339149237 0
0.2937174439430237 0
0.0005265232175588608 0
0.004389089532196522 0
0.1787293255329132 0
0.0009080276358872652 0
0.004264266695827246 0
0.253612220287323 0
0.0020601782016456127 0
0.0015678321942687035 0
0.26533544063568115 0
0.0073668016120791435 0
0.005504911299794912 0
0.3331305980682373 0
0.0011939759133383632 0
0.0011432580649852753 0
0.27326953411102295 0
0.0005390332080423832 0
0.026574887335300446 0
0.2819752097129822 0
0.0124933160841465 0
0.004260214511305094 0
0.39299190044403076 0
0.005313519388437271 0
0.0028668162412941456 0
0.3152182400226593 0
0.008450046181678772 0
0.0014829834690317512 0
0.3655538558959961 0
0.00019704055739566684 0
0.011513220146298409 0
0.25594639778137207 0
0.0005074597429484129 0
0.0007410370744764805 0
0.31239965558052063 0
0.0029520951211452484 0
0.004051846452057362 0
0.4187183976173401 0
0.004230895079672337 0
0.007391187362372875 0
0.2767183184623718 0
0.0040127187967300415 0
0.0034278554376214743 0
0.4918949604034424 0
0.03918318450450897 0
0.0010151206515729427 0
0.663613498210907 0
0.6852588653564453 1
0.8365762233734131 1
0.2765617370605469 1
0.6378162503242493 1
0.7242864966392517 1
0.8483309149742126 1
0.9084545969963074 1
0.9488065242767334 1
0.7890638709068298 1
0.3317107856273651 1
0.3503502309322357 1
0.6977052092552185 1
0.5257765054702759 1
0.3771011531352997 1
0.4263496994972229 1
0.35232919454574585 1
0.7364320755004883 1
0.3426220417022705 1
0.368777871131897 1
0.3039590120315552 1
0.6302251219749451 1
0.5277186036109924 1
0.49660858511924744 1
