0.08410120010375977 1
0.4566018581390381 1
0.1748482882976532 1
0.33176979422569275 1
0.15482330322265625 1
0.43188369274139404 1
0.7146844863891602 1
0.0031242691911756992 1
0.5214182138442993 1
0.0758235901594162 1
0.34454891085624695 1
0.31996387243270874 1
0.6337647438049316 1
0.5956152677536011 1
0.9490897059440613 1
0.33317363262176514 1
0.009457703679800034 1
0.46626144647598267 1
0.014467018656432629 1
0.7826113104820251 1
0.3271467685699463 1
0.6249630451202393 1
0.8730987310409546 1
0.0017238524742424488 0
0.0009121999028138816 0
0.3831978738307953 0
0.00032374251168221235 0
0.05551031231880188 0
0.08572208881378174 0
0.00016781187150627375 0
0.0005403576069511473 0
0.047189146280288696 0
0.0031424271874129772 0
0.001466997666284442 0
0.7658061385154724 0
3.6986981285735965e-05 0
0.00010868175741052255 0
0.5579055547714233 0
0.0002949067857116461 0
6.526005017803982e-05 0
0.3261253833770752 0
0.0001903389929793775 0
0.0018749742303043604 0
0.4944595694541931 0
0.003183234017342329 0
0.0017465518321841955 0
0.33187419176101685 0
0.000262692105025053 0
0.0038152579218149185 0
0.28753331303596497 0
0.00028794186073355377 0
0.0015912250382825732 0
0.3118356168270111 0
0.0012752324109897017 0
0.0016891411505639553 0
0.29672476649284363 0
0.001381964422762394 0
0.006549309007823467 0
0.3394915461540222 0
0.0018249759450554848 0
0.0027886477764695883 0
0.31765881180763245 0
0.000622150837443769 0
0.009446533396840096 0
0.18085253238677979 0
0.018992718309164047 0
0.004440419375896454 0
0.48229238390922546 0
0.0037116804160177708 0
0.0020906543359160423 0
0.346478670835495 0
0.005826325621455908 0
0.0027714630123227835 0
0.36149895191192627 0
7.731595542281866e-05 0
0.015034515410661697 0
0.35954126715660095 0
0.00016029251855798066 0
0.0005967320175841451 0
0.33465299010276794 0
0.04563985392451286 0
0.002637189347296953 0
0.5026755332946777 0
0.0038951137103140354 0
0.0018480867147445679 0
0.28197503089904785 0
0.004240445792675018 0
0.0025377627462148666 0
0.6496843099594116 0
0.021199289709329605 0
0.0006987549713812768 0
0.6818777322769165 0
0.6902276873588562 1
0.8500133752822876 1
0.24006444215774536 1
0.6980330348014832 1
0.6837736964225769 1
0.8019460439682007 1
0.7775992155075073 1
0.8585829138755798 1
0.7487506866455078 1
0.3341161906719208 1
0.561036229133606 1
0.7190758585929871 1
0.41143831610679626 1
0.26445645093917847 1
0.3479626178741455 1
0.24217182397842407 1
0.7412757873535156 1
0.2307313084602356 1
0.3599739670753479 1
0.29836055636405945 1
0.3610064685344696 1
0.48364806175231934 1
0.5861258506774902 1
