0.6690118312835693 1
0.32449930906295776 0
0.3328245282173157 0
0.15991339087486267 0
0.37598904967308044 0
0.6525363326072693 1
0.017799392342567444 0
0.35346245765686035 0
0.2770872116088867 0
0.640902042388916 0
0.4805203378200531 1
0.3258827030658722 0
0.334674209356308 0
0.3129465878009796 0
0.3272908329963684 0
0.8834303617477417 1
0.5013656616210938 0
0.5971503853797913 0
0.1903282105922699 0
0.6100704669952393 0
0.7719208598136902 1
0.7226837873458862 0
0.8638710379600525 0
0.607057511806488 0
0.6938080191612244 0
0.9552728533744812 1
0.8900362849235535 0
0.8272113800048828 0
0.3489457368850708 0
0.5408098697662354 0
0.7467023730278015 1
0.48291921615600586 0
0.958035409450531 0
0.29781574010849 0
0.3531355559825897 0
0.6691119074821472 1
0.9365787506103516 0
0.3655107021331787 0
0.3293043375015259 0
0.4655866026878357 0
0.4079689681529999 1
0.8292806148529053 0
0.9879825115203857 0
0.30262163281440735 0
0.32516252994537354 0
0.9811633825302124 1
0.1586194634437561 0
0.3315998613834381 0
0.014642881229519844 0
0.6817736029624939 0
0.8903185129165649 1
0.10998144745826721 0
0.2091834843158722 0
0.355928897857666 0
0.5632153749465942 0
0.7886685729026794 1
0.2910888195037842 0
0.29880374670028687 0
0.33483046293258667 0
0.731509804725647 0
0.8488380312919617 1
0.31046032905578613 0
0.34089189767837524 0
0.044994160532951355 0
0.24530470371246338 0
0.7438189387321472 1
0.9567415118217468 0
0.9437755346298218 0
0.40082788467407227 0
0.8710221648216248 0
0.6888217329978943 1
0.27581706643104553 0
0.3400413990020752 0
0.32180020213127136 0
0.572988748550415 0
0.6878666281700134 1
0.23589888215065002 0
0.6477125287055969 0
0.2721163034439087 0
0.11217910051345825 0
0.8027765154838562 1
0.5130072832107544 0
0.6661447882652283 0
0.9705435037612915 0
0.573269784450531 0
0.813023030757904 1
0.2535940110683441 0
0.5402323603630066 0
0.4259095788002014 0
0.6534265279769897 0
0.6193233728408813 1
0.0006645398098044097 0
0.024413183331489563 0
0.2833895981311798 0
0.04798656329512596 0
0.5530972480773926 1
0.004428528249263763 0
0.2255106270313263 0
0.061674878001213074 0
0.21266278624534607 0
0.6270341873168945 1
0.029763899743556976 0
0.30925071239471436 0
0.1358177661895752 0
0.10163705796003342 0
0.6727756261825562 1
0.10376378148794174 0
0.7010066509246826 0
0.3570284843444824 0
0.015335969626903534 0
0.6709041595458984 1
0.12106594443321228 0
0.6533087491989136 0
0.24362824857234955 0
0.0908423587679863 0
0.64268958568573 1
0.2998017966747284 0
0.6400049924850464 0
0.15588486194610596 0
0.10839016735553741 0
0.6529124975204468 1
0.07203686237335205 0
0.8779795169830322 0
0.5870099067687988 0
0.5290027856826782 0
0.6852290034294128 1
0.04383593797683716 0
0.9686267375946045 0
0.5754002332687378 0
0.5941050052642822 0
0.35013020038604736 1
0.29858171939849854 0
0.9762467741966248 0
0.2164607048034668 0
0.39575502276420593 0
0.6576175093650818 1
0.026085354387760162 0
0.3678830862045288 0
0.5842427015304565 0
0.4304571747779846 0
0.6916831731796265 1
0.02868705801665783 0
0.3348177373409271 0
0.3360462784767151 0
0.25646165013313293 0
0.6681217551231384 1
0.02865060232579708 0
0.3069019913673401 0
0.20826929807662964 0
0.2500322461128235 0
0.6954202055931091 1
0.1621161550283432 0
0.3855544328689575 0
0.05104116350412369 0
0.2644197940826416 0
0.6751085519790649 1
0.19394373893737793 0
0.3238068222999573 0
0.12922140955924988 0
0.0023096161894500256 0
0.6713380813598633 1
0.28056639432907104 0
0.33359426259994507 0
0.02028045803308487 0
0.1266697645187378 0
0.6412069797515869 1
0.01540236547589302 0
0.0940183624625206 0
0.36338672041893005 0
0.02284303866326809 0
0.6551727652549744 1
0.0012231655418872833 0
0.009250964969396591 0
0.029556741937994957 0
0.0032694495748728514 0
0.37998172640800476 1
0.02599373273551464 0
0.17732352018356323 0
0.008461865596473217 0
0.004306129179894924 0
0.34695929288864136 1
0.3098347783088684 0
0.32936692237854004 0
0.3328949809074402 0
0.054968442767858505 0
0.3388621509075165 1
0.11508809030056 0
0.3333841562271118 0
0.3303379416465759 0
0.3385096490383148 0
0.34753188490867615 1
0.32710549235343933 0
0.3327052891254425 0
0.03233511745929718 0
0.24833182990550995 0
0.3342582583427429 1
0.03983256220817566 0
0.2858814299106598 0
0.3244534432888031 0
0.0071344394236803055 0
0.34998342394828796 1
0.032846394926309586 0
0.05436831712722778 0
0.29286494851112366 0
0.10425809025764465 0
0.6482246518135071 1
0.013409998267889023 0
0.20012295246124268 0
0.3255973756313324 0
0.22055773437023163 0
0.6766771078109741 1
0.6205881834030151 0
0.62110435962677 0
0.34029489755630493 0
0.182686910033226 0
0.718611478805542 1
0.2883598804473877 0
0.5297114253044128 0
0.3237667679786682 0
0.3583924472332001 0
0.7729799151420593 1
0.3964059352874756 0
0.37236782908439636 0
0.2433154433965683 0
0.1202397346496582 0
0.6708938479423523 1
0.28009289503097534 0
0.33566710352897644 0
0.3862677216529846 0
0.016601821407675743 0
0.6841990947723389 1
0.28761324286460876 0
0.6033192873001099 0
0.3334198594093323 0
0.06972429156303406 0
0.9219385981559753 1
0.5634992718696594 0
0.8787484169006348 0
0.6649540662765503 0
0.04167928919196129 0
0.3334401845932007 1
0.8441524505615234 0
0.9384557604789734 0
0.32382190227508545 0
0.5957702994346619 0
0.34031280875205994 1
0.5382053256034851 0
0.9723038673400879 0
0.2168213129043579 0
0.3213413953781128 0
0.5100768804550171 1
0.44034022092819214 0
0.9845189452171326 0
0.23228776454925537 0
0.10724596679210663 0
0.33893096446990967 1
0.8487536907196045 0
0.9726738333702087 0
0.3291590213775635 0
0.1163787990808487 0
0.3502979278564453 1
0.3697563111782074 0
0.8756245970726013 0
0.28704848885536194 0
0.06520618498325348 0
0.5875440239906311 1
0.6250625848770142 0
0.7527462840080261 0
0.5897762179374695 0
0.7052991390228271 0
0.6654850840568542 1
0.25443586707115173 0
0.25733980536460876 0
0.34965968132019043 0
0.09340135753154755 0
0.6619325876235962 1
0.06683307886123657 0
0.3838167190551758 0
0.1451166868209839 0
0.5149208307266235 0
0.9707791209220886 1
0.15052352845668793 0
0.3318408131599426 0
0.2120385468006134 0
0.42246514558792114 0
0.5586912631988525 1
9.291371679864824e-05 0
0.17954647541046143 0
0.36123818159103394 0
0.006301043555140495 0
0.6701189875602722 1
0.024378247559070587 0
0.2653905749320984 0
0.3308295011520386 0
0.019278869032859802 0
0.9598387479782104 1
0.2155843824148178 0
0.11487449705600739 0
0.641521155834198 0
0.022704383358359337 0
0.38896381855010986 1
0.3337361812591553 0
0.33347517251968384 0
0.36604249477386475 0
0.3076542317867279 0
0.6421065330505371 1
0.300603449344635 0
0.3403084874153137 0
0.33431920409202576 0
0.3585389256477356 0
0.5810733437538147 1
0.11521203815937042 0
0.3335789144039154 0
0.11342865228652954 0
0.19576212763786316 0
0.6586644649505615 1
0.22088788449764252 0
0.5642093420028687 0
0.0066498927772045135 0
0.020412283018231392 0
0.36662548780441284 1
0.32892847061157227 0
0.3345757722854614 0
0.3184833824634552 0
0.03450600802898407 0
0.8608450889587402 1
0.6844028830528259 0
0.8422378897666931 0
0.6624003648757935 0
0.4578108489513397 0
0.40118831396102905 1
0.3222983479499817 0
0.2724938690662384 0
0.3515074849128723 0
0.08099982887506485 0
0.6661661267280579 1
0.0697176456451416 0
0.4345967471599579 0
0.33200395107269287 0
0.18312983214855194 0
0.5662455558776855 1
0.07282774895429611 0
0.6439982652664185 0
0.2627786695957184 0
0.12470512837171555 0
0.33486098051071167 1
0.09861347079277039 0
0.010305509902536869 0
0.16030578315258026 0
0.00014287055819295347 0
0.6349884867668152 1
0.012293584644794464 0
0.1072813868522644 0
0.33030736446380615 0
0.012820445001125336 0
0.7024977207183838 1
0.18093931674957275 0
0.4931432008743286 0
0.6285076141357422 0
0.0033369092270731926 0
