0.04278188198804855 1
0.573442816734314 1
0.28393980860710144 1
0.6026523113250732 1
0.15611319243907928 1
0.5222024321556091 1
0.7073277235031128 1
0.001971055520698428 1
0.5740987658500671 1
0.22032791376113892 1
0.408294141292572 1
0.14285904169082642 1
0.5919751524925232 1
0.5551989078521729 1
0.930241048336029 1
0.3439357280731201 1
0.004468946717679501 1
0.5988712310791016 1
0.051307812333106995 1
0.7800211906433105 1
0.3237082064151764 1
0.6637563705444336 1
0.9231226444244385 1
0.005581834819167852 0
0.0035992851480841637 0
0.7210819721221924 0
0.0025064130313694477 0
0.21190378069877625 0
0.29248046875 0
0.0005517427925951779 0
0.004034298472106457 0
0.29911696910858154 0
0.028181903064250946 0
0.15923413634300232 0
0.8184067010879517 0
0.0001762027241056785 0
0.0012967543443664908 0
0.6524965763092041 0
0.0020122183486819267 0
0.00012680749932769686 0
0.3186107873916626 0
0.0027329367585480213 0
0.0002830743324011564 0
0.6590743064880371 0
0.07306338846683502 0
0.004520609974861145 0
0.3350202739238739 0
0.0032458039931952953 0
0.04395435005426407 0
0.3503294885158539 0
0.004176019225269556 0
0.00129682756960392 0
0.33397871255874634 0
0.013726487755775452 0
0.03983524814248085 0
0.32711848616600037 0
0.007828013971447945 0
0.022632135078310966 0
0.3493741750717163 0
0.024551022797822952 0
0.0034384054597467184 0
0.3250159025192261 0
0.0010909049306064844 0
0.042885225266218185 0
0.4260517358779907 0
0.11807131767272949 0
0.006938304752111435 0
0.6003152132034302 0
0.0026603909209370613 0
0.0014586362522095442 0
0.3586021363735199 0
0.20684853196144104 0
0.1366143524646759 0
0.3761024475097656 0
0.00020595329988282174 0
0.030058225616812706 0
0.3820290267467499 0
0.0016828601947054267 0
0.007615426555275917 0
0.5939003229141235 0
0.17187640070915222 0
0.021824143826961517 0
0.6567635536193848 0
0.04187105596065521 0
0.07678312808275223 0
0.4747123420238495 0
0.008368756622076035 0
0.012997478246688843 0
0.6215471029281616 0
0.08665242791175842 0
0.0015596639132127166 0
0.6744999885559082 0
0.7028603553771973 1
0.7967857718467712 1
0.6176108717918396 1
0.7078115344047546 1
0.8019636869430542 1
0.9357604384422302 1
0.9065994024276733 1
0.9338886141777039 1
0.7213653922080994 1
0.5041905641555786 1
0.685511589050293 1
0.8257591128349304 1
0.48485374450683594 1
0.5389751195907593 1
0.6263130903244019 1
0.32792502641677856 1
0.7165155410766602 1
0.45081454515457153 1
0.6508074998855591 1
0.47988808155059814 1
0.6967862844467163 1
0.6643316745758057 1
0.6305339336395264 1
