0.1667400598526001 1
0.6400340795516968 1
0.20339153707027435 1
0.11397045105695724 1
0.0019224653951823711 1
0.3139309883117676 1
0.7672238349914551 1
0.018550589680671692 1
0.40109455585479736 1
0.17491434514522552 1
0.3995457589626312 1
0.15368397533893585 1
0.481862872838974 1
0.6472150683403015 1
0.9443740844726562 1
0.30541059374809265 1
0.003014642745256424 1
0.5971421003341675 1
0.20848646759986877 1
0.7196643352508545 1
0.23972764611244202 1
0.6036989688873291 1
0.8343035578727722 1
0.009023481979966164 0
0.001350562321022153 0
0.5362502336502075 0
0.0013038048055022955 0
0.07046808302402496 0
0.25345033407211304 0
0.0010345318587496877 0
0.003889481071382761 0
0.30222243070602417 0
0.03999721631407738 0
0.05241675302386284 0
0.8473812937736511 0
4.774038097821176e-05 0
0.0002273256832268089 0
0.6234051585197449 0
0.0015875239623710513 0
0.00011501427798066288 0
0.32878294587135315 0
0.000570091768167913 0
0.021606704220175743 0
0.6039888858795166 0
0.012631597928702831 0
0.004104819614440203 0
0.34148654341697693 0
0.001824558130465448 0
0.02822512947022915 0
0.4115533232688904 0
0.0008095729863271117 0
0.006437600590288639 0
0.3298282027244568 0
0.0034736793022602797 0
0.014494064263999462 0
0.3356020152568817 0
0.0033125602640211582 0
0.020551687106490135 0
0.338141530752182 0
0.004800800699740648 0
0.004081382881850004 0
0.3220518231391907 0
0.00038601941196247935 0
0.011108658276498318 0
0.37474513053894043 0
0.04214174672961235 0
0.002393463160842657 0
0.4576449394226074 0
0.0013521963264793158 0
0.001367593533359468 0
0.3304717242717743 0
0.006507180165499449 0
0.04461948201060295 0
0.4005511701107025 0
0.00013981704250909388 0
0.014292111620306969 0
0.37195703387260437 0
0.00039432544144801795 0
0.003205715212970972 0
0.4132630228996277 0
0.002235586289316416 0
0.007393829058855772 0
0.6492459774017334 0
0.013942521065473557 0
0.028033249080181122 0
0.5431375503540039 0
0.002267909701913595 0
0.0028860324528068304 0
0.5980110168457031 0
0.04125409573316574 0
0.0011344188824295998 0
0.6907023787498474 0
0.6792935132980347 1
0.8021239638328552 1
0.5345586538314819 1
0.7031487822532654 1
0.7604631185531616 1
0.9094213247299194 1
0.8205606341362 1
0.9363829493522644 1
0.7829124927520752 1
0.33741495013237 1
0.6875254511833191 1
0.7368459701538086 1
0.38626599311828613 1
0.3916877508163452 1
0.5208921432495117 1
0.3575092554092407 1
0.7532913088798523 1
0.4058822989463806 1
0.4798837900161743 1
0.32348376512527466 1
0.6073369979858398 1
0.6475220918655396 1
0.4935290217399597 1
