0.23128120601177216 1
0.5547903180122375 1
0.26777783036231995 1
0.41035979986190796 1
0.019944407045841217 1
0.33500203490257263 1
0.6925715804100037 1
0.006629783660173416 1
0.6525276899337769 1
0.2464180290699005 1
0.34119510650634766 1
0.1857166290283203 1
0.5581114292144775 1
0.6788718700408936 1
0.9692947268486023 1
0.28837335109710693 1
0.026094332337379456 1
0.643704891204834 1
0.076722651720047 1
0.9049773216247559 1
0.2787952423095703 1
0.48865336179733276 1
0.7032413482666016 1
0.00501948781311512 0
0.0005134755047038198 0
0.43021100759506226 0
0.00036449439357966185 0
0.02703792229294777 0
0.3090706467628479 0
0.00022202098625712097 0
0.0007507407572120428 0
0.23585200309753418 0
0.00853019393980503 0
0.03369688242673874 0
0.7130351066589355 0
5.445837086881511e-05 0
0.00020036459318362176 0
0.49997180700302124 0
0.001014442415907979 0
0.00016363161557819694 0
0.4099406599998474 0
0.00012318884546402842 0
0.0002877126098610461 0
0.5446374416351318 0
0.0038663994055241346 0
0.0035420446656644344 0
0.3356577754020691 0
0.0013621201505884528 0
0.023469284176826477 0
0.3086775243282318 0
0.004280277993530035 0
0.0045813568867743015 0
0.3311693072319031 0
0.004177688620984554 0
0.0077833449468016624 0
0.32398098707199097 0
0.001988336443901062 0
0.007148001343011856 0
0.334883451461792 0
0.004654067102819681 0
0.0018513131653890014 0
0.3148263096809387 0
0.0004968592547811568 0
0.005564072635024786 0
0.33629125356674194 0
0.01696913316845894 0
0.0016930158017203212 0
0.3612578511238098 0
0.0028235088102519512 0
0.0005575551185756922 0
0.31206947565078735 0
0.004711850546300411 0
0.006059842184185982 0
0.3446648120880127 0
0.00019360936130397022 0
0.017384856939315796 0
0.3274056911468506 0
0.0009579821489751339 0
0.001996608916670084 0
0.36037060618400574 0
0.03384139761328697 0
0.011232346296310425 0
0.5602325201034546 0
0.02321242354810238 0
0.013034052215516567 0
0.34626734256744385 0
0.0011371379951015115 0
0.0021930858492851257 0
0.6162734031677246 0
0.0694570243358612 0
0.0004974846378900111 0
0.66683030128479 0
0.6830202341079712 1
0.8287568092346191 1
0.573361873626709 1
0.7048068046569824 1
0.6903258562088013 1
0.8905501365661621 1
0.8930694460868835 1
0.9239869117736816 1
0.8403582572937012 1
0.34340986609458923 1
0.4565242528915405 1
0.7424432039260864 1
0.36008965969085693 1
0.3640945851802826 1
0.3870963752269745 1
0.30622386932373047 1
0.7564622163772583 1
0.33435648679733276 1
0.3039476275444031 1
0.3041197657585144 1
0.5683544874191284 1
0.6107054948806763 1
0.55967116355896 1
