0.005521673709154129 1
0.32265985012054443 1
0.06260190904140472 1
0.3214859962463379 1
0.03785108029842377 1
0.09932344406843185 1
0.5362926721572876 1
0.0004786773060914129 1
0.41677600145339966 1
0.006885298527777195 1
0.3188247084617615 1
0.05045712739229202 1
0.13982178270816803 1
0.4230121076107025 1
0.8476666212081909 1
0.25127673149108887 1
0.0004729296488221735 1
0.16304683685302734 1
0.009020378813147545 1
0.34736892580986023 1
0.2657555639743805 1
0.2293839454650879 1
0.6333456039428711 1
0.0015368524473160505 0
0.0011687681544572115 0
0.5299437046051025 0
0.0009251063456758857 0
0.0496167317032814 0
0.27519580721855164 0
0.0005789476563222706 0
0.001389967743307352 0
0.27797794342041016 0
0.0028753899969160557 0
0.05460426211357117 0
0.6862491965293884 0
0.00010227262828266248 0
0.0005474465433508158 0
0.7440775632858276 0
0.0015130273532122374 0
0.0003632558509707451 0
0.6343674659729004 0
0.00044911442091688514 0
0.004270556382834911 0
0.6335016489028931 0
0.011746861040592194 0
0.0054815951734781265 0
0.37506723403930664 0
0.0008191460510715842 0
0.024932797998189926 0
0.40510720014572144 0
0.0011834295000880957 0
0.006017111241817474 0
0.32103174924850464 0
0.00238427659496665 0
0.00732841482385993 0
0.3110240399837494 0
0.001986169721931219 0
0.010132125578820705 0
0.3593219518661499 0
0.0016879754839465022 0
0.006048159208148718 0
0.3338073194026947 0
0.0013406476937234402 0
0.020356470718979836 0
0.2685752809047699 0
0.034104496240615845 0
0.008809277787804604 0
0.4061994254589081 0
0.0020858789794147015 0
0.0049057286232709885 0
0.3217960298061371 0
0.003679074812680483 0
0.021386492997407913 0
0.44964516162872314 0
0.0003637635090854019 0
0.025701342150568962 0
0.4154019057750702 0
0.00020835301256738603 0
0.00378234195522964 0
0.365322470664978 0
0.002155301393941045 0
0.005114321131259203 0
0.5293283462524414 0
0.002989961765706539 0
0.021573439240455627 0
0.3019171357154846 0
0.0038654105737805367 0
0.007765503134578466 0
0.45928674936294556 0
0.04665942117571831 0
0.0016765649197623134 0
0.6982038021087646 0
0.7033311128616333 1
0.8597098588943481 1
0.21704617142677307 1
0.679503321647644 1
0.7604386210441589 1
0.8536618947982788 1
0.8705066442489624 1
0.8755165338516235 1
0.798136830329895 1
0.3214447498321533 1
0.5762741565704346 1
0.8786019086837769 1
0.33062392473220825 1
0.3765062689781189 1
0.37521398067474365 1
0.2941969633102417 1
0.7496971487998962 1
0.3332580327987671 1
0.36055630445480347 1
0.2787349224090576 1
0.5831393003463745 1
0.6719974279403687 1
0.6015174388885498 1
