0.21984069049358368 1
0.6433072090148926 1
0.2380194067955017 1
0.4635353982448578 1
0.1650136411190033 1
0.5475593209266663 1
0.9234635829925537 1
0.008311502635478973 1
0.6873649954795837 1
0.3200571835041046 1
0.3748311698436737 1
0.2766475975513458 1
0.5551319122314453 1
0.6620461344718933 1
0.9680561423301697 1
0.31280040740966797 1
0.003057166701182723 1
0.6191133260726929 1
0.0731506422162056 1
0.7347692847251892 1
0.3452141284942627 1
0.7306773066520691 1
0.7660669684410095 1
0.003096105298027396 0
0.0013700611889362335 0
0.45835837721824646 0
0.0018446360481902957 0
0.09695132076740265 0
0.3093867301940918 0
0.0008661467581987381 0
0.0018731955206021667 0
0.25543445348739624 0
0.05223098397254944 0
0.026560304686427116 0
0.7701159715652466 0
6.664101965725422e-05 0
0.0006337508093565702 0
0.6475979089736938 0
0.00144490459933877 0
0.00012644138769246638 0
0.31232091784477234 0
0.0009565151995047927 0
0.005839669611304998 0
0.3403943181037903 0
0.02550594136118889 0
0.004915421828627586 0
0.3342307209968567 0
0.0030222672503441572 0
0.01381172426044941 0
0.32783031463623047 0
0.0016386996721848845 0
0.0012733129551634192 0
0.3299425542354584 0
0.008716409094631672 0
0.010559415444731712 0
0.3321057856082916 0
0.005594548769295216 0
0.009983271360397339 0
0.3369090259075165 0
0.01128915324807167 0
0.0031370562501251698 0
0.3216487467288971 0
0.00156316754873842 0
0.013564255088567734 0
0.32360219955444336 0
0.06044342368841171 0
0.0025702298153191805 0
0.35120677947998047 0
0.0023306780494749546 0
0.0015163117786869407 0
0.3296913504600525 0
0.0010633100755512714 0
0.019591068848967552 0
0.3486054837703705 0
0.000806520925834775 0
0.010961892083287239 0
0.3534122705459595 0
0.00040189336868934333 0
0.005108616780489683 0
0.3424733281135559 0
0.006059913896024227 0
0.026703109964728355 0
0.5581904649734497 0
0.007367763202637434 0
0.03631291165947914 0
0.31232696771621704 0
0.002243602182716131 0
0.0038827424868941307 0
0.5886263251304626 0
0.020374231040477753 0
0.000573572819121182 0
0.5308372974395752 0
0.7181665301322937 1
0.8109843134880066 1
0.42575615644454956 1
0.7120725512504578 1
0.7293570041656494 1
0.8563226461410522 1
0.8914914131164551 1
0.8421167135238647 1
0.8056983947753906 1
0.32978811860084534 1
0.4904816150665283 1
0.8172899484634399 1
0.3743590712547302 1
0.3829578757286072 1
0.3361777663230896 1
0.35199928283691406 1
0.8149398565292358 1
0.27900445461273193 1
0.36879223585128784 1
0.33005183935165405 1
0.39284199476242065 1
0.524919867515564 1
0.5427505373954773 1
