0.30633753538131714 1
0.430858314037323 1
0.10258125513792038 1
0.3010423481464386 1
0.07989419251680374 1
0.1710464060306549 1
0.26070356369018555 1
0.03913306072354317 1
0.2691405713558197 1
0.15161795914173126 1
0.31225085258483887 1
0.0977264866232872 1
0.2540607452392578 1
0.22905120253562927 1
0.3485092520713806 1
0.2320193648338318 1
0.050947174429893494 1
0.12930023670196533 1
0.1841578483581543 1
0.25517556071281433 1
0.19519636034965515 1
0.18142735958099365 1
0.38739752769470215 1
0.03132146969437599 0
0.035777583718299866 0
0.4678168296813965 0
0.020836612209677696 0
0.12350006401538849 0
0.30037209391593933 0
0.018652189522981644 0
0.006321543361991644 0
0.10600312799215317 0
0.11733334511518478 0
0.05041699856519699 0
0.517595648765564 0
0.018384944647550583 0
0.022833673283457756 0
0.34094056487083435 0
0.01524960808455944 0
0.008511831983923912 0
0.5175779461860657 0
0.015188436023890972 0
0.08020355552434921 0
0.4006006121635437 0
0.09239377826452255 0
0.04129970073699951 0
0.2913662791252136 0
0.010065874084830284 0
0.029958710074424744 0
0.3636743724346161 0
0.020069001242518425 0
0.024326108396053314 0
0.2178666591644287 0
0.030080389231443405 0
0.04480590671300888 0
0.2561865746974945 0
0.15462356805801392 0
0.1464848816394806 0
0.4691081643104553 0
0.10004036873579025 0
0.09272882342338562 0
0.5297833681106567 0
0.015413761138916016 0
0.05878877639770508 0
0.20124267041683197 0
0.11525564640760422 0
0.12358792871236801 0
0.4564434289932251 0
0.07398450374603271 0
0.07136424630880356 0
0.46157121658325195 0
0.08123955875635147 0
0.16409340500831604 0
0.39218518137931824 0
0.009135762229561806 0
0.05587562918663025 0
0.3653753995895386 0
0.02693409100174904 0
0.039461199194192886 0
0.3639169931411743 0
0.045297231525182724 0
0.02888825163245201 0
0.3309292197227478 0
0.04100222885608673 0
0.1039675772190094 0
0.23316040635108948 0
0.06460157781839371 0
0.05382872372865677 0
0.5310534834861755 0
0.15384316444396973 0
0.06244909390807152 0
0.6541683673858643 0
0.6154059171676636 1
0.4883328080177307 1
0.2834242582321167 1
0.4974285364151001 1
0.589213490486145 1
0.6617592573165894 1
0.6743600368499756 1
0.7749898433685303 1
0.6514787077903748 1
0.4685162901878357 1
0.45145174860954285 1
0.6429946422576904 1
0.4178192615509033 1
0.32995855808258057 1
0.5171517729759216 1
0.29602861404418945 1
0.5365473628044128 1
0.34460777044296265 1
0.3985179662704468 1
0.3528392016887665 1
0.5253931879997253 1
0.4711723029613495 1
0.3657045066356659 1
