0.6723097562789917 1
0.3143494427204132 0
0.33344146609306335 0
0.22897973656654358 0
0.4681943356990814 0
0.5991082787513733 1
0.22876295447349548 0
0.312265008687973 0
0.2831043601036072 0
0.6083490252494812 0
0.48532792925834656 1
0.3258059620857239 0
0.3399505317211151 0
0.33238181471824646 0
0.32234853506088257 0
0.7977744340896606 1
0.5305469036102295 0
0.5804075002670288 0
0.25863760709762573 0
0.5361089706420898 0
0.7916222810745239 1
0.6075757741928101 0
0.7579786777496338 0
0.36356037855148315 0
0.649693489074707 0
0.8629931807518005 1
0.6119612455368042 0
0.5787792205810547 0
0.35534390807151794 0
0.6689183115959167 0
0.6114600896835327 1
0.7264859080314636 0
0.9220461845397949 0
0.31997793912887573 0
0.4727993607521057 0
0.6311807632446289 1
0.7164086103439331 0
0.3322615325450897 0
0.3334467113018036 0
0.5480934381484985 0
0.3493628203868866 1
0.7398421168327332 0
0.8955842852592468 0
0.32061856985092163 0
0.3701556921005249 0
0.8763737678527832 1
0.2104080617427826 0
0.2761327624320984 0
0.2567882537841797 0
0.6116141080856323 0
0.9047223925590515 1
0.16165614128112793 0
0.06147804111242294 0
0.3915615677833557 0
0.4899885654449463 0
0.8266620635986328 1
0.3073520064353943 0
0.32980018854141235 0
0.37461745738983154 0
0.7083331942558289 0
0.8390127420425415 1
0.4492577016353607 0
0.33961063623428345 0
0.18032114207744598 0
0.3645021319389343 0
0.686957836151123 1
0.9683889150619507 0
0.9311692714691162 0
0.3441038727760315 0
0.7814552783966064 0
0.6782639026641846 1
0.3339139223098755 0
0.3428132236003876 0
0.35017499327659607 0
0.6376681327819824 0
0.6900150179862976 1
0.3372756242752075 0
0.6613156795501709 0
0.2832118272781372 0
0.4570750594139099 0
0.7556324005126953 1
0.6603103876113892 0
0.6615800857543945 0
0.8885120153427124 0
0.6932080984115601 0
0.7926291227340698 1
0.2806679606437683 0
0.6628572940826416 0
0.6113320589065552 0
0.6738998293876648 0
0.6550085544586182 1
0.004768982529640198 0
0.1873902678489685 0
0.45977604389190674 0
0.34935328364372253 0
0.58771812915802 1
0.026254838332533836 0
0.31152573227882385 0
0.1100354939699173 0
0.30757349729537964 0
0.5066705346107483 1
0.06605693697929382 0
0.33436840772628784 0
0.08806218951940536 0
0.1783435195684433 0
0.6684219241142273 1
0.4904240071773529 0
0.7017418742179871 0
0.5710929036140442 0
0.10029551386833191 0
0.667669415473938 1
0.3028714954853058 0
0.668298602104187 0
0.21288608014583588 0
0.35514649748802185 0
0.5677382946014404 1
0.38065844774246216 0
0.655976414680481 0
0.10605713725090027 0
0.09384724497795105 0
0.6642941236495972 1
0.5547595620155334 0
0.9119446277618408 0
0.641280472278595 0
0.4103729724884033 0
0.5466513633728027 1
0.2576071321964264 0
0.8368926048278809 0
0.6124176979064941 0
0.638572096824646 0
0.3551165759563446 1
0.8069652915000916 0
0.9163181781768799 0
0.35187429189682007 0
0.5954164862632751 0
0.6347339749336243 1
0.08856445550918579 0
0.483736515045166 0
0.6207790374755859 0
0.6663488745689392 0
0.6669765710830688 1
0.2418552041053772 0
0.3355409502983093 0
0.39969396591186523 0
0.6199060082435608 0
0.6147145628929138 1
0.0317690372467041 0
0.310333251953125 0
0.26787203550338745 0
0.5100109577178955 0
0.683682382106781 1
0.3686388432979584 0
0.6114640235900879 0
0.057706259191036224 0
0.47346973419189453 0
0.6743898391723633 1
0.36682945489883423 0
0.6367303729057312 0
0.14241831004619598 0
0.008885577321052551 0
0.6669172644615173 1
0.36191844940185547 0
0.4702940583229065 0
0.016597546637058258 0
0.1434529423713684 0
0.6518282890319824 1
0.13765782117843628 0
0.506628155708313 0
0.3782530725002289 0
0.09096281230449677 0
0.6531287431716919 1
0.011011069640517235 0
0.14987632632255554 0
0.06837797909975052 0
0.08285845816135406 0
0.4893971085548401 1
0.05998125672340393 0
0.1971723735332489 0
0.00265765143558383 0
0.0337841659784317 0
0.396340012550354 1
0.1697091907262802 0
0.3049168884754181 0
0.3258245587348938 0
0.01868521235883236 0
0.40137407183647156 1
0.2521805763244629 0
0.3281978666782379 0
0.3453967273235321 0
0.3427142798900604 0
0.322454571723938 1
0.24717435240745544 0
0.331743448972702 0
0.15128129720687866 0
0.3221360445022583 0
0.3728884160518646 1
0.006178112700581551 0
0.20803076028823853 0
0.29961735010147095 0
0.006037835031747818 0
0.48574841022491455 1
0.026765553280711174 0
0.15256032347679138 0
0.28462857007980347 0
0.06873936951160431 0
0.5848583579063416 1
0.024612896144390106 0
0.30912697315216064 0
0.13783931732177734 0
0.19156663119792938 0
0.7726140022277832 1
0.6337570548057556 0
0.644267737865448 0
0.6126604676246643 0
0.04229928180575371 0
0.7362527847290039 1
0.5566895008087158 0
0.5260443091392517 0
0.34030529856681824 0
0.5778024196624756 0
0.7384371161460876 1
0.3912058472633362 0
0.3464721143245697 0
0.0679038017988205 0
0.22386567294597626 0
0.6648339033126831 1
0.20586180686950684 0
0.37124723196029663 0
0.49933820962905884 0
0.004527215845882893 0
0.699790358543396 1
0.3765438497066498 0
0.5964431166648865 0
0.33450186252593994 0
0.016449447721242905 0
0.72807377576828 1
0.5991429686546326 0
0.7968820929527283 0
0.6275008320808411 0
0.09420140087604523 0
0.33389243483543396 1
0.5712841749191284 0
0.5661910772323608 0
0.5409538149833679 0
0.6213932037353516 0
0.39648720622062683 1
0.5902582406997681 0
0.821173906326294 0
0.3183407187461853 0
0.4689013659954071 0
0.4795130491256714 1
0.594830334186554 0
0.8452715873718262 0
0.20127879083156586 0
0.1842641681432724 0
0.4831647276878357 1
0.6553245782852173 0
0.811357855796814 0
0.5776987671852112 0
0.25863778591156006 0
0.3925777077674866 1
0.6092509031295776 0
0.7684561014175415 0
0.2959263324737549 0
0.13580241799354553 0
0.5868017673492432 1
0.5996328592300415 0
0.7927364706993103 0
0.31460148096084595 0
0.6793684959411621 0
0.6688123941421509 1
0.1674930304288864 0
0.3238353133201599 0
0.604051947593689 0
0.04910903424024582 0
0.6641615629196167 1
0.28833067417144775 0
0.3336864113807678 0
0.28481435775756836 0
0.6493226289749146 0
0.9368325471878052 1
0.05315751954913139 0
0.2533533275127411 0
0.23973816633224487 0
0.480337917804718 0
0.5888789296150208 1
0.0008885059505701065 0
0.27466168999671936 0
0.5607790350914001 0
0.011134115979075432 0
0.6723647117614746 1
0.061174508184194565 0
0.30419933795928955 0
0.4441315829753876 0
0.06773987412452698 0
0.8953205943107605 1
0.30639970302581787 0
0.2363310307264328 0
0.5569693446159363 0
0.19306129217147827 0
0.5939148664474487 1
0.40853172540664673 0
0.3346204459667206 0
0.6242803335189819 0
0.290975958108902 0
0.603551983833313 1
0.4254622161388397 0
0.3411334455013275 0
0.3111785352230072 0
0.5308144688606262 0
0.5418808460235596 1
0.07811600714921951 0
0.3283507525920868 0
0.04714096337556839 0
0.2195340394973755 0
0.6737653017044067 1
0.3483734726905823 0
0.6166344285011292 0
0.03206763416528702 0
0.010277403518557549 0
0.5286803245544434 1
0.3278237581253052 0
0.36686694622039795 0
0.3293609023094177 0
0.10741864889860153 0
0.7073742747306824 1
0.6624860763549805 0
0.9023456573486328 0
0.6623140573501587 0
0.35141584277153015 0
0.6390877366065979 1
0.1339825689792633 0
0.17450623214244843 0
0.378096342086792 0
0.017484799027442932 0
0.6680609583854675 1
0.057022929191589355 0
0.4761962592601776 0
0.3391197621822357 0
0.3391459882259369 0
0.1680755615234375 1
0.028862638399004936 0
0.6728565096855164 0
0.08123348653316498 0
0.1725233793258667 0
0.5229686498641968 1
0.014454505406320095 0
0.110249362885952 0
0.1650446206331253 0
0.00010319978900952265 0
0.6786676645278931 1
0.04733368009328842 0
0.20765170454978943 0
0.2838122546672821 0
0.02249930612742901 0
0.5728238821029663 1
0.14235150814056396 0
0.6088570356369019 0
0.5002552270889282 0
0.20657065510749817 0
