0.48733800649642944 1
0.5891849398612976 1
0.18133412301540375 1
0.4515396058559418 1
0.04047039896249771 1
0.5698354244232178 1
0.6815503835678101 1
0.02041497640311718 1
0.6640827059745789 1
0.2934706211090088 1
0.36924442648887634 1
0.4892255663871765 1
0.5520538687705994 1
0.6741373538970947 1
0.9718825221061707 1
0.6662636995315552 1
0.00915228109806776 1
0.6524611711502075 1
0.1030777245759964 1
0.8542065620422363 1
0.3549492061138153 1
0.5083544254302979 1
0.9297070503234863 1
0.0066707562655210495 0
0.002171269850805402 0
0.6647508144378662 0
0.0011987218167632818 0
0.13439008593559265 0
0.28659313917160034 0
0.0008552802028134465 0
0.004171339794993401 0
0.307682603597641 0
0.011525953188538551 0
0.18096908926963806 0
0.8473337888717651 0
0.00011213657853659242 0
0.00016216227959375829 0
0.6463371515274048 0
0.002162037417292595 0
0.00012822734424844384 0
0.3942684829235077 0
0.0008127562468871474 0
0.007275857962667942 0
0.5256370902061462 0
0.1345079243183136 0
0.006598384119570255 0
0.3369916081428528 0
0.005519288592040539 0
0.012734254822134972 0
0.3814167380332947 0
0.0034088632091879845 0
0.005922024138271809 0
0.3289843201637268 0
0.01479922141879797 0
0.013231332413852215 0
0.32585543394088745 0
0.010363195091485977 0
0.02453424409031868 0
0.33871304988861084 0
0.012110604904592037 0
0.004087305627763271 0
0.3464776873588562 0
0.0008453367045149207 0
0.016119254752993584 0
0.33827707171440125 0
0.042663052678108215 0
0.0028492151759564877 0
0.5082956552505493 0
0.004411847796291113 0
0.004545262083411217 0
0.39900729060173035 0
0.007223315071314573 0
0.003304306883364916 0
0.43999630212783813 0
0.00032053509494289756 0
0.046178728342056274 0
0.41234272718429565 0
0.0014079231768846512 0
0.007386471144855022 0
0.5368385910987854 0
0.03668411821126938 0
0.06760942190885544 0
0.5717248916625977 0
0.07955358177423477 0
0.02988237887620926 0
0.4022566080093384 0
0.007140479050576687 0
0.0043041580356657505 0
0.6722680330276489 0
0.11424057930707932 0
0.0007527167326770723 0
0.6947433352470398 0
0.7040138244628906 1
0.8580880165100098 1
0.6094845533370972 1
0.7110060453414917 1
0.7519479990005493 1
0.941584587097168 1
0.9129638075828552 1
0.9737009406089783 1
0.8414925932884216 1
0.3582087755203247 1
0.6642695069313049 1
0.8012062311172485 1
0.43355855345726013 1
0.5227178335189819 1
0.5129310488700867 1
0.30244654417037964 1
0.9006478786468506 1
0.45555031299591064 1
0.43830406665802 1
0.3649880588054657 1
0.67791748046875 1
0.6057419776916504 1
0.6120134592056274 1
