0.10744109004735947 1
0.5373451113700867 1
0.25268280506134033 1
0.7476723194122314 1
0.03214535489678383 1
0.40852928161621094 1
0.7458446025848389 1
0.024458950385451317 1
0.6347088813781738 1
0.08149540424346924 1
0.4060683250427246 1
0.4072277545928955 1
0.465731143951416 1
0.6395299434661865 1
0.9697510004043579 1
0.35970112681388855 1
0.00035335979191586375 1
0.6053670644760132 1
0.08612291514873505 1
0.9211289286613464 1
0.3293148875236511 1
0.5420935153961182 1
0.8368613719940186 1
0.009151825681328773 0
0.002625824883580208 0
0.712213933467865 0
0.0014392220182344317 0
0.2451692670583725 0
0.31502944231033325 0
0.0016687014140188694 0
0.0029282167088240385 0
0.3129385709762573 0
0.049467261880636215 0
0.12623578310012817 0
0.8561365008354187 0
0.00015416377573274076 0
0.0029556758236140013 0
0.7123720645904541 0
0.006755606271326542 0
0.0003013414388988167 0
0.6694280505180359 0
0.0005995591636747122 0
0.0003568193642422557 0
0.6381186246871948 0
0.06013883650302887 0
0.013303576037287712 0
0.33625221252441406 0
0.0035971857141703367 0
0.020477192476391792 0
0.4718208312988281 0
0.0020489601884037256 0
0.009634489193558693 0
0.3340890109539032 0
0.009307242929935455 0
0.013798972591757774 0
0.3275655508041382 0
0.013492586091160774 0
0.05116330087184906 0
0.33850592374801636 0
0.01623738929629326 0
0.014064660295844078 0
0.33262690901756287 0
0.0007208660244941711 0
0.04262135550379753 0
0.3595918118953705 0
0.1681901514530182 0
0.014146856963634491 0
0.5021020174026489 0
0.009645165875554085 0
0.004591977223753929 0
0.39758872985839844 0
0.0663258284330368 0
0.08012469112873077 0
0.6129900217056274 0
0.000756948022171855 0
0.08454428613185883 0
0.4635976254940033 0
0.001645831624045968 0
0.008090060204267502 0
0.4749692678451538 0
0.0522233210504055 0
0.062130242586135864 0
0.6298080682754517 0
0.04087669029831886 0
0.12869417667388916 0
0.5993666648864746 0
0.027198228985071182 0
0.0218817051500082 0
0.665616512298584 0
0.270602285861969 0
0.0033661609049886465 0
0.7243541479110718 0
0.7298259735107422 1
0.8611771464347839 1
0.6355333924293518 1
0.7604044675827026 1
0.7971795797348022 1
0.9317803382873535 1
0.9488703012466431 1
0.9630182981491089 1
0.8104362487792969 1
0.5095481872558594 1
0.614952027797699 1
0.8642010688781738 1
0.42636632919311523 1
0.3727599084377289 1
0.6920933723449707 1
0.34805071353912354 1
0.6898185014724731 1
0.5095356702804565 1
0.5869848728179932 1
0.4323367476463318 1
0.7223963737487793 1
0.7234163284301758 1
0.6515659689903259 1
