0.9999459981918335 1
0.2085781693458557 0
0.3963209092617035 0
0.462540864944458 0
0.9646209478378296 0
0.9721638560295105 1
0.015615830197930336 0
0.4224574565887451 0
0.48260021209716797 0
0.9513493776321411 0
0.9999254941940308 1
0.31538820266723633 0
0.6243759393692017 0
0.9166551828384399 0
0.6501951217651367 0
0.9999691843986511 1
0.8748626112937927 0
0.7842123508453369 0
0.21354693174362183 0
0.9910715818405151 0
0.993583083152771 1
0.43620115518569946 0
0.9798521399497986 0
0.9968971014022827 0
0.9851099252700806 0
0.9999940395355225 1
0.9515180587768555 0
0.9980740547180176 0
0.982703685760498 0
0.9995245337486267 0
0.9982354640960693 1
0.19299088418483734 0
0.8823861479759216 0
0.18120387196540833 0
0.19316399097442627 0
0.9998608827590942 1
0.12720073759555817 0
0.05989491939544678 0
0.07914826273918152 0
0.8136321306228638 0
0.9997972846031189 1
0.5725210905075073 0
0.9318785667419434 0
0.0036071385256946087 0
0.33645424246788025 0
0.9999767541885376 1
0.06875278800725937 0
0.35370609164237976 0
0.12320882081985474 0
0.9995181560516357 0
0.9807952642440796 1
0.3348350524902344 0
0.10016423463821411 0
0.7561039924621582 0
0.9574853777885437 0
0.9991311430931091 1
0.4882621467113495 0
0.39517176151275635 0
0.9675005674362183 0
0.9975985288619995 0
0.9999532103538513 1
0.1315544843673706 0
0.006792513653635979 0
0.754224419593811 0
0.348569393157959 0
0.9996380805969238 1
0.9880104064941406 0
0.999699056148529 0
0.9880445003509521 0
0.9987101554870605 0
0.9999481439590454 1
0.6270005702972412 0
0.05702458322048187 0
0.9770018458366394 0
0.9991470575332642 0
0.9998156428337097 1
0.7793240547180176 0
0.8638272285461426 0
0.6723254919052124 0
0.9571092128753662 0
0.9986178874969482 1
0.4529886245727539 0
0.008035276085138321 0
0.9997683763504028 0
0.9516414999961853 0
0.9999154806137085 1
0.06910289078950882 0
0.13993549346923828 0
0.9481128454208374 0
0.9887582659721375 0
0.9992833137512207 1
0.00010078882769448683 0
0.0005012144101783633 0
0.07756315916776657 0
0.009908361360430717 0
0.9998688101768494 1
0.0002707695821300149 0
0.01660272479057312 0
0.0033614132553339005 0
0.023131517693400383 0
0.9924739599227905 1
0.0026731817051768303 0
0.03479889780282974 0
0.002513628453016281 0
0.037020493298769 0
0.9999663233757019 1
0.01032634824514389 0
0.9845402240753174 0
0.22103027999401093 0
0.00571833923459053 0
0.999360978603363 1
0.014411563985049725 0
0.9206490516662598 0
0.050977401435375214 0
0.01460305880755186 0
0.9995707273483276 1
0.06889206171035767 0
0.9797539710998535 0
0.0029833531007170677 0
0.00903252325952053 0
0.9988226294517517 1
0.011575896292924881 0
0.8302549123764038 0
0.7449566721916199 0
0.07777693122625351 0
0.9998072981834412 1
0.034924544394016266 0
0.9147851467132568 0
0.3982957601547241 0
0.4044737219810486 0
0.6610753536224365 1
0.7146862745285034 0
0.9498802423477173 0
0.027410080656409264 0
0.04718194901943207 0
0.9882272481918335 1
0.0011850930750370026 0
0.024378223344683647 0
0.7069303393363953 0
0.14793360233306885 0
0.9999717473983765 1
0.0050693838857114315 0
0.6716454029083252 0
0.9212478995323181 0
0.06887785345315933 0
0.9970123171806335 1
0.005679180379956961 0
0.025941427797079086 0
0.13964149355888367 0
0.15749157965183258 0
0.9999684691429138 1
0.00547984940931201 0
0.25677481293678284 0
0.001413292484357953 0
0.024516474455595016 0
0.9998947978019714 1
0.025141483172774315 0
0.24127939343452454 0
0.047713302075862885 0
0.0004069387214258313 0
0.9999345541000366 1
0.019831251353025436 0
0.27377432584762573 0
0.0006237815832719207 0
0.009066352620720863 0
0.9721829891204834 1
0.0012356906663626432 0
0.02483256533741951 0
0.11951800435781479 0
0.01189491804689169 0
0.9996284246444702 1
8.631118544144556e-05 0
0.003801040118560195 0
0.029712077230215073 0
0.04345044493675232 0
0.9630143046379089 1
0.002847266150638461 0
0.02369445376098156 0
0.000782724586315453 0
0.00234412238933146 0
0.9996599555015564 1
0.015229376964271069 0
0.762627124786377 0
0.9151963591575623 0
0.0017350309062749147 0
0.997485339641571 1
0.004619133658707142 0
0.9656853675842285 0
0.9894258975982666 0
0.9498836398124695 0
0.9938230514526367 1
0.9198484420776367 0
0.9757923483848572 0
0.3874910771846771 0
0.9460890293121338 0
0.9962913990020752 1
0.00046887490316294134 0
0.07711310684680939 0
0.42409181594848633 0
0.0008099410915747285 0
0.9986140131950378 1
0.0012186947278678417 0
0.01310497336089611 0
0.2401760071516037 0
0.0004307889030314982 0
0.9982322454452515 1
0.0004561501555144787 0
0.17469868063926697 0
0.07383415102958679 0
0.007819879800081253 0
0.9994494915008545 1
0.8734269142150879 0
0.9999241232872009 0
0.9847124814987183 0
0.0001240092096850276 0
0.9999808669090271 1
0.0718107521533966 0
0.9991639852523804 0
0.928072452545166 0
0.8447579145431519 0
0.9994365572929382 1
0.9850274324417114 0
0.9776592254638672 0
0.6738216876983643 0
0.5384198427200317 0
0.9999752044677734 1
0.0014346138341352344 0
0.3239838480949402 0
0.8643215894699097 0
0.0001931146689457819 0
0.9999780058860779 1
0.009427633136510849 0
0.998637855052948 0
0.9285435676574707 0
0.0004000950139015913 0
0.9987128973007202 1
0.15374162793159485 0
0.9971031546592712 0
0.9700148105621338 0
0.006215497385710478 0
0.9963688850402832 1
0.020025795325636864 0
0.029856419190764427 0
0.6136391162872314 0
0.5546027421951294 0
0.9705841541290283 1
0.4178047180175781 0
0.5744312405586243 0
0.02078021690249443 0
0.46730315685272217 0
0.9836432337760925 1
0.03115110844373703 0
0.558545708656311 0
0.684370756149292 0
0.40643903613090515 0
0.9913382530212402 1
0.16551077365875244 0
0.30388957262039185 0
0.5208183526992798 0
0.0019696347881108522 0
0.9971527457237244 1
0.1046372652053833 0
0.9237160086631775 0
0.04307527095079422 0
0.0005265747895464301 0
0.9988195300102234 1
0.387117862701416 0
0.5108184814453125 0
0.14840981364250183 0
0.9423478841781616 0
0.9990443587303162 1
0.0029038069769740105 0
0.5326725244522095 0
0.9540626406669617 0
0.0027863048017024994 0
0.9660260081291199 1
0.001535638002678752 0
0.9976537227630615 0
0.9875884056091309 0
0.9854030609130859 0
0.9968936443328857 1
0.6326924562454224 0
0.629027247428894 0
0.9419951438903809 0
0.9647327661514282 0
0.9427709579467773 1
0.00017467622819822282 0
0.027660949155688286 0
0.9779195189476013 0
0.0009409838239662349 0
0.9988183975219727 1
0.0016701712738722563 0
0.12010149657726288 0
0.5681188106536865 0
0.0012022280134260654 0
0.9944928884506226 1
0.0005536471726372838 0
0.503238320350647 0
0.4326815605163574 0
0.005267433822154999 0
0.9999874830245972 1
0.8843361735343933 0
0.8754343390464783 0
0.9601961970329285 0
0.02504507265985012 0
0.9999661445617676 1
0.25075051188468933 0
0.6967242956161499 0
0.9835423827171326 0
0.9806373119354248 0
0.9994525909423828 1
0.4061136245727539 0
0.7837232947349548 0
0.34759706258773804 0
0.5311588048934937 0
0.9999179840087891 1
0.005763436667621136 0
0.9319679141044617 0
1.7731101252138615e-05 0
0.00020106291049160063 0
0.9986119270324707 1
0.03152356669306755 0
0.9002341032028198 0
0.11744657158851624 0
0.002199658192694187 0
0.9987777471542358 1
0.636431872844696 0
0.9577013850212097 0
0.9455450773239136 0
0.05168741196393967 0
0.9833216667175293 1
0.002121387515217066 0
0.9422737956047058 0
0.9347115755081177 0
0.000188368750968948 0
0.9995777010917664 1
0.0007182286935858428 0
0.9917507171630859 0
0.9611110687255859 0
0.6829628944396973 0
0.9967929720878601 1
0.4585988223552704 0
0.9975101947784424 0
0.774948239326477 0
0.6655909419059753 0
0.375626802444458 1
0.0004040069761686027 0
0.001705878647044301 0
0.23584941029548645 0
3.897753413184546e-05 0
0.741712212562561 1
0.00026115518994629383 0
0.014219420030713081 0
0.031343284994363785 0
0.00013257545651867986 0
0.9836666584014893 1
0.00920284353196621 0
0.0007727086776867509 0
0.09404568374156952 0
0.0007731888326816261 0
