0.6734359264373779 1
0.3233334422111511 0
0.33267098665237427 0
0.09603708237409592 0
0.46778804063796997 0
0.6762363910675049 1
0.01716107502579689 0
0.3958711326122284 0
0.13957467675209045 0
0.6504422426223755 0
0.6635197401046753 1
0.3241349160671234 0
0.33635446429252625 0
0.2734735906124115 0
0.37186384201049805 0
0.9461377859115601 1
0.5230359435081482 0
0.7796156406402588 0
0.10461382567882538 0
0.5737440586090088 0
0.9158589839935303 1
0.7982117533683777 0
0.9028627872467041 0
0.7368243932723999 0
0.6509092450141907 0
0.9935482740402222 1
0.8968143463134766 0
0.9243380427360535 0
0.4243718385696411 0
0.6243746280670166 0
0.6754648089408875 1
0.4450961947441101 0
0.9512826800346375 0
0.17634515464305878 0
0.25466984510421753 0
0.6716654300689697 1
0.7573549747467041 0
0.401422917842865 0
0.33593234419822693 0
0.6699039340019226 0
0.3750529885292053 1
0.7590988874435425 0
0.9312295913696289 0
0.2919062376022339 0
0.3316813111305237 0
0.9971814155578613 1
0.1541462242603302 0
0.3199402689933777 0
0.03531850501894951 0
0.663806676864624 0
0.9791314005851746 1
0.09911029040813446 0
0.11939039826393127 0
0.5486814975738525 0
0.5855745673179626 0
0.8727799654006958 1
0.300111323595047 0
0.32502856850624084 0
0.4250788688659668 0
0.6525517106056213 0
0.9329690933227539 1
0.3127886652946472 0
0.3374350965023041 0
0.11125071346759796 0
0.22959814965724945 0
0.8984472751617432 1
0.9910874366760254 0
0.9933696985244751 0
0.5581986904144287 0
0.9472367167472839 0
0.7162741422653198 1
0.2734970152378082 0
0.34005260467529297 0
0.3516314625740051 0
0.45344099402427673 0
0.683739423751831 1
0.12054028362035751 0
0.46329575777053833 0
0.23929619789123535 0
0.23560330271720886 0
0.829300045967102 1
0.6655548214912415 0
0.6556639671325684 0
0.9348064661026001 0
0.4683937728404999 0
0.8939938545227051 1
0.15707480907440186 0
0.5401690006256104 0
0.4397943615913391 0
0.5570196509361267 0
0.5932415127754211 1
0.0006501614698208869 0
0.027415111660957336 0
0.15123534202575684 0
0.11161006987094879 0
0.5891847014427185 1
0.011780399829149246 0
0.28629228472709656 0
0.059193626046180725 0
0.14838626980781555 0
0.6399828195571899 1
0.03738138824701309 0
0.2801704406738281 0
0.11884959787130356 0
0.10852240025997162 0
0.6884154677391052 1
0.0775899663567543 0
0.7341691255569458 0
0.3353472352027893 0
0.024915046989917755 0
0.6732271909713745 1
0.12059255689382553 0
0.6479766964912415 0
0.17550908029079437 0
0.09176799654960632 0
0.6504265069961548 1
0.2758685350418091 0
0.6183351874351501 0
0.09991396963596344 0
0.16981670260429382 0
0.6656941175460815 1
0.056186284869909286 0
0.7918537855148315 0
0.6108174324035645 0
0.4892776906490326 0
0.7197903394699097 1
0.034197352826595306 0
0.800152063369751 0
0.5324005484580994 0
0.5921598672866821 0
0.6521456241607666 1
0.10687209665775299 0
0.9080028533935547 0
0.16584482789039612 0
0.32718023657798767 0
0.6431207656860352 1
0.01568046398460865 0
0.21421435475349426 0
0.5404767990112305 0
0.46166056394577026 0
0.6798574924468994 1
0.03873610869050026 0
0.35794728994369507 0
0.3351954221725464 0
0.28258687257766724 0
0.6537984013557434 1
0.0335889533162117 0
0.3552635908126831 0
0.2426811158657074 0
0.30062299966812134 0
0.7805835604667664 1
0.12057723104953766 0
0.39723441004753113 0
0.091395303606987 0
0.27448806166648865 0
0.6693648099899292 1
0.09101219475269318 0
0.3607984483242035 0
0.07046349346637726 0
0.0019687870517373085 0
0.6724940538406372 1
0.17803719639778137 0
0.23412629961967468 0
0.01384061574935913 0
0.08462271094322205 0
0.6000881195068359 1
0.009895444847643375 0
0.06987027823925018 0
0.31623610854148865 0
0.07304774224758148 0
0.5494977235794067 1
0.0021540229208767414 0
0.018084781244397163 0
0.09696223586797714 0
0.010012215003371239 0
0.3479132056236267 1
0.06674519926309586 0
0.14447945356369019 0
0.019301947206258774 0
0.01813354343175888 0
0.3643212914466858 1
0.3225221633911133 0
0.33226943016052246 0
0.33314451575279236 0
0.06374124437570572 0
0.3645716607570648 1
0.13902947306632996 0
0.3358488976955414 0
0.23757833242416382 0
0.33356818556785583 0
0.3679816424846649 1
0.3180641233921051 0
0.3356949985027313 0
0.05978134274482727 0
0.24769559502601624 0
0.3433675765991211 1
0.01672258786857128 0
0.21980592608451843 0
0.31968241930007935 0
0.008400470949709415 0
0.4040200710296631 1
0.03478894755244255 0
0.08516927063465118 0
0.3053029477596283 0
0.050286244601011276 0
0.628667950630188 1
0.018180735409259796 0
0.17447277903556824 0
0.32777249813079834 0
0.2702854871749878 0
0.6898125410079956 1
0.5039650797843933 0
0.6408938765525818 0
0.3505253791809082 0
0.19616982340812683 0
0.8158499598503113 1
0.24844995141029358 0
0.5634212493896484 0
0.37942835688591003 0
0.3658238351345062 0
0.9246844053268433 1
0.3810575008392334 0
0.3896808624267578 0
0.07911267876625061 0
0.1585770547389984 0
0.6681685447692871 1
0.2686179280281067 0
0.32705503702163696 0
0.3066980242729187 0
0.035445332527160645 0
0.6674333810806274 1
0.21663013100624084 0
0.6352936029434204 0
0.33278343081474304 0
0.07350750267505646 0
0.9099361300468445 1
0.6057325601577759 0
0.9045760035514832 0
0.6633442640304565 0
0.11968671530485153 0
0.344051718711853 1
0.1962207406759262 0
0.5041518211364746 0
0.5683251619338989 0
0.4385192394256592 0
0.36871227622032166 1
0.1720435619354248 0
0.49370095133781433 0
0.2753327190876007 0
0.365178644657135 0
0.5463479161262512 1
0.20661823451519012 0
0.9590100049972534 0
0.08575841784477234 0
0.04111102223396301 0
0.42510223388671875 1
0.6492258310317993 0
0.690631628036499 0
0.3755500316619873 0
0.0543561652302742 0
0.3388899266719818 1
0.1424490064382553 0
0.6660374402999878 0
0.27510011196136475 0
0.09497988224029541 0
0.7284655570983887 1
0.5741671919822693 0
0.6677947044372559 0
0.6324082016944885 0
0.6789019107818604 0
0.6655197143554688 1
0.13059616088867188 0
0.2451929748058319 0
0.42031654715538025 0
0.21055392920970917 0
0.6611686944961548 1
0.0038362962659448385 0
0.35920581221580505 0
0.5130689144134521 0
0.5199437141418457 0
0.9732511043548584 1
0.12020938098430634 0
0.3356465697288513 0
0.21828500926494598 0
0.570635199546814 0
0.4284023940563202 1
9.730651800055057e-05 0
0.30153989791870117 0
0.302065372467041 0
0.008011789992451668 0
0.6652324199676514 1
0.04590761661529541 0
0.3028499484062195 0
0.33824944496154785 0
0.013377788476645947 0
0.9721783995628357 1
0.17372950911521912 0
0.09926696121692657 0
0.6297211647033691 0
0.0006819728296250105 0
0.634727954864502 1
0.34554439783096313 0
0.33396339416503906 0
0.3424001634120941 0
0.3059156537055969 0
0.6917946338653564 1
0.32560327649116516 0
0.36090537905693054 0
0.35684734582901 0
0.3707807958126068 0
0.6041703224182129 1
0.1006583571434021 0
0.335527241230011 0
0.062295954674482346 0
0.10481667518615723 0
0.6711313724517822 1
0.3291727602481842 0
0.6531955599784851 0
0.01825978048145771 0
0.05723372846841812 0
0.5523167848587036 1
0.31875544786453247 0
0.3385124206542969 0
0.331703245639801 0
0.007278026081621647 0
0.9089736342430115 1
0.6609936952590942 0
0.867064356803894 0
0.6700053215026855 0
0.27015426754951477 0
0.46243712306022644 1
0.300900936126709 0
0.12498732656240463 0
0.34010598063468933 0
0.07281211018562317 0
0.585223376750946 1
0.024193458259105682 0
0.354178249835968 0
0.29928484559059143 0
0.2290090173482895 0
0.3479465842247009 1
0.06194579601287842 0
0.6466516852378845 0
0.2451213002204895 0
0.1479051411151886 0
0.34637290239334106 1
0.09429819881916046 0
0.008519399911165237 0
0.1390017569065094 0
0.0006021761219017208 0
0.4394936263561249 1
0.007803480606526136 0
0.02888118475675583 0
0.3248523771762848 0
0.01873495802283287 0
0.6314840316772461 1
0.14357808232307434 0
0.2739273011684418 0
0.5858311653137207 0
0.016487514600157738 0
