0.048467785120010376 1
0.46170735359191895 1
0.07591108977794647 1
0.2694656252861023 1
0.13536065816879272 1
0.38359707593917847 1
0.41312432289123535 1
0.015425523743033409 1
0.532464861869812 1
0.26377201080322266 1
0.3519971966743469 1
0.14270830154418945 1
0.5376133918762207 1
0.6419345140457153 1
0.9044081568717957 1
0.3912307918071747 1
0.0022860115859657526 1
0.5431889891624451 1
0.11228467524051666 1
0.6480816006660461 1
0.32032012939453125 1
0.4319804310798645 1
0.7873507738113403 1
0.0071950312703847885 0
0.0008978518890216947 0
0.5241978168487549 0
0.0007484395755454898 0
0.11521382629871368 0
0.2998616695404053 0
0.00032466783886775374 0
0.0015527530340477824 0
0.23083385825157166 0
0.008453751914203167 0
0.020349198952317238 0
0.7044022083282471 0
8.479936514049768e-05 0
0.00039301099604927003 0
0.6360018849372864 0
0.004830962512642145 0
0.0001301846350543201 0
0.3352060317993164 0
0.00029814051231369376 0
0.010355548933148384 0
0.661477267742157 0
0.02572748064994812 0
0.004911338444799185 0
0.338017076253891 0
0.0024476484395563602 0
0.0068646627478301525 0
0.2957252264022827 0
0.0016192484181374311 0
0.001040646224282682 0
0.32858604192733765 0
0.002498757094144821 0
0.007765413261950016 0
0.30863189697265625 0
0.0031873760744929314 0
0.03154104948043823 0
0.33971530199050903 0
0.004095295909792185 0
0.006861282512545586 0
0.33824408054351807 0
0.00024713753373362124 0
0.016749195754528046 0
0.3746269941329956 0
0.04500462859869003 0
0.004427293781191111 0
0.4010389745235443 0
0.0014748190296813846 0
0.0036093327216804028 0
0.36780160665512085 0
0.013805780559778214 0
0.027883101254701614 0
0.46355998516082764 0
0.00034294440411031246 0
0.05910181254148483 0
0.35675477981567383 0
0.0004670298658311367 0
0.004129912704229355 0
0.49243852496147156 0
0.0120733343064785 0
0.010178283788263798 0
0.6371693015098572 0
0.0059012798592448235 0
0.033749327063560486 0
0.3280912935733795 0
0.004496145062148571 0
0.0038999428506940603 0
0.6235425472259521 0
0.12719178199768066 0
0.0023438052739948034 0
0.6837336421012878 0
0.7081093192100525 1
0.8673397302627563 1
0.4485951066017151 1
0.6870455741882324 1
0.7463164329528809 1
0.8381189703941345 1
0.834325909614563 1
0.8733681440353394 1
0.7688579559326172 1
0.38481903076171875 1
0.6386210918426514 1
0.7588255405426025 1
0.39280784130096436 1
0.3165358304977417 1
0.6656901836395264 1
0.36345523595809937 1
0.8683416247367859 1
0.3733243942260742 1
0.4166221022605896 1
0.3302236497402191 1
0.4964331090450287 1
0.6728777289390564 1
0.620434045791626 1
