0.9999821186065674 1
0.2803630232810974 0
0.469297856092453 0
0.38068529963493347 0
0.973261833190918 0
0.9921287894248962 1
0.1348048448562622 0
0.5875853896141052 0
0.6296307444572449 0
0.9937131404876709 0
0.9999472498893738 1
0.34331953525543213 0
0.6664083003997803 0
0.8537468910217285 0
0.4836951494216919 0
0.9999788999557495 1
0.9287465810775757 0
0.9483734965324402 0
0.27286481857299805 0
0.9856294393539429 0
0.9817304015159607 1
0.684249997138977 0
0.9640461802482605 0
0.9968856573104858 0
0.9891165494918823 0
0.9999964237213135 1
0.9813711047172546 0
0.9798537492752075 0
0.9949473738670349 0
0.9993979334831238 0
0.9995900988578796 1
0.30243226885795593 0
0.9546325206756592 0
0.43169674277305603 0
0.4717928171157837 0
0.9998971819877625 1
0.26677727699279785 0
0.0282689668238163 0
0.11924087256193161 0
0.8322448134422302 0
0.9999200701713562 1
0.661555826663971 0
0.9551829099655151 0
0.030970757827162743 0
0.2358504831790924 0
0.9999741911888123 1
0.05654400587081909 0
0.330355167388916 0
0.12453874200582504 0
0.9324995875358582 0
0.996240496635437 1
0.5837608575820923 0
0.213374063372612 0
0.9321267008781433 0
0.980503261089325 0
0.9998506307601929 1
0.48833853006362915 0
0.7725119590759277 0
0.9736093282699585 0
0.9985634684562683 0
0.999996542930603 1
0.20276157557964325 0
0.010614732280373573 0
0.775734543800354 0
0.6789637804031372 0
0.9994850158691406 1
0.9943712949752808 0
0.9999237060546875 0
0.9693486094474792 0
0.9997784495353699 0
0.9999944567680359 1
0.8825869560241699 0
0.1300993263721466 0
0.9940895438194275 0
0.9993888735771179 0
0.9998632669448853 1
0.6744604110717773 0
0.9647061228752136 0
0.558483362197876 0
0.9512633085250854 0
0.9955682754516602 1
0.2477094978094101 0
0.031479284167289734 0
0.9999014735221863 0
0.8934624195098877 0
0.9999327659606934 1
0.08382910490036011 0
0.2026175707578659 0
0.9931014776229858 0
0.9833512306213379 0
0.9994410276412964 1
9.461752779316157e-05 0
0.0006198049522936344 0
0.03950999677181244 0
0.058371804654598236 0
0.9995185732841492 1
0.0003877155832014978 0
0.04287343472242355 0
0.003692018333822489 0
0.025034068152308464 0
0.9795987010002136 1
0.0027732551097869873 0
0.04445111006498337 0
0.0024013540241867304 0
0.02541288733482361 0
0.9999717473983765 1
0.011312007904052734 0
0.990261971950531 0
0.33132126927375793 0
0.007225751876831055 0
0.9996683597564697 1
0.016892481595277786 0
0.9332046508789062 0
0.02780742011964321 0
0.02127458155155182 0
0.9998394846916199 1
0.07276885211467743 0
0.9858249425888062 0
0.0011160485446453094 0
0.00598668958991766 0
0.9995155334472656 1
0.01964694634079933 0
0.889945387840271 0
0.8753786087036133 0
0.08781498670578003 0
0.9998065829277039 1
0.011384375393390656 0
0.8853529691696167 0
0.4302118718624115 0
0.7010680437088013 0
0.9951598048210144 1
0.7717611193656921 0
0.9763578772544861 0
0.034946173429489136 0
0.14390316605567932 0
0.9810786247253418 1
0.0017298234160989523 0
0.032445795834064484 0
0.8530568480491638 0
0.050912708044052124 0
0.9999450445175171 1
0.006921857129782438 0
0.8870588541030884 0
0.8599066734313965 0
0.03867214545607567 0
0.9979066848754883 1
0.003262522630393505 0
0.03472541272640228 0
0.06920331716537476 0
0.0740308165550232 0
0.9999467730522156 1
0.006149563007056713 0
0.19216430187225342 0
0.0006726225255988538 0
0.018121387809515 0
0.9998694658279419 1
0.021604416891932487 0
0.09463157504796982 0
0.04412991926074028 0
0.00035648836637847126 0
0.9996094703674316 1
0.009754344820976257 0
0.22400572896003723 0
0.0009423090377822518 0
0.005020766519010067 0
0.9889798164367676 1
0.002382963662967086 0
0.03663347661495209 0
0.02542783133685589 0
0.00729892123490572 0
0.9995219707489014 1
0.0002640837337821722 0
0.0019495943561196327 0
0.009450143203139305 0
0.06850116699934006 0
0.9529525637626648 1
0.0018269320717081428 0
0.016733046621084213 0
0.0015918378485366702 0
0.0031097792088985443 0
0.9997665286064148 1
0.004662864841520786 0
0.8649560809135437 0
0.8951961398124695 0
0.0010332077508792281 0
0.9990093111991882 1
0.003889623563736677 0
0.9680120348930359 0
0.9428730010986328 0
0.7561891078948975 0
0.9924426078796387 1
0.8005273342132568 0
0.982463538646698 0
0.3697781264781952 0
0.9532535076141357 0
0.9759584665298462 1
0.0011250997195020318 0
0.019397428259253502 0
0.6315000057220459 0
0.0005566032486967742 0
0.9997309446334839 1
0.0034705845173448324 0
0.024264952167868614 0
0.3372364640235901 0
0.0008284341311082244 0
0.9985384941101074 1
0.0008079917170107365 0
0.2625090777873993 0
0.019097555428743362 0
0.012637142091989517 0
0.9994373321533203 1
0.8320021033287048 0
0.9999707937240601 0
0.9698397517204285 0
0.00018136987637262791 0
0.9999531507492065 1
0.13353031873703003 0
0.9995633959770203 0
0.9425854682922363 0
0.6180002689361572 0
0.9991124868392944 1
0.9869581460952759 0
0.9916739463806152 0
0.33662673830986023 0
0.6212233901023865 0
0.9997192621231079 1
0.0009343021083623171 0
0.6107197999954224 0
0.566387951374054 0
0.0001485886750742793 0
0.9998327493667603 1
0.01319186296314001 0
0.9981631636619568 0
0.9401540756225586 0
4.632121999748051e-05 0
0.9987472295761108 1
0.3636494576931 0
0.998851478099823 0
0.978541374206543 0
0.006479793693870306 0
0.9979175925254822 1
0.03806556761264801 0
0.05117005109786987 0
0.35175150632858276 0
0.23302148282527924 0
0.9666587710380554 1
0.3623466491699219 0
0.6080362796783447 0
0.0488453172147274 0
0.4461376368999481 0
0.9837779402732849 1
0.049906618893146515 0
0.6314527988433838 0
0.7389957308769226 0
0.282857745885849 0
0.9990627765655518 1
0.1796012967824936 0
0.22231648862361908 0
0.06993059813976288 0
0.0025302988942712545 0
0.9987107515335083 1
0.18140444159507751 0
0.8495686054229736 0
0.02473895624279976 0
0.0005522145074792206 0
0.9997620582580566 1
0.47993120551109314 0
0.5975823402404785 0
0.3122788071632385 0
0.9522866010665894 0
0.999661922454834 1
0.0005424768314696848 0
0.1540190875530243 0
0.8052148818969727 0
0.0001228266628459096 0
0.9980173110961914 1
0.05019264668226242 0
0.9946093559265137 0
0.996841549873352 0
0.9349608421325684 0
0.9987022876739502 1
0.2583642303943634 0
0.5273747444152832 0
0.6591919660568237 0
0.9794325232505798 0
0.17850112915039062 1
6.319814565358683e-05 0
0.18497739732265472 0
0.8858928084373474 0
0.0003356215311214328 0
0.9996987581253052 1
0.005234304815530777 0
0.3049415946006775 0
0.8721853494644165 0
0.00032979948446154594 0
0.9957699179649353 1
0.0010272685904055834 0
0.2739807367324829 0
0.5814211368560791 0
0.006353944074362516 0
0.9999529719352722 1
0.9562852382659912 0
0.6476083397865295 0
0.908615231513977 0
0.0047585805878043175 0
0.9999910593032837 1
0.19119030237197876 0
0.7068004012107849 0
0.9931869506835938 0
0.9211567640304565 0
0.9988470077514648 1
0.1833057403564453 0
0.7294647693634033 0
0.5305033326148987 0
0.5150545835494995 0
0.9999751448631287 1
0.005288386717438698 0
0.967815101146698 0
1.5532836187048815e-05 0
0.00010609430319163948 0
0.9983611106872559 1
0.022700509056448936 0
0.9851486086845398 0
0.06192904710769653 0
0.0005451619508676231 0
0.9975878596305847 1
0.8056308627128601 0
0.9826523661613464 0
0.9926055669784546 0
0.10216362774372101 0
0.6490501761436462 1
0.002806919626891613 0
0.8398011922836304 0
0.6713426113128662 0
0.0003545165527611971 0
0.9994019865989685 1
0.0025416971184313297 0
0.9716362953186035 0
0.4730411171913147 0
0.40673327445983887 0
0.9978693723678589 1
0.3042588531970978 0
0.9980077743530273 0
0.7197209596633911 0
0.45560258626937866 0
0.2399585247039795 1
0.0004218050744384527 0
0.0029870783910155296 0
0.040969930589199066 0
7.907752660685219e-06 0
0.5670689344406128 1
0.00017241427849512547 0
0.018145468086004257 0
0.009052722714841366 0
0.0007493391167372465 0
0.9867391586303711 1
0.006701054982841015 0
0.005366429686546326 0
0.09801533073186874 0
0.0036263640504330397 0
