0.26060229539871216 1
0.2707895040512085 1
0.09591260552406311 1
0.2198118418455124 1
0.08470338582992554 1
0.20793674886226654 1
0.23562690615653992 1
0.05672155320644379 1
0.15897250175476074 1
0.15144255757331848 1
0.13723701238632202 1
0.17117801308631897 1
0.25263771414756775 1
0.14969733357429504 1
0.2848525643348694 1
0.261814683675766 1
0.11904866993427277 1
0.15360525250434875 1
0.11062412708997726 1
0.20150378346443176 1
0.23893210291862488 1
0.18157850205898285 1
0.28383123874664307 1
0.04840429872274399 0
0.08583119511604309 0
0.2324887216091156 0
0.03611265867948532 0
0.09764647483825684 0
0.11537154763936996 0
0.048852261155843735 0
0.02642434649169445 0
0.08475940674543381 0
0.046539612114429474 0
0.06180980056524277 0
0.14136981964111328 0
0.02049241214990616 0
0.05725991725921631 0
0.13269181549549103 0
0.04384990781545639 0
0.06960432231426239 0
0.2250993251800537 0
0.03785020858049393 0
0.05016159266233444 0
0.25306546688079834 0
0.09300267696380615 0
0.03394170477986336 0
0.20009386539459229 0
0.027209727093577385 0
0.03904809430241585 0
0.154200941324234 0
0.04641537368297577 0
0.08379846066236496 0
0.14232487976551056 0
0.03118406981229782 0
0.048180870711803436 0
0.10258360952138901 0
0.10698749870061874 0
0.11171020567417145 0
0.3263537585735321 0
0.11448796093463898 0
0.08702459186315536 0
0.2718034088611603 0
0.024222008883953094 0
0.04055305942893028 0
0.10764393210411072 0
0.12425025552511215 0
0.1176990494132042 0
0.3111612796783447 0
0.1026582270860672 0
0.09676507115364075 0
0.22308437526226044 0
0.10628737509250641 0
0.15420591831207275 0
0.2740846276283264 0
0.022611094638705254 0
0.072934091091156 0
0.1437039077281952 0
0.05361839383840561 0
0.0673876628279686 0
0.15461552143096924 0
0.05784948170185089 0
0.052216991782188416 0
0.15935498476028442 0
0.08527036011219025 0
0.07031960785388947 0
0.12230691313743591 0
0.09343989193439484 0
0.07313406467437744 0
0.2800847291946411 0
0.21421951055526733 0
0.0832524374127388 0
0.3108230531215668 0
0.36838942766189575 1
0.33008772134780884 1
0.04666384309530258 1
0.3303789496421814 1
0.31330567598342896 1
0.37567734718322754 1
0.4399223029613495 1
0.4306890368461609 1
0.37696975469589233 1
0.21179328858852386 1
0.18125420808792114 1
0.44338786602020264 1
0.24839305877685547 1
0.11038152873516083 1
0.3321489691734314 1
0.21452146768569946 1
0.24931524693965912 1
0.24796979129314423 1
0.2893032431602478 1
0.1300330013036728 1
0.20303094387054443 1
0.27034974098205566 1
0.18040922284126282 1
