0.9991507530212402 1
0.18892046809196472 0
0.7867283821105957 0
0.2696099281311035 0
0.818659782409668 0
0.9909594058990479 1
0.025875046849250793 0
0.9163848161697388 0
0.7513038516044617 0
0.9770302772521973 0
0.9995697736740112 1
0.11672411859035492 0
0.8610525131225586 0
0.5061034560203552 0
0.4768565595149994 0
0.999426007270813 1
0.4081312119960785 0
0.9370254278182983 0
0.9077147245407104 0
0.9747825860977173 0
0.981012225151062 1
0.8133987188339233 0
0.9706777334213257 0
0.9982675313949585 0
0.9788283705711365 0
0.9999284148216248 1
0.8065601587295532 0
0.9947417974472046 0
0.9944471716880798 0
0.9839885234832764 0
0.9629063010215759 1
0.6760917901992798 0
0.9577886462211609 0
0.041104756295681 0
0.28584906458854675 0
0.9977681636810303 1
0.01322938036173582 0
0.016851678490638733 0
0.7749313116073608 0
0.5912097096443176 0
0.9906554222106934 1
0.9282997846603394 0
0.818657398223877 0
0.13163918256759644 0
0.40770265460014343 0
0.9996778964996338 1
0.5250139236450195 0
0.9703671336174011 0
0.3543539047241211 0
0.9457025527954102 0
0.9904202222824097 1
0.7706727385520935 0
0.722619891166687 0
0.861153781414032 0
0.91948002576828 0
0.9986836910247803 1
0.6581239104270935 0
0.9860895872116089 0
0.9792477488517761 0
0.9617027640342712 0
0.9967364072799683 1
0.05394766852259636 0
0.443024605512619 0
0.6036392450332642 0
0.7668013572692871 0
0.9982665777206421 1
0.8523532748222351 0
0.9971758127212524 0
0.996987521648407 0
0.998374879360199 0
0.9993463754653931 1
0.7458904981613159 0
0.8689874410629272 0
0.7191681861877441 0
0.9429194927215576 0
0.9982213377952576 1
0.059239741414785385 0
0.10334905982017517 0
0.6197822093963623 0
0.8054859042167664 0
0.9883953928947449 1
0.11061476916074753 0
0.003544354345649481 0
0.999602735042572 0
0.5539489984512329 0
0.9995156526565552 1
0.005360444076359272 0
0.40588781237602234 0
0.9978351593017578 0
0.3716305196285248 0
0.9790799617767334 1
0.00014053807535674423 0
0.002625263761729002 0
0.02485087513923645 0
0.024959778413176537 0
0.9659973978996277 1
0.0030340019147843122 0
0.07605619728565216 0
0.012181720696389675 0
0.030721493065357208 0
0.9815258979797363 1
0.0023194272071123123 0
0.032221537083387375 0
0.022138481959700584 0
0.029851820319890976 0
0.999976634979248 1
0.015847831964492798 0
0.9943708777427673 0
0.1228814348578453 0
0.0071154870092868805 0
0.99950110912323 1
0.02370571158826351 0
0.9031822681427002 0
0.05644914507865906 0
0.14171725511550903 0
0.9685579538345337 1
0.03525334596633911 0
0.73191899061203 0
0.014563373290002346 0
0.012421613559126854 0
0.9936422109603882 1
0.0006422175210900605 0
0.008167938329279423 0
0.8059359788894653 0
0.58174729347229 0
0.9994324445724487 1
0.0011537941172719002 0
0.30539393424987793 0
0.8202648162841797 0
0.710658073425293 0
0.9488469958305359 1
0.06068024784326553 0
0.45219528675079346 0
0.04694969952106476 0
0.19207710027694702 0
0.9850568175315857 1
0.00887010432779789 0
0.6967067718505859 0
0.8834608793258667 0
0.30429890751838684 0
0.9992579817771912 1
0.017899274826049805 0
0.6604214906692505 0
0.7410296201705933 0
0.03823550418019295 0
0.8534425497055054 1
0.0033871494233608246 0
0.059622786939144135 0
0.12283186614513397 0
0.07392918318510056 0
0.998957633972168 1
0.005915095563977957 0
0.03832987695932388 0
0.00210514385253191 0
0.0351049080491066 0
0.9973689317703247 1
0.04102989286184311 0
0.12604862451553345 0
0.10452042520046234 0
0.0020318038295954466 0
0.9878641366958618 1
0.012167091481387615 0
0.04749393090605736 0
0.0057655214332044125 0
0.009156756103038788 0
0.1354827880859375 1
0.0003961790935136378 0
0.0033291985746473074 0
0.005213534459471703 0
0.001254898146726191 0
0.9125198721885681 1
7.73182837292552e-05 0
0.00045529770432040095 0
0.09653018414974213 0
0.007783744018524885 0
0.2960779070854187 1
0.0006517223082482815 0
0.0016289743361994624 0
0.004352874122560024 0
0.0008748561376705766 0
0.8741368651390076 1
0.004213359206914902 0
0.7107941508293152 0
0.3655654788017273 0
0.0007376967696473002 0
0.5167590975761414 1
0.0026758783496916294 0
0.7222875356674194 0
0.6697327494621277 0
0.09815403819084167 0
0.943865954875946 1
0.11190363764762878 0
0.9615315794944763 0
0.41012534499168396 0
0.6856309175491333 0
0.5567631125450134 1
0.00019272579811513424 0
0.0041067712008953094 0
0.09432600438594818 0
0.0004153111658524722 0
0.44285663962364197 1
0.00024941455922089517 0
0.0010139354271814227 0
0.008087078109383583 0
1.7266989743802696e-05 0
0.961202085018158 1
0.00016131377196870744 0
0.018893960863351822 0
0.00570688908919692 0
0.001352162566035986 0
0.9996738433837891 1
0.03155343607068062 0
0.6442400813102722 0
0.9393770694732666 0
0.00014163559535518289 0
0.999933123588562 1
0.022246316075325012 0
0.9392598867416382 0
0.9815380573272705 0
0.03985181450843811 0
0.9972975254058838 1
0.7099839448928833 0
0.9663987159729004 0
0.8759664297103882 0
0.11029274761676788 0
0.9986896514892578 1
0.00014921037654858083 0
0.0010087090777233243 0
0.6022689342498779 0
6.640028004767373e-05 0
0.9977157115936279 1
0.0001486195542383939 0
0.19155745208263397 0
0.04237954318523407 0
0.00018287714920006692 0
0.9843828082084656 1
0.07874665409326553 0
0.8803784251213074 0
0.9779660105705261 0
0.007391601335257292 0
0.9905945062637329 1
0.09490975737571716 0
0.03870103880763054 0
0.03239447996020317 0
0.05705001577734947 0
0.45823734998703003 1
0.6603331565856934 0
0.3879213333129883 0
0.0028013517148792744 0
0.059800706803798676 0
0.43622952699661255 1
0.025870053097605705 0
0.44840285181999207 0
0.48445388674736023 0
0.35048723220825195 0
0.6700624227523804 1
0.0973629355430603 0
0.0030950061045587063 0
0.015042537823319435 0
0.001870861160568893 0
0.5287597179412842 1
0.06280101835727692 0
0.2974519729614258 0
0.0018203083891421556 0
0.0004735722905024886 0
0.9102267026901245 1
0.019793668761849403 0
0.2820085883140564 0
0.04444179683923721 0
0.6810698509216309 0
0.9993141889572144 1
6.234330794541165e-05 0
0.9935895800590515 0
0.24400082230567932 0
3.795894008362666e-05 0
0.8833956718444824 1
0.006912316661328077 0
0.9974762201309204 0
0.9919143915176392 0
0.04071813449263573 0
0.9813606142997742 1
0.24681776762008667 0
0.9946602582931519 0
0.9010412096977234 0
0.6445493698120117 0
0.1021522507071495 1
0.0001404004287905991 0
0.03956707566976547 0
0.263603538274765 0
4.676646494772285e-05 0
0.887126624584198 1
0.0003797586541622877 0
0.21635335683822632 0
0.016174787655472755 0
4.9175032472703606e-05 0
0.9941257834434509 1
0.0013589849695563316 0
0.6532127261161804 0
0.22078752517700195 0
0.0008886838331818581 0
0.9809646606445312 1
0.04440871626138687 0
0.10137748718261719 0
0.03158000856637955 0
0.0015968719962984324 0
0.981372058391571 1
0.004793387837707996 0
0.08060213923454285 0
0.8206839561462402 0
0.37845224142074585 0
0.9946528673171997 1
0.2983732521533966 0
0.9052268862724304 0
0.26585453748703003 0
0.7309246063232422 0
0.9693083763122559 1
0.00011199869186384603 0
0.01086525060236454 0
2.1614174329442903e-05 0
0.0003543897473718971 0
0.639656662940979 1
0.0006730100139975548 0
0.0013954660389572382 0
0.00015303130203392357 0
0.0002467601152602583 0
0.994300365447998 1
0.20368874073028564 0
0.8342622518539429 0
0.3806755542755127 0
0.0071472409181296825 0
0.06441830098628998 1
3.770484545384534e-05 0
0.7687405347824097 0
0.03744371607899666 0
2.7507554477779195e-05 0
0.9415852427482605 1
0.0007683788426220417 0
0.8213624358177185 0
0.7688349485397339 0
0.007914593443274498 0
0.9856442213058472 1
0.008449203334748745 0
0.6468411684036255 0
0.3111158609390259 0
0.15625198185443878 0
0.0005232863477431238 1
2.7212376153329387e-05 0
0.00011891410395037383 0
0.01874004863202572 0
1.5540626918664202e-06 0
0.009978377260267735 1
6.39593563391827e-05 0
0.0005744390655308962 0
0.0010165099520236254 0
6.499653682112694e-05 0
0.8469142913818359 1
0.0002605599584057927 0
0.0030059069395065308 0
0.04557590186595917 0
0.002222625305876136 0
