0.6389142870903015 1
0.3257277309894562 0
0.3261615037918091 0
0.09399719536304474 0
0.3408418297767639 0
0.6179822683334351 1
0.03898835927248001 0
0.35987481474876404 0
0.18935756385326385 0
0.5800830125808716 0
0.5512042045593262 1
0.32747942209243774 0
0.3353331685066223 0
0.2982644736766815 0
0.3307313024997711 0
0.896407961845398 1
0.5519557595252991 0
0.7247475385665894 0
0.08767080307006836 0
0.6353704929351807 0
0.8713315725326538 1
0.9066497683525085 0
0.8718324899673462 0
0.44681406021118164 0
0.7310622930526733 0
0.9450742602348328 1
0.8539279699325562 0
0.766453742980957 0
0.34044501185417175 0
0.6488380432128906 0
0.6536775231361389 1
0.3819291293621063 0
0.9800273776054382 0
0.26219499111175537 0
0.3108583092689514 0
0.6566150188446045 1
0.830706000328064 0
0.3539987802505493 0
0.3310461640357971 0
0.6265802383422852 0
0.38431498408317566 1
0.8386315107345581 0
0.9568644762039185 0
0.3275395929813385 0
0.33004599809646606 0
0.9905318021774292 1
0.23005525767803192 0
0.3161694407463074 0
0.11234281957149506 0
0.6510630249977112 0
0.9629063010215759 1
0.13009631633758545 0
0.11204496026039124 0
0.5892206430435181 0
0.6429662704467773 0
0.7386030554771423 1
0.3271500766277313 0
0.3302316665649414 0
0.36100420355796814 0
0.6849464774131775 0
0.8412456512451172 1
0.3295658230781555 0
0.3367961049079895 0
0.12273898720741272 0
0.3320014476776123 0
0.7844001650810242 1
0.9874739646911621 0
0.9817724227905273 0
0.39737647771835327 0
0.9319305419921875 0
0.6810028553009033 1
0.3227353096008301 0
0.3403930366039276 0
0.33233165740966797 0
0.5047517418861389 0
0.7253580093383789 1
0.2907818555831909 0
0.6789249181747437 0
0.3219333291053772 0
0.33447274565696716 0
0.8321055173873901 1
0.6685489416122437 0
0.6608016490936279 0
0.892683207988739 0
0.704228401184082 0
0.8529647588729858 1
0.08073391020298004 0
0.631110668182373 0
0.4408152103424072 0
0.6391655206680298 0
0.5764987468719482 1
0.0008175806142389774 0
0.007314523681998253 0
0.14510983228683472 0
0.05787425488233566 0
0.4818594455718994 1
0.004001603927463293 0
0.12426693737506866 0
0.07974059879779816 0
0.24835070967674255 0
0.6119006276130676 1
0.02057468891143799 0
0.32300615310668945 0
0.1408919394016266 0
0.15476983785629272 0
0.6705222129821777 1
0.045934222638607025 0
0.6915465593338013 0
0.32243508100509644 0
0.005498893093317747 0
0.6647319793701172 1
0.05896570533514023 0
0.6466003656387329 0
0.20638582110404968 0
0.05062448978424072 0
0.5200351476669312 1
0.26773926615715027 0
0.559736967086792 0
0.11180447787046432 0
0.07709895074367523 0
0.6549497842788696 1
0.03315364196896553 0
0.6841310262680054 0
0.46678027510643005 0
0.4515681266784668 0
0.6697407960891724 1
0.011695696040987968 0
0.8851706981658936 0
0.4759458005428314 0
0.536757230758667 0
0.6482546925544739 1
0.09437544643878937 0
0.9395388960838318 0
0.13708513975143433 0
0.17562715709209442 0
0.6227607727050781 1
0.01626625284552574 0
0.33123713731765747 0
0.5432803630828857 0
0.3444502353668213 0
0.6700644493103027 1
0.03894753009080887 0
0.3357836902141571 0
0.34653815627098083 0
0.25263461470603943 0
0.6686916351318359 1
0.028551584109663963 0
0.33412081003189087 0
0.22415994107723236 0
0.0020468845032155514 0
0.691508412361145 1
0.09819617867469788 0
0.36260589957237244 0
0.11808757483959198 0
0.29267001152038574 0
0.6671645045280457 1
0.09465821087360382 0
0.34459900856018066 0
0.14021532237529755 0
0.0028974423184990883 0
0.6650645732879639 1
0.1798996925354004 0
0.34019535779953003 0
0.025476258248090744 0
0.11061569303274155 0
0.5953906178474426 1
0.00774141401052475 0
0.09641198813915253 0
0.31824806332588196 0
0.181686133146286 0
0.6533068418502808 1
0.002395774470642209 0
0.017483724281191826 0
0.03165905550122261 0
0.0067761922255158424 0
0.41701531410217285 1
0.04360269755125046 0
0.18565377593040466 0
0.008945891633629799 0
0.01394340768456459 0
0.3368651568889618 1
0.3229461908340454 0
0.3326662480831146 0
0.3330342471599579 0
0.1208898052573204 0
0.34141969680786133 1
0.2819044888019562 0
0.3355887532234192 0
0.3317439556121826 0
0.3092206120491028 0
0.39063334465026855 1
0.33264419436454773 0
0.33387917280197144 0
0.02631341479718685 0
0.3227258026599884 0
0.3372761011123657 1
0.04339103400707245 0
0.27960678935050964 0
0.323482871055603 0
0.009833777323365211 0
0.3686881959438324 1
0.02059398964047432 0
0.06670039147138596 0
0.23821964859962463 0
0.08317488431930542 0
0.6234781742095947 1
0.04316435381770134 0
0.232147216796875 0
0.32834091782569885 0
0.18256157636642456 0
0.6768299341201782 1
0.5740292072296143 0
0.6529924273490906 0
0.5847808718681335 0
0.12594756484031677 0
0.6796876788139343 1
0.3032647967338562 0
0.6087616682052612 0
0.3598148226737976 0
0.4151168763637543 0
0.7609266042709351 1
0.3555324971675873 0
0.3767894506454468 0
0.20724138617515564 0
0.2620084285736084 0
0.6660263538360596 1
0.24996256828308105 0
0.3095584511756897 0
0.3803348243236542 0
0.012792542576789856 0
0.6709105372428894 1
0.26464998722076416 0
0.6542973518371582 0
0.3326447010040283 0
0.05651659891009331 0
0.8776705265045166 1
0.6058047413825989 0
0.8989453315734863 0
0.6644593477249146 0
0.03565922752022743 0
0.3342611789703369 1
0.5743752121925354 0
0.8780088424682617 0
0.5188260078430176 0
0.4852907061576843 0
0.34114110469818115 1
0.45971226692199707 0
0.9404312968254089 0
0.3295581638813019 0
0.3270053267478943 0
0.5085525512695312 1
0.33589574694633484 0
0.9788967967033386 0
0.23654446005821228 0
0.14592435956001282 0
0.3518178462982178 1
0.7410860061645508 0
0.8513795733451843 0
0.3480198383331299 0
0.029726041480898857 0
0.33679744601249695 1
0.1353963017463684 0
0.8250078558921814 0
0.167201966047287 0
0.13520598411560059 0
0.6454773545265198 1
0.6084542274475098 0
0.7341451048851013 0
0.5773591995239258 0
0.6951505541801453 0
0.6800849437713623 1
0.04885408282279968 0
0.31121087074279785 0
0.3411285877227783 0
0.03547142073512077 0
0.6628094911575317 1
0.3348606824874878 0
0.36695802211761475 0
0.5345935821533203 0
0.5246488451957703 0
0.9624472856521606 1
0.21834486722946167 0
0.3311625123023987 0
0.297110915184021 0
0.3873346447944641 0
0.5009045600891113 1
4.645527224056423e-05 0
0.31525930762290955 0
0.3623170256614685 0
0.006380531005561352 0
0.6658403873443604 1
0.02661471627652645 0
0.3314523994922638 0
0.32726019620895386 0
0.009427560493350029 0
0.9587912559509277 1
0.19994601607322693 0
0.26583072543144226 0
0.6271234154701233 0
0.02474094182252884 0
0.4554443359375 1
0.33518990874290466 0
0.3333659768104553 0
0.34604156017303467 0
0.3031141757965088 0
0.6630094647407532 1
0.3270070552825928 0
0.3563482165336609 0
0.3528103232383728 0
0.4674713611602783 0
0.5667670965194702 1
0.1804932951927185 0
0.33332884311676025 0
0.27128955721855164 0
0.21931156516075134 0
0.6677972674369812 1
0.32225292921066284 0
0.6187651753425598 0
0.008336171507835388 0
0.06227507442235947 0
0.5089718103408813 1
0.32065218687057495 0
0.33943766355514526 0
0.33261966705322266 0
0.010003359988331795 0
0.7852804064750671 1
0.67855304479599 0
0.9529187679290771 0
0.6740143299102783 0
0.5374664068222046 0
0.4945105314254761 1
0.3135440945625305 0
0.28013157844543457 0
0.3439916968345642 0
0.08637242764234543 0
0.6806807518005371 1
0.056471116840839386 0
0.6309342384338379 0
0.3370857834815979 0
0.23746049404144287 0
0.6251218318939209 1
0.1825820803642273 0
0.6521618962287903 0
0.3391972482204437 0
0.1800553798675537 0
0.3417910039424896 1
0.03278457373380661 0
0.06027368828654289 0
0.276344358921051 0
0.00037143760710023344 0
0.6364344358444214 1
0.02462056651711464 0
0.10393790900707245 0
0.3290889859199524 0
0.018952131271362305 0
0.7383176684379578 1
0.1479838639497757 0
0.5880365371704102 0
0.6099578142166138 0
0.04433373734354973 0
