0.08389770984649658 1
0.4038902223110199 1
0.2358311265707016 1
0.36269089579582214 1
0.11010296642780304 1
0.5094704627990723 1
0.5982280969619751 1
0.023211441934108734 1
0.5768389701843262 1
0.2013702690601349 1
0.41053152084350586 1
0.37261027097702026 1
0.5559477806091309 1
0.5814178586006165 1
0.8935953378677368 1
0.30037373304367065 1
0.016599297523498535 1
0.44316744804382324 1
0.017639735713601112 1
0.5957468152046204 1
0.32567298412323 1
0.4122096002101898 1
0.7572295665740967 1
0.0016116880578920245 0
0.0013360441662371159 0
0.45430776476860046 0
0.0009570942493155599 0
0.07909107953310013 0
0.29880672693252563 0
0.0024210684932768345 0
0.0009805022273212671 0
0.1765173375606537 0
0.011777597479522228 0
0.02079877443611622 0
0.7062763571739197 0
0.00010770854714792222 0
0.00040670076850801706 0
0.5674811005592346 0
0.0003443382156547159 0
0.00012644665548577905 0
0.28610339760780334 0
0.0002527538745198399 0
0.002084690146148205 0
0.455100953578949 0
0.02979019656777382 0
0.003935681656002998 0
0.3324543237686157 0
0.0003445051843300462 0
0.0095360791310668 0
0.29823407530784607 0
0.00028170476434752345 0
0.0015403450233861804 0
0.3316015303134918 0
0.0014958495739847422 0
0.009857004508376122 0
0.31954970955848694 0
0.0024877823889255524 0
0.012043213471770287 0
0.3363308906555176 0
0.0030790241435170174 0
0.0012977391015738249 0
0.32996106147766113 0
0.0007792582619003952 0
0.0177496075630188 0
0.33530473709106445 0
0.020065829157829285 0
0.005293735768646002 0
0.4137094020843506 0
0.0013421201147139072 0
0.0028908008243888617 0
0.3125486969947815 0
0.0077545009553432465 0
0.01710188388824463 0
0.3482300043106079 0
0.0001860347401816398 0
0.02683420293033123 0
0.3229430019855499 0
0.0008675720309838653 0
0.0027666203677654266 0
0.3714602589607239 0
0.0018774541094899178 0
0.012477265670895576 0
0.6160060167312622 0
0.003480280749499798 0
0.009128479287028313 0
0.345497190952301 0
0.009568443521857262 0
0.003068906022235751 0
0.6200534105300903 0
0.04344061762094498 0
0.001064591808244586 0
0.6149140000343323 0
0.679401159286499 1
0.7598080039024353 1
0.3239005208015442 1
0.7019295692443848 1
0.694476842880249 1
0.7849791049957275 1
0.8132455348968506 1
0.7842892408370972 1
0.7380940914154053 1
0.37962114810943604 1
0.4417806565761566 1
0.7492536306381226 1
0.3532128930091858 1
0.30842161178588867 1
0.34398433566093445 1
0.3364536166191101 1
0.7206143140792847 1
0.34893667697906494 1
0.37900155782699585 1
0.2824929654598236 1
0.41161441802978516 1
0.6226781010627747 1
0.5653581023216248 1
