0.1982460469007492 1
0.34757766127586365 1
0.07903962582349777 1
0.06505908071994781 1
0.052928656339645386 1
0.2600628137588501 1
0.3177693784236908 1
0.025379270315170288 1
0.27487578988075256 1
0.03187376260757446 1
0.09936641901731491 1
0.0786505937576294 1
0.1294509470462799 1
0.17332910001277924 1
0.4279000461101532 1
0.18097233772277832 1
0.01882532238960266 1
0.11722460389137268 1
0.09406059235334396 1
0.24408265948295593 1
0.23498152196407318 1
0.25802287459373474 1
0.2853336036205292 1
0.026698417961597443 0
0.04883895069360733 0
0.4562433660030365 0
0.011812282726168633 0
0.14211153984069824 0
0.1758297085762024 0
0.006152051966637373 0
0.0024897002149373293 0
0.10057773441076279 0
0.018903393298387527 0
0.03590020537376404 0
0.3664676547050476 0
0.0037926589138805866 0
0.008770818822085857 0
0.2167760729789734 0
0.007970145903527737 0
0.0022766999900341034 0
0.4048904776573181 0
0.011990537866950035 0
0.007391393184661865 0
0.4186391532421112 0
0.03189556300640106 0
0.011059883050620556 0
0.2344309687614441 0
0.00371469440869987 0
0.005628037266433239 0
0.2122514694929123 0
0.007678127847611904 0
0.02138547971844673 0
0.22246801853179932 0
0.007333019748330116 0
0.0206739641726017 0
0.217927485704422 0
0.11439047753810883 0
0.07124259322881699 0
0.3813100755214691 0
0.06082172319293022 0
0.024311229586601257 0
0.4024319648742676 0
0.005230247974395752 0
0.02931644767522812 0
0.18491998314857483 0
0.029585953801870346 0
0.06099435314536095 0
0.4980423152446747 0
0.05375034362077713 0
0.023134810850024223 0
0.40696215629577637 0
0.05849624425172806 0
0.06927360594272614 0
0.5048872828483582 0
0.004714488983154297 0
0.016354240477085114 0
0.29648029804229736 0
0.011412166059017181 0
0.021302375942468643 0
0.3692207336425781 0
0.014374202117323875 0
0.007105499505996704 0
0.29863524436950684 0
0.014613118022680283 0
0.07606677711009979 0
0.2241039276123047 0
0.0631987601518631 0
0.02334870956838131 0
0.5644186735153198 0
0.170373797416687 0
0.06795421242713928 0
0.5562558174133301 0
0.5761271715164185 1
0.7018100619316101 1
0.08714091777801514 1
0.40671369433403015 1
0.44546616077423096 1
0.5527544617652893 1
0.7400657534599304 1
0.7164232134819031 1
0.7159184217453003 1
0.34150880575180054 1
0.3049871325492859 1
0.710580587387085 1
0.49552178382873535 1
0.151718407869339 1
0.34242936968803406 1
0.18590359389781952 1
0.5860645771026611 1
0.2790413796901703 1
0.44712263345718384 1
0.18821296095848083 1
0.3826490342617035 1
0.4311830699443817 1
0.3868967294692993 1
