0.9999579191207886 1
0.2233925759792328 0
0.5159903764724731 0
0.4943356513977051 0
0.9412131309509277 0
0.9238696098327637 1
0.025251811370253563 0
0.5489112138748169 0
0.7281585931777954 0
0.9426936507225037 0
0.9999406337738037 1
0.38230785727500916 0
0.9331495761871338 0
0.8442425727844238 0
0.38494735956192017 0
0.9999545812606812 1
0.798705518245697 0
0.8648984432220459 0
0.13460783660411835 0
0.9869116544723511 0
0.9580672979354858 1
0.3681919276714325 0
0.9534370303153992 0
0.9983440637588501 0
0.9618658423423767 0
0.9999744892120361 1
0.9366306066513062 0
0.991317868232727 0
0.9678484797477722 0
0.9995772242546082 0
0.9993287324905396 1
0.13488681614398956 0
0.9410133361816406 0
0.6366662979125977 0
0.3188546895980835 0
0.9998098611831665 1
0.08650757372379303 0
0.16708920896053314 0
0.19412170350551605 0
0.9430500864982605 0
0.9999094009399414 1
0.5807430148124695 0
0.9181070327758789 0
0.016680968925356865 0
0.6836212873458862 0
0.9999420046806335 1
0.2198685258626938 0
0.7993215322494507 0
0.09467893838882446 0
0.8203844428062439 0
0.9772388935089111 1
0.2300337255001068 0
0.03352929279208183 0
0.27839916944503784 0
0.6010746359825134 0
0.9995532035827637 1
0.3926151394844055 0
0.8429287672042847 0
0.9713200330734253 0
0.9943521022796631 0
0.9999722242355347 1
0.5564162731170654 0
0.011443949304521084 0
0.427278995513916 0
0.8313485980033875 0
0.999642014503479 1
0.987138032913208 0
0.9996368885040283 0
0.9606243371963501 0
0.9994590282440186 0
0.9999672770500183 1
0.9415430426597595 0
0.06258164346218109 0
0.990829348564148 0
0.9680122137069702 0
0.9997841715812683 1
0.12442000955343246 0
0.07744012027978897 0
0.2827320098876953 0
0.9852602481842041 0
0.9956965446472168 1
0.02588467299938202 0
0.010430622845888138 0
0.9981745481491089 0
0.9423689842224121 0
0.9996401071548462 1
0.004400382749736309 0
0.09796174615621567 0
0.9402173757553101 0
0.9631812572479248 0
0.9995433688163757 1
4.1356652218382806e-05 0
0.0004365677887108177 0
0.016425205394625664 0
0.02535579353570938 0
0.9999628067016602 1
0.00020691557438112795 0
0.032335489988327026 0
0.006973072420805693 0
0.021613864228129387 0
0.994158923625946 1
0.00113230524584651 0
0.015317397192120552 0
0.0034038759768009186 0
0.011140863411128521 0
0.999980628490448 1
0.0050230491906404495 0
0.975496232509613 0
0.09182950109243393 0
0.004197502508759499 0
0.9998375177383423 1
0.00741720711812377 0
0.9482368230819702 0
0.031207114458084106 0
0.005129203200340271 0
0.9997631311416626 1
0.02492324635386467 0
0.9638668894767761 0
0.002617633668705821 0
0.0028499725740402937 0
0.9998676180839539 1
0.004159322939813137 0
0.5622508525848389 0
0.8217400908470154 0
0.034617699682712555 0
0.9998865127563477 1
0.00785411149263382 0
0.8821916580200195 0
0.1628589630126953 0
0.28738126158714294 0
0.9893918037414551 1
0.7611050009727478 0
0.9555896520614624 0
0.013949897140264511 0
0.018240805715322495 0
0.9947085380554199 1
0.001888984814286232 0
0.0018839489202946424 0
0.9506740570068359 0
0.05594013258814812 0
0.9999626874923706 1
0.0003933684201911092 0
0.9644694328308105 0
0.9102451205253601 0
0.02471735142171383 0
0.9874213933944702 1
0.0034761177375912666 0
0.11345475912094116 0
0.11247827857732773 0
0.006705392152070999 0
0.9999356269836426 1
0.003718172200024128 0
0.045225657522678375 0
0.0013412998523563147 0
0.02146114967763424 0
0.9999522566795349 1
0.0060163456946611404 0
0.04596126079559326 0
0.07806973159313202 0
0.0005220261518843472 0
0.999485969543457 1
0.007147724740207195 0
0.19410835206508636 0
0.001801118953153491 0
0.005593060981482267 0
0.9697417616844177 1
0.001056159264408052 0
0.00675173057243228 0
0.08783908933401108 0
0.007259616628289223 0
0.9991170763969421 1
8.118640835164115e-05 0
0.001594331581145525 0
0.10019011795520782 0
0.025911962613463402 0
0.9357885122299194 1
0.0009597409516572952 0
0.0071527413092553616 0
0.0014702973421663046 0
0.006189465522766113 0
0.999508261680603 1
0.002698891330510378 0
0.6698532104492188 0
0.8618091344833374 0
0.0005715629667975008 0
0.9989418983459473 1
0.002153766341507435 0
0.9698955416679382 0
0.8867704272270203 0
0.8207125663757324 0
0.9884328246116638 1
0.9790478944778442 0
0.9969791769981384 0
0.3449852168560028 0
0.9944393038749695 0
0.9885582327842712 1
0.00023162811703514308 0
0.02919124625623226 0
0.6830393075942993 0
0.00039588427171111107 0
0.9995729327201843 1
0.0005611530505120754 0
0.001372258411720395 0
0.0304909348487854 0
0.00033777509815990925 0
0.9941155314445496 1
0.00022260856349021196 0
0.12400301545858383 0
0.011190889403223991 0
0.005511236842721701 0
0.9984638690948486 1
0.610439121723175 0
0.999897837638855 0
0.9563384056091309 0
3.816553726210259e-05 0
0.9999224543571472 1
0.02236514911055565 0
0.9984482526779175 0
0.9451020956039429 0
0.5624862313270569 0
0.9988281726837158 1
0.9379176497459412 0
0.9973475337028503 0
0.6308867931365967 0
0.6789778470993042 0
0.9992424249649048 1
0.000784108997322619 0
0.05240422487258911 0
0.744342565536499 0
0.00020801757636945695 0
0.9997119307518005 1
0.007780009415000677 0
0.9869686961174011 0
0.9300198554992676 0
7.068263948895037e-05 0
0.9970506429672241 1
0.05263247340917587 0
0.9955942630767822 0
0.9570927619934082 0
0.004259987268596888 0
0.9971851110458374 1
0.04655793309211731 0
0.033176831901073456 0
0.24351319670677185 0
0.10095518082380295 0
0.9559226036071777 1
0.15103890001773834 0
0.3987168073654175 0
0.019359655678272247 0
0.13051354885101318 0
0.9631277918815613 1
0.012960800901055336 0
0.32660186290740967 0
0.6819629073143005 0
0.38497573137283325 0
0.9975346326828003 1
0.06191078945994377 0
0.1530274748802185 0
0.07797281444072723 0
0.0012738397344946861 0
0.9942280054092407 1
0.047871582210063934 0
0.6429063677787781 0
0.005925825797021389 0
0.0004076526965945959 0
0.9995388388633728 1
0.3328418433666229 0
0.44374483823776245 0
0.054301463067531586 0
0.6183544397354126 0
0.9991804361343384 1
0.0004435608861967921 0
0.7327167987823486 0
0.8094980120658875 0
0.003912146203219891 0
0.9444484710693359 1
0.04049012064933777 0
0.9985544085502625 0
0.9970612525939941 0
0.9506058692932129 0
0.9898871183395386 1
0.8943494558334351 0
0.8051442503929138 0
0.8436487913131714 0
0.9755959510803223 0
0.9741735458374023 1
3.2236297556664795e-05 0
0.07121673226356506 0
0.8923160433769226 0
0.0001878746843431145 0
0.9967631101608276 1
0.0009447638294659555 0
0.29529982805252075 0
0.29696372151374817 0
0.00034987181425094604 0
0.9924267530441284 1
0.00028556829784065485 0
0.24151472747325897 0
0.4949204921722412 0
0.003865527454763651 0
0.999984622001648 1
0.8645685911178589 0
0.8556743860244751 0
0.41629940271377563 0
0.012856798246502876 0
0.9999954700469971 1
0.08741168677806854 0
0.7832338809967041 0
0.9768834114074707 0
0.9530185461044312 0
0.9978762865066528 1
0.761013925075531 0
0.9210984110832214 0
0.7422599196434021 0
0.8363760709762573 0
0.9998824596405029 1
0.0008934157667681575 0
0.7248268127441406 0
2.1786863726447336e-05 0
0.0002900055842474103 0
0.9982149004936218 1
0.005584030412137508 0
0.515689492225647 0
0.08054450154304504 0
0.000728504965081811 0
0.9989926218986511 1
0.22237133979797363 0
0.8805122375488281 0
0.9346864223480225 0
0.017622826620936394 0
0.9843403100967407 1
0.0004511732840910554 0
0.9402403831481934 0
0.6377193927764893 0
7.608803571201861e-05 0
0.9950517416000366 1
0.00019925402011722326 0
0.9646074771881104 0
0.8818577527999878 0
0.1609058827161789 0
0.99217689037323 1
0.3385974168777466 0
0.9984908103942871 0
0.639525830745697 0
0.46357035636901855 0
0.29312437772750854 1
0.00018885103054344654 0
0.0003433391684666276 0
0.1972924917936325 0
1.4589315469493158e-05 0
0.4773941934108734 1
0.00012946920469403267 0
0.002891856012865901 0
0.017286766320466995 0
0.00038179042167030275 0
0.9252941012382507 1
0.0012800521217286587 0
0.0009044407634064555 0
0.06489300727844238 0
0.002813484985381365 0
