0.3656764626502991 1
0.3670445382595062 1
0.11412253230810165 1
0.2034491002559662 1
0.035037167370319366 1
0.27760544419288635 1
0.6912721395492554 1
0.028399329632520676 1
0.290374219417572 1
0.0489359125494957 1
0.2085978090763092 1
0.0445733480155468 1
0.1000891849398613 1
0.2903308868408203 1
0.6861485242843628 1
0.3480602204799652 1
0.00817843060940504 1
0.24319714307785034 1
0.07026031613349915 1
0.48382291197776794 1
0.16136790812015533 1
0.24627798795700073 1
0.7162184119224548 1
0.01002026442438364 0
0.0029013287276029587 0
0.5933703184127808 0
0.0021589796524494886 0
0.15217310190200806 0
0.2780308127403259 0
0.0011002770625054836 0
0.0018225207459181547 0
0.09077280759811401 0
0.010261936113238335 0
0.015470190905034542 0
0.7045494914054871 0
0.0008064033463597298 0
0.000639550038613379 0
0.44780266284942627 0
0.0011266274377703667 0
0.0003923968179151416 0
0.548987090587616 0
0.0013222165871411562 0
0.001452994765713811 0
0.6260296106338501 0
0.010540792718529701 0
0.0038956496864557266 0
0.28620317578315735 0
0.0003509507514536381 0
0.005630708299577236 0
0.30241167545318604 0
0.0014292419655248523 0
0.004334356170147657 0
0.32316696643829346 0
0.003423399291932583 0
0.005070000886917114 0
0.34537646174430847 0
0.07051855325698853 0
0.024945691227912903 0
0.4338298738002777 0
0.046606115996837616 0
0.008977539837360382 0
0.40464577078819275 0
0.0006868317723274231 0
0.028193380683660507 0
0.2617044448852539 0
0.06592591106891632 0
0.04531322047114372 0
0.5575351119041443 0
0.016589969396591187 0
0.0129424799233675 0
0.42184683680534363 0
0.03688365966081619 0
0.045084234327077866 0
0.6477900147438049 0
0.0019297373946756124 0
0.01431296207010746 0
0.34921786189079285 0
0.004596187733113766 0
0.00540504977107048 0
0.5801346302032471 0
0.04757562279701233 0
0.00660469476133585 0
0.584982693195343 0
0.009538033977150917 0
0.061035044491291046 0
0.3359088599681854 0
0.01594696193933487 0
0.016842391341924667 0
0.7324530482292175 0
0.08541008085012436 0
0.0038482218515127897 0
0.7555302977561951 0
0.6198455691337585 1
0.8930518627166748 1
0.14084315299987793 1
0.5850709676742554 1
0.8478888273239136 1
0.9173278212547302 1
0.9249895811080933 1
0.9522678852081299 1
0.8525139689445496 1
0.4445289373397827 1
0.46820831298828125 1
0.7974769473075867 1
0.5080573558807373 1
0.5717307925224304 1
0.5790152549743652 1
0.37432917952537537 1
0.7069410681724548 1
0.44685348868370056 1
0.5644605159759521 1
0.4350965619087219 1
0.5143451690673828 1
0.6611291170120239 1
0.5383833646774292 1
