0.7709628939628601 1
0.27415770292282104 0
0.39746904373168945 0
0.37603092193603516 0
0.5257865786552429 0
0.7168951034545898 1
0.2583073675632477 0
0.49301958084106445 0
0.4606720805168152 0
0.6417198181152344 0
0.7895044684410095 1
0.43436163663864136 0
0.48778027296066284 0
0.3822091817855835 0
0.3551691770553589 0
0.9466956853866577 1
0.6186378598213196 0
0.6930757761001587 0
0.5318485498428345 0
0.5377993583679199 0
0.9595273733139038 1
0.5300182700157166 0
0.7158875465393066 0
0.6721732020378113 0
0.8679548501968384 0
0.9819790124893188 1
0.7679254412651062 0
0.8983724117279053 0
0.45845842361450195 0
0.6986054182052612 0
0.7807072997093201 1
0.3423125743865967 0
0.9352188110351562 0
0.4565621614456177 0
0.5023081302642822 0
0.6250728964805603 1
0.6402429342269897 0
0.15867242217063904 0
0.2452167272567749 0
0.47236189246177673 0
0.365602970123291 1
0.311781644821167 0
0.7573970556259155 0
0.16199520230293274 0
0.3215824365615845 0
0.9864888191223145 1
0.1570265293121338 0
0.4247440993785858 0
0.39507555961608887 0
0.7923760414123535 0
0.9574377536773682 1
0.4726126790046692 0
0.23065875470638275 0
0.48090860247612 0
0.7348138093948364 0
0.9686233997344971 1
0.3984549045562744 0
0.5531057119369507 0
0.5217561721801758 0
0.9030699729919434 0
0.950118899345398 1
0.43644723296165466 0
0.3258640170097351 0
0.3322638273239136 0
0.31742948293685913 0
0.8799717426300049 1
0.8592936396598816 0
0.8907641172409058 0
0.4479174315929413 0
0.9767674207687378 0
0.8681293725967407 1
0.4302825331687927 0
0.38369321823120117 0
0.4150683283805847 0
0.5826206207275391 0
0.8301548957824707 1
0.43579429388046265 0
0.7576943635940552 0
0.39081692695617676 0
0.639324426651001 0
0.8812003135681152 1
0.37610721588134766 0
0.18116681277751923 0
0.9186987280845642 0
0.7885920405387878 0
0.9653795957565308 1
0.447138249874115 0
0.8491052389144897 0
0.5297044515609741 0
0.6097912788391113 0
0.6743025779724121 1
0.008820625953376293 0
0.25362807512283325 0
0.5243086814880371 0
0.41569197177886963 0
0.6631429195404053 1
0.04553193598985672 0
0.42678284645080566 0
0.34435737133026123 0
0.3991134762763977 0
0.39832955598831177 1
0.04715177044272423 0
0.37559565901756287 0
0.2156434953212738 0
0.2765987813472748 0
0.9150005578994751 1
0.3778306841850281 0
0.8550431132316589 0
0.6158997416496277 0
0.36310669779777527 0
0.9166104197502136 1
0.442263126373291 0
0.8348904848098755 0
0.25732338428497314 0
0.5542992353439331 0
0.6384660601615906 1
0.22557787597179413 0
0.6711337566375732 0
0.19823388755321503 0
0.2857706546783447 0
0.7970479726791382 1
0.02071479707956314 0
0.5855069756507874 0
0.6869842410087585 0
0.6724866628646851 0
0.7396876811981201 1
0.15883281826972961 0
0.841586709022522 0
0.6189819574356079 0
0.7066070437431335 0
0.37519586086273193 1
0.23013877868652344 0
0.7285069227218628 0
0.1675759255886078 0
0.5846673250198364 0
0.6362719535827637 1
0.10857710242271423 0
0.5519673824310303 0
0.7090460658073425 0
0.7198501825332642 0
0.8460832834243774 1
0.3502122759819031 0
0.7326550483703613 0
0.4966321885585785 0
0.3972463309764862 0
0.5336273908615112 1
0.06251335144042969 0
0.412456214427948 0
0.4182267189025879 0
0.5065677165985107 0
0.8825470209121704 1
0.17641860246658325 0
0.5795578956604004 0
0.1989797204732895 0
0.4426996409893036 0
0.8415012359619141 1
0.3163449168205261 0
0.5590155720710754 0
0.20457550883293152 0
0.09281998872756958 0
0.7655421495437622 1
0.14572584629058838 0
0.39950162172317505 0
0.15056359767913818 0
0.24708305299282074 0
0.6698224544525146 1
0.044371601194143295 0
0.6065381169319153 0
0.49238234758377075 0
0.201574444770813 0
0.8048132658004761 1
0.014959822408854961 0
0.15367425978183746 0
0.2808167338371277 0
0.18640413880348206 0
0.5267236232757568 1
0.04163317009806633 0
0.5326347351074219 0
0.21666574478149414 0
0.18331187963485718 0
0.4110649526119232 1
0.3456568121910095 0
0.36870312690734863 0
0.3396925926208496 0
0.029527148231863976 0
0.34388822317123413 1
0.15999287366867065 0
0.47771310806274414 0
0.400018572807312 0
0.4121764600276947 0
0.42548343539237976 1
0.5105677843093872 0
0.5381627678871155 0
0.5422067046165466 0
0.5034981966018677 0
0.35391438007354736 1
0.00913611613214016 0
0.39528888463974 0
0.33271467685699463 0
0.04287092015147209 0
0.34301185607910156 1
0.00363868847489357 0
0.17106294631958008 0
0.2777963876724243 0
0.001311709638684988 0
0.45733436942100525 1
0.011274568736553192 0
0.2607409358024597 0
0.25092262029647827 0
0.01646602898836136 0
0.9739486575126648 1
0.6336184144020081 0
0.7213709354400635 0
0.6250160336494446 0
0.010020555928349495 0
0.9542833566665649 1
0.42056769132614136 0
0.7453831434249878 0
0.5245661735534668 0
0.5633184909820557 0
0.9056471586227417 1
0.6345047950744629 0
0.7045111656188965 0
0.5603145956993103 0
0.49374639987945557 0
0.8041888475418091 1
0.04162926599383354 0
0.4997190237045288 0
0.6327255964279175 0
0.08238590508699417 0
0.8910462856292725 1
0.040159739553928375 0
0.7200584411621094 0
0.3265655040740967 0
0.013607646338641644 0
0.7251249551773071 1
0.31339067220687866 0
0.7919396162033081 0
0.5095933675765991 0
0.06001385673880577 0
0.3456879258155823 1
0.03975223749876022 0
0.11583216488361359 0
0.5108083486557007 0
0.38066157698631287 0
0.33586978912353516 1
0.22708652913570404 0
0.4721287488937378 0
0.1619100570678711 0
0.341755211353302 0
0.45029136538505554 1
0.2451317012310028 0
0.8048743009567261 0
0.38093218207359314 0
0.4285619258880615 0
0.36141467094421387 1
0.0644538477063179 0
0.12153156846761703 0
0.39632517099380493 0
0.07045137137174606 0
0.338103711605072 1
0.2317001223564148 0
0.5917311310768127 0
0.07486926764249802 0
0.012333343736827374 0
0.48802024126052856 1
0.08751684427261353 0
0.2776597738265991 0
0.3039416968822479 0
0.6087547540664673 0
0.80925053358078 1
0.06468276679515839 0
0.45998615026474 0
0.363034188747406 0
0.02240772917866707 0
0.6875187754631042 1
0.2759096324443817 0
0.5022539496421814 0
0.6980710029602051 0
0.6270312070846558 0
0.9717530012130737 1
0.3789823651313782 0
0.7281367182731628 0
0.5349414944648743 0
0.6428134441375732 0
0.5480781197547913 1
0.009215468540787697 0
0.3156360983848572 0
0.34425458312034607 0
0.008587117306888103 0
0.7347202301025391 1
0.004870244301855564 0
0.35983917117118835 0
0.31340041756629944 0
0.0025466391816735268 0
0.9808556437492371 1
0.049959998577833176 0
0.4092676341533661 0
0.29310333728790283 0
0.004005524329841137 0
0.5548528432846069 1
0.6057873964309692 0
0.3413701057434082 0
0.5901515483856201 0
0.23623663187026978 0
0.46079155802726746 1
0.3854617476463318 0
0.4372243881225586 0
0.3521483540534973 0
0.39140963554382324 0
0.6814112663269043 1
0.4568454623222351 0
0.40756815671920776 0
0.28235021233558655 0
0.3702797293663025 0
0.7284380197525024 1
0.010504688136279583 0
0.4526481628417969 0
0.0009137610322795808 0
0.14425751566886902 0
0.4891948103904724 1
0.10835413634777069 0
0.35997745394706726 0
0.22716081142425537 0
0.0009689823491498828 0
0.8247172236442566 1
0.5480855703353882 0
0.9393885135650635 0
0.40311309695243835 0
0.11211563646793365 0
0.656089723110199 1
0.02538129687309265 0
0.6354535222053528 0
0.4152577817440033 0
0.0022264227736741304 0
0.7700482606887817 1
0.05070219933986664 0
0.8236746788024902 0
0.3713206946849823 0
0.3357928991317749 0
0.7765812277793884 1
0.4421728551387787 0
0.883581817150116 0
0.33794400095939636 0
0.44058239459991455 0
0.4073278605937958 1
0.0008331131539307535 0
0.03444898873567581 0
0.24993310868740082 0
0.0004005154478363693 0
0.6547820568084717 1
0.00433481577783823 0
0.09508591890335083 0
0.14826679229736328 0
0.006969042122364044 0
0.8206977844238281 1
0.040894389152526855 0
0.27550455927848816 0
0.20285849273204803 0
0.002081130398437381 0
