0.9839791059494019 1
0.06916719675064087 0
0.3422003388404846 0
0.11991225928068161 0
0.6099634170532227 0
0.8705282211303711 1
0.14918962121009827 0
0.41426345705986023 0
0.38920336961746216 0
0.9520260691642761 0
0.9895541667938232 1
0.17846912145614624 0
0.9038618803024292 0
0.2831769585609436 0
0.2129179686307907 0
0.9933444857597351 1
0.5333749055862427 0
0.8008354902267456 0
0.10985533893108368 0
0.7028812766075134 0
0.968094527721405 1
0.7269459962844849 0
0.5314786434173584 0
0.7274946570396423 0
0.8940854072570801 0
0.9976146221160889 1
0.8635927438735962 0
0.9866366386413574 0
0.5819268226623535 0
0.9080219268798828 0
0.9755064249038696 1
0.1338702142238617 0
0.6416580080986023 0
0.029835950583219528 0
0.2331867516040802 0
0.9899234771728516 1
0.4959128797054291 0
0.30989426374435425 0
0.570117712020874 0
0.8826229572296143 0
0.9833937883377075 1
0.24483415484428406 0
0.5983278751373291 0
0.03646641969680786 0
0.08219046890735626 0
0.9952137470245361 1
0.06576015055179596 0
0.4264059066772461 0
0.1832389533519745 0
0.7322776317596436 0
0.9155687093734741 1
0.6746828556060791 0
0.107666015625 0
0.6513914465904236 0
0.9395694136619568 0
0.9872891306877136 1
0.3515719175338745 0
0.9214455485343933 0
0.6208256483078003 0
0.9667768478393555 0
0.9805812835693359 1
0.08607211709022522 0
0.133717879652977 0
0.1992717832326889 0
0.3488999605178833 0
0.9784272909164429 1
0.8339476585388184 0
0.973526656627655 0
0.8656934499740601 0
0.980705738067627 0
0.9951915740966797 1
0.21281376481056213 0
0.2924332022666931 0
0.26069530844688416 0
0.7391481399536133 0
0.9593806266784668 1
0.07711211591959 0
0.6957141160964966 0
0.2466362714767456 0
0.5886378288269043 0
0.9566106796264648 1
0.0833699107170105 0
0.047761887311935425 0
0.938748836517334 0
0.8823249340057373 0
0.9952229857444763 1
0.04756876081228256 0
0.8228594660758972 0
0.9445521235466003 0
0.9557940363883972 0
0.9514275789260864 1
0.0004289255593903363 0
0.004096407443284988 0
0.03969423100352287 0
0.07775647938251495 0
0.9769830107688904 1
0.00216353009454906 0
0.08423435688018799 0
0.012610126286745071 0
0.1800338327884674 0
0.8469961881637573 1
0.005168244242668152 0
0.11441224813461304 0
0.016588417813181877 0
0.07555650174617767 0
0.9973894357681274 1
0.07463712990283966 0
0.9876338839530945 0
0.5272204279899597 0
0.09868571162223816 0
0.9811844825744629 1
0.013698827475309372 0
0.8138825297355652 0
0.04132795333862305 0
0.4106230139732361 0
0.9524182081222534 1
0.04571303725242615 0
0.9310232400894165 0
0.008674662560224533 0
0.07668036222457886 0
0.9881932735443115 1
0.0023439438082277775 0
0.14495597779750824 0
0.8280318975448608 0
0.44769859313964844 0
0.9968485832214355 1
0.03205537796020508 0
0.32959362864494324 0
0.16032399237155914 0
0.47900184988975525 0
0.7089200019836426 1
0.025068681687116623 0
0.5918307304382324 0
0.042138777673244476 0
0.43422362208366394 0
0.969953179359436 1
0.06896091997623444 0
0.7432048320770264 0
0.9041473269462585 0
0.7252797484397888 0
0.996111273765564 1
0.0261390283703804 0
0.16651204228401184 0
0.532332718372345 0
0.35444673895835876 0
0.9397014379501343 1
0.011375704780220985 0
0.23824141919612885 0
0.312400758266449 0
0.48657721281051636 0
0.9958297610282898 1
0.1151631772518158 0
0.6907585859298706 0
0.2323833554983139 0
0.5623342990875244 0
0.9854086637496948 1
0.08195902407169342 0
0.29677605628967285 0
0.08975353091955185 0
0.026080012321472168 0
0.983474612236023 1
0.022778211161494255 0
0.4739660620689392 0
0.004540733527392149 0
0.016599325463175774 0
0.9697326421737671 1
0.023580102249979973 0
0.7338967323303223 0
0.6496736407279968 0
0.3909764289855957 0
0.9846324324607849 1
0.004434080328792334 0
0.024977952241897583 0
0.14720427989959717 0
0.09081291407346725 0
0.6215629577636719 1
0.01337591465562582 0
0.13732974231243134 0
0.0007211052579805255 0
0.00024207920068874955 0
0.9246275424957275 1
0.004660332575440407 0
0.47887569665908813 0
0.6467921733856201 0
0.11606192588806152 0
0.9252339601516724 1
0.008967450819909573 0
0.8332318663597107 0
0.9098248481750488 0
0.8704328536987305 0
0.7665018439292908 1
0.6989153623580933 0
0.8005349636077881 0
0.09642142057418823 0
0.394491970539093 0
0.7066618800163269 1
0.0016560516087338328 0
0.11158915609121323 0
0.22928866744041443 0
0.027904871851205826 0
0.8980464935302734 1
0.0013526533730328083 0
0.0074403975158929825 0
0.018540216609835625 0
0.0011833565076813102 0
0.9108566641807556 1
0.002298348117619753 0
0.2814110517501831 0
0.06825041770935059 0
0.17667263746261597 0
0.9907228946685791 1
0.39923176169395447 0
0.9566135406494141 0
0.7860181331634521 0
0.0602448545396328 0
0.9982897639274597 1
0.030523937195539474 0
0.9733740091323853 0
0.9353997111320496 0
0.7568906545639038 0
0.9937571883201599 1
0.29750382900238037 0
0.9728168249130249 0
0.04691026732325554 0
0.1481149047613144 0
0.9878551363945007 1
0.0016858347225934267 0
0.04349036142230034 0
0.5346014499664307 0
0.010759813711047173 0
0.9708849787712097 1
0.005083394702523947 0
0.4924708306789398 0
0.3297923803329468 0
0.02195514738559723 0
0.9780632853507996 1
0.10422307252883911 0
0.7915334701538086 0
0.5797185897827148 0
0.2429693639278412 0
0.9475765228271484 1
0.03682578355073929 0
0.12274523824453354 0
0.730803906917572 0
0.5425775051116943 0
0.9115548133850098 1
0.08789336681365967 0
0.07773666828870773 0
0.1927994340658188 0
0.7279180288314819 0
0.7005289793014526 1
0.02131284587085247 0
0.39391422271728516 0
0.034499745815992355 0
0.040889158844947815 0
0.8775684833526611 1
0.02265564352273941 0
0.18038302659988403 0
0.572998583316803 0
0.2166626900434494 0
0.9605749845504761 1
0.12385626882314682 0
0.4851854741573334 0
0.17872890830039978 0
0.08945569396018982 0
0.9319340586662292 1
0.16882352530956268 0
0.37609076499938965 0
0.6543660163879395 0
0.7149567008018494 0
0.9851235747337341 1
0.018141426146030426 0
0.7107359170913696 0
0.7980779409408569 0
0.058740340173244476 0
0.8861488103866577 1
0.2344498336315155 0
0.9667860865592957 0
0.9620981216430664 0
0.9424891471862793 0
0.9894052743911743 1
0.2514593005180359 0
0.8719724416732788 0
0.5924764275550842 0
0.8464881181716919 0
0.7616205215454102 1
0.004011195152997971 0
0.1957019567489624 0
0.7480697631835938 0
0.06452575325965881 0
0.9800008535385132 1
0.0033384114503860474 0
0.5859279632568359 0
0.8567347526550293 0
0.006473478861153126 0
0.9932760000228882 1
0.0033646102529019117 0
0.7701343894004822 0
0.539588451385498 0
0.005895746406167746 0
0.9262635111808777 1
0.740957498550415 0
0.5983309745788574 0
0.8280366659164429 0
0.4205288887023926 0
0.9941124320030212 1
0.2155190408229828 0
0.808335542678833 0
0.9424238204956055 0
0.8202163577079773 0
0.9531331062316895 1
0.054982781410217285 0
0.8185502886772156 0
0.2247961014509201 0
0.19301128387451172 0
0.9711334705352783 1
0.006943743675947189 0
0.717801034450531 0
0.0383525975048542 0
0.10064142942428589 0
0.9641620516777039 1
0.01967695914208889 0
0.2774847745895386 0
0.28272682428359985 0
0.007496924139559269 0
0.9789864420890808 1
0.56849205493927 0
0.6738499999046326 0
0.7775487899780273 0
0.2547980844974518 0
0.9338444471359253 1
0.03417675569653511 0
0.9422333240509033 0
0.7434195280075073 0
0.11205871403217316 0
0.9940230250358582 1
0.026782145723700523 0
0.8982479572296143 0
0.7970632910728455 0
0.690363883972168 0
0.8042612075805664 1
0.01372046209871769 0
0.9065344333648682 0
0.4792862832546234 0
0.43235689401626587 0
0.7791568040847778 1
0.0015064597828313708 0
0.010685774497687817 0
0.4877590537071228 0
0.00021829601610079408 0
0.9374586343765259 1
0.006835772655904293 0
0.027911599725484848 0
0.3397105932235718 0
0.027579568326473236 0
0.9421126246452332 1
0.12780828773975372 0
0.0721420869231224 0
0.7345790863037109 0
0.13084883987903595 0
