0.1951548308134079 1
0.4462577700614929 1
0.05219648405909538 1
0.26043519377708435 1
0.15361514687538147 1
0.3011445701122284 1
0.6204077005386353 1
0.0025943699292838573 1
0.5045468807220459 1
0.13523198664188385 1
0.33719778060913086 1
0.0833619236946106 1
0.45724326372146606 1
0.5430153012275696 1
0.20928621292114258 1
0.32870563864707947 1
0.0007287240005098283 1
0.3583780527114868 1
0.06263986229896545 1
0.8509048819541931 1
0.3608475625514984 1
0.040207475423812866 1
0.7892419695854187 1
0.003441096981987357 0
0.0007892906432971358 0
0.35481688380241394 0
0.0015620507765561342 0
0.1438487023115158 0
0.2834841012954712 0
0.0008023480186238885 0
0.0012670562136918306 0
0.26271069049835205 0
0.08592535555362701 0
0.006532489322125912 0
0.699284553527832 0
0.00012005859753116965 0
0.0006094170967116952 0
0.4301799237728119 0
0.0019146351842209697 0
0.0003422148001845926 0
0.4239964187145233 0
0.0004492584557738155 0
0.0003996220766566694 0
0.37303125858306885 0
0.0342099629342556 0
0.003310372121632099 0
0.3375719487667084 0
0.0015460855793207884 0
0.011648467741906643 0
0.3159334063529968 0
0.0007502669468522072 0
0.0030550057999789715 0
0.3239508271217346 0
0.0024583342019468546 0
0.005140724591910839 0
0.32040268182754517 0
0.0020983524154871702 0
0.0202450193464756 0
0.33410847187042236 0
0.004766830243170261 0
0.00211197417229414 0
0.3161618709564209 0
0.0005062402924522758 0
0.009661316871643066 0
0.33192604780197144 0
0.09342079609632492 0
0.002492930507287383 0
0.3558845520019531 0
0.000979861943051219 0
0.002610689029097557 0
0.34144461154937744 0
0.004931326024234295 0
0.00386585621163249 0
0.3526943624019623 0
0.0005000100354664028 0
0.025348424911499023 0
0.30110475420951843 0
0.0006600121269002557 0
0.0017833097372204065 0
0.4031798243522644 0
0.006632575299590826 0
0.0035948920994997025 0
0.39444899559020996 0
0.004648249596357346 0
0.01762557588517666 0
0.2721622586250305 0
0.0036504934541881084 0
0.00905814953148365 0
0.5664808750152588 0
0.04070735722780228 0
0.0014397082850337029 0
0.676033616065979 0
0.7111958265304565 1
0.8676724433898926 1
0.33332350850105286 1
0.7004468441009521 1
0.6970939040184021 1
0.8172778487205505 1
0.8403035998344421 1
0.915451169013977 1
0.8129774928092957 1
0.3231254518032074 1
0.6411566734313965 1
0.7232193350791931 1
0.36374396085739136 1
0.33871015906333923 1
0.4543002247810364 1
0.2164706438779831 1
0.726817786693573 1
0.3479718565940857 1
0.35133036971092224 1
0.32121413946151733 1
0.4128454923629761 1
0.6045389771461487 1
0.5903414487838745 1
