0.20533816516399384 1
0.399757444858551 1
0.02028294838964939 1
0.23646917939186096 1
0.004444155842065811 1
0.2907429337501526 1
0.7046934366226196 1
0.02511492930352688 1
0.48503100872039795 1
0.20778292417526245 1
0.3226000666618347 1
0.08142820745706558 1
0.45234426856040955 1
0.4973437190055847 1
0.8500775098800659 1
0.24387560784816742 1
0.00523978378623724 1
0.2868342995643616 1
0.09289003908634186 1
0.7640113234519958 1
0.26210540533065796 1
0.3393634259700775 1
0.6900536417961121 1
0.002709287917241454 0
0.00143241579644382 0
0.4073089361190796 0
0.0011568780755624175 0
0.060820162296295166 0
0.28143659234046936 0
0.000800080131739378 0
0.00176536594517529 0
0.24695289134979248 0
0.00769532285630703 0
0.06129322201013565 0
0.8588577508926392 0
9.020978177431971e-05 0
0.00019663442799355835 0
0.8701876401901245 0
0.0002978641423396766 0
0.0006401030695997179 0
0.26540863513946533 0
0.0005780127830803394 0
0.0010985410772264004 0
0.38190197944641113 0
0.03028295934200287 0
0.005605403333902359 0
0.3349233567714691 0
0.000704258622135967 0
0.011642481200397015 0
0.29369622468948364 0
0.0006669393624179065 0
0.0004902970395050943 0
0.3305776119232178 0
0.004308509640395641 0
0.005850309506058693 0
0.32782402634620667 0
0.008618276566267014 0
0.008831394836306572 0
0.336269736289978 0
0.009904371574521065 0
0.0033295422326773405 0
0.3378838300704956 0
0.0015663618687540293 0
0.026880457997322083 0
0.3318590223789215 0
0.029270589351654053 0
0.007137923967093229 0
0.3787481486797333 0
0.007030471693724394 0
0.005720506887882948 0
0.3596874475479126 0
0.015952160581946373 0
0.06056114658713341 0
0.3517877757549286 0
0.0003585681552067399 0
0.006571236532181501 0
0.3471873700618744 0
0.0004050800343975425 0
0.0008951642084866762 0
0.3878863453865051 0
0.006096282042562962 0
0.008595798164606094 0
0.5068363547325134 0
0.0019215623615309596 0
0.019950982183218002 0
0.5072014927864075 0
0.003327292390167713 0
0.004405091516673565 0
0.483679860830307 0
0.05445730686187744 0
0.0011703651398420334 0
0.6173028945922852 0
0.7049541473388672 1
0.8869869112968445 1
0.35313838720321655 1
0.6982035040855408 1
0.8492347002029419 1
0.9389049410820007 1
0.9592573046684265 1
0.9913737177848816 1
0.8338896632194519 1
0.3721632659435272 1
0.387449711561203 1
0.8430323600769043 1
0.3865392804145813 1
0.3776588439941406 1
0.3608706593513489 1
0.16771814227104187 1
0.9072083234786987 1
0.2974841892719269 1
0.4919394254684448 1
0.3314948081970215 1
0.7538911700248718 1
0.6750075221061707 1
0.6647336483001709 1
