0.23557482659816742 1
0.45837876200675964 1
0.29239562153816223 1
0.31038516759872437 1
0.058575890958309174 1
0.4966764450073242 1
0.6728646755218506 1
0.004677128978073597 1
0.5880689024925232 1
0.3193943500518799 1
0.4137345552444458 1
0.07265429198741913 1
0.47142741084098816 1
0.6857234835624695 1
0.9155442118644714 1
0.6512479782104492 1
0.0034771766513586044 1
0.5709834694862366 1
0.08422677963972092 1
0.6807758808135986 1
0.3027421832084656 1
0.43368345499038696 1
0.9293438792228699 1
0.005312939174473286 0
0.0010183857521042228 0
0.46289199590682983 0
0.0006430199719034135 0
0.06543982028961182 0
0.29732733964920044 0
0.0005380352376960218 0
0.001924474141560495 0
0.3090665340423584 0
0.022732090204954147 0
0.016922982409596443 0
0.7010928988456726 0
0.0001521425147075206 0
0.0005202647298574448 0
0.740385890007019 0
0.0013890261761844158 0
0.0005146618350408971 0
0.5752990245819092 0
0.0012943113688379526 0
0.006822062656283379 0
0.4787825345993042 0
0.04954294115304947 0
0.00675145722925663 0
0.38224273920059204 0
0.0015844609588384628 0
0.026287980377674103 0
0.3625119626522064 0
0.00183310906868428 0
0.005630522966384888 0
0.33843815326690674 0
0.006579884793609381 0
0.018709495663642883 0
0.32720160484313965 0
0.00565334502607584 0
0.016143901273608208 0
0.34103018045425415 0
0.013011634349822998 0
0.004634485114365816 0
0.3445607125759125 0
0.0008969692280516028 0
0.03494096174836159 0
0.3452189564704895 0
0.03919752314686775 0
0.0029982919804751873 0
0.4744981527328491 0
0.008422776125371456 0
0.0016455065924674273 0
0.3727602958679199 0
0.042658694088459015 0
0.02567160688340664 0
0.3877633213996887 0
0.0005571776418946683 0
0.02151535265147686 0
0.38055092096328735 0
0.0005944459117017686 0
0.0023588002659380436 0
0.46071335673332214 0
0.00372460950165987 0
0.004911268129944801 0
0.6548274755477905 0
0.015437167137861252 0
0.05147328972816467 0
0.42389199137687683 0
0.006184292025864124 0
0.003453314770013094 0
0.5891537666320801 0
0.05143703520298004 0
0.0011227582581341267 0
0.6831499338150024 0
0.7263839244842529 1
0.8160800933837891 1
0.33986198902130127 1
0.7128223180770874 1
0.6770468950271606 1
0.8391491770744324 1
0.8403152823448181 1
0.862462043762207 1
0.7784627676010132 1
0.3503626585006714 1
0.7015012502670288 1
0.7280446290969849 1
0.38808542490005493 1
0.41499751806259155 1
0.5891391634941101 1
0.3613295555114746 1
0.7618428468704224 1
0.39432889223098755 1
0.3970121741294861 1
0.2876274585723877 1
0.6024569272994995 1
0.6344946622848511 1
0.5838689804077148 1
