0.31155112385749817 1
0.6016088724136353 1
0.28348952531814575 1
0.4929247498512268 1
0.11477957665920258 1
0.4533621072769165 1
0.8348204493522644 1
0.027862537652254105 1
0.39929789304733276 1
0.2875506281852722 1
0.36887669563293457 1
0.032152365893125534 1
0.43209776282310486 1
0.5436868071556091 1
0.9218232035636902 1
0.378217875957489 1
0.050372764468193054 1
0.4082282483577728 1
0.05724427103996277 1
0.6331713199615479 1
0.21773605048656464 1
0.28763508796691895 1
0.910653293132782 1
0.012678503058850765 0
0.0015254801837727427 0
0.8979449272155762 0
0.000977543299086392 0
0.10252584517002106 0
0.3273882269859314 0
0.0025644933339208364 0
0.0026615930255502462 0
0.242961585521698 0
0.008828996680676937 0
0.06646215915679932 0
0.9740334749221802 0
0.00028703955467790365 0
0.0009404862066730857 0
0.9198373556137085 0
0.0012297299690544605 0
0.00018190059927292168 0
0.9382262229919434 0
0.0013466335367411375 0
0.0015415864763781428 0
0.8090357780456543 0
0.046281393617391586 0
0.006116826087236404 0
0.3350822925567627 0
0.0012395881349220872 0
0.006443552672863007 0
0.6606900095939636 0
0.0007692390354350209 0
0.017687350511550903 0
0.3384782075881958 0
0.007911287248134613 0
0.014036178588867188 0
0.36105263233184814 0
0.018390830606222153 0
0.042835503816604614 0
0.5238170623779297 0
0.06211739778518677 0
0.007814549840986729 0
0.6847563982009888 0
0.0017365029780194163 0
0.015779055655002594 0
0.4588587284088135 0
0.02702145278453827 0
0.006172498222440481 0
0.6064756512641907 0
0.008941352367401123 0
0.007316141854971647 0
0.5793344974517822 0
0.1162852942943573 0
0.01890193112194538 0
0.8755645751953125 0
0.0006493956316262484 0
0.08809235692024231 0
0.5985339283943176 0
0.0017936034128069878 0
0.004177087917923927 0
0.6600399017333984 0
0.005128568038344383 0
0.013890586793422699 0
0.6895245313644409 0
0.018459085375070572 0
0.10485615581274033 0
0.6120847463607788 0
0.014347659423947334 0
0.02468026988208294 0
0.7664227485656738 0
0.19775740802288055 0
0.0031466023065149784 0
0.8583238124847412 0
0.7809991836547852 1
0.9698847532272339 1
0.8192533850669861 1
0.7343504428863525 1
0.9904758930206299 1
0.9956783056259155 1
0.9972941279411316 1
0.996062159538269 1
0.9520441889762878 1
0.4925389885902405 1
0.6189442873001099 1
0.9554445743560791 1
0.6272880434989929 1
0.5598370432853699 1
0.6816586852073669 1
0.4225800037384033 1
0.9625768065452576 1
0.697762131690979 1
0.7243025302886963 1
0.6718162894248962 1
0.942857027053833 1
0.9186205863952637 1
0.657137930393219 1
