0.6217147707939148 1
0.2422686070203781 0
0.29143843054771423 0
0.10698641836643219 0
0.38598108291625977 0
0.6395429372787476 1
0.07756240665912628 0
0.29394325613975525 0
0.06078031659126282 0
0.48513221740722656 0
0.46883177757263184 1
0.2991258502006531 0
0.33493679761886597 0
0.24443978071212769 0
0.2819870710372925 0
0.870995283126831 1
0.43309924006462097 0
0.7634791135787964 0
0.012316843494772911 0
0.3906109035015106 0
0.8239173889160156 1
0.5542855262756348 0
0.7695597410202026 0
0.5893964767456055 0
0.5259506702423096 0
0.9452461004257202 1
0.8105363249778748 0
0.735386848449707 0
0.26187315583229065 0
0.5259863138198853 0
0.7213255763053894 1
0.5365509986877441 0
0.9398382902145386 0
0.2762174606323242 0
0.382274866104126 0
0.6272363662719727 1
0.6939963102340698 0
0.35689854621887207 0
0.26907941699028015 0
0.5143753290176392 0
0.3460034132003784 1
0.6654113531112671 0
0.7619502544403076 0
0.2712584435939789 0
0.3271055221557617 0
0.9609519839286804 1
0.028484558686614037 0
0.22131375968456268 0
0.014698369428515434 0
0.6088796854019165 0
0.8220347762107849 1
0.11576532572507858 0
0.042172353714704514 0
0.25366461277008057 0
0.23450219631195068 0
0.6861052513122559 1
0.2745380401611328 0
0.3073005676269531 0
0.1403501331806183 0
0.6288224458694458 0
0.8794311285018921 1
0.11613696068525314 0
0.29454654455184937 0
0.033329255878925323 0
0.1313008815050125 0
0.7404255270957947 1
0.9562892317771912 0
0.9590154886245728 0
0.4528699517250061 0
0.8335051536560059 0
0.6734268665313721 1
0.306296169757843 0
0.3397665023803711 0
0.3276559114456177 0
0.5138587951660156 0
0.5208700895309448 1
0.06493869423866272 0
0.3321897089481354 0
0.02023700624704361 0
0.031084556132555008 0
0.7032980918884277 1
0.6392538547515869 0
0.6372495889663696 0
0.866213321685791 0
0.21227556467056274 0
0.6593222618103027 1
0.023620210587978363 0
0.2882177233695984 0
0.33238911628723145 0
0.24386364221572876 0
0.6435505151748657 1
0.0007269831839948893 0
0.02821291610598564 0
0.12597346305847168 0
0.12045832723379135 0
0.6413682699203491 1
0.0013216709485277534 0
0.1833789199590683 0
0.03592468053102493 0
0.03928765654563904 0
0.44284969568252563 1
0.007257666438817978 0
0.25712957978248596 0
0.025251898914575577 0
0.04581662267446518 0
0.6695222854614258 1
0.09625239670276642 0
0.7504205107688904 0
0.19877015054225922 0
0.019752727821469307 0
0.6714731454849243 1
0.011883389204740524 0
0.665719211101532 0
0.04468380659818649 0
0.05029015988111496 0
0.41882094740867615 1
0.17049315571784973 0
0.5129068493843079 0
0.028706718236207962 0
0.024627825245261192 0
0.6637336015701294 1
0.2757534384727478 0
0.7919186949729919 0
0.6056112051010132 0
0.3695563077926636 0
0.7110843062400818 1
0.03992936760187149 0
0.854711651802063 0
0.41232985258102417 0
0.4297054409980774 0
0.42569053173065186 1
0.10164990276098251 0
0.8259040713310242 0
0.13426975905895233 0
0.34314844012260437 0
0.666336715221405 1
0.008581805974245071 0
0.22346678376197815 0
0.5079962015151978 0
0.5031040906906128 0
0.684748113155365 1
0.009761888533830643 0
0.36557620763778687 0
0.3004686236381531 0
0.06728342175483704 0
0.38224315643310547 1
0.006601207889616489 0
0.09911870956420898 0
0.07570881396532059 0
0.1616089940071106 0
0.7163295745849609 1
0.07011934369802475 0
0.29348450899124146 0
0.014419274404644966 0
0.191390722990036 0
0.6844030618667603 1
0.06452847272157669 0
0.2808784246444702 0
0.021928882226347923 0
0.00540186557918787 0
0.6032573580741882 1
0.07146661728620529 0
0.1525479257106781 0
0.00603092648088932 0
0.015300377272069454 0
0.40761202573776245 1
0.003947689663618803 0
0.04366643354296684 0
0.050952643156051636 0
0.00851408950984478 0
0.4554934501647949 1
0.0017415478359907866 0
0.003107862314209342 0
0.012724380940198898 0
0.0006186626851558685 0
0.1702890247106552 1
0.009558450430631638 0
0.050312332808971405 0
0.002640505786985159 0
0.0038808444514870644 0
0.3399795889854431 1
0.22664549946784973 0
0.3316633999347687 0
0.33083951473236084 0
0.018480584025382996 0
0.33526402711868286 1
0.179530069231987 0
0.33848947286605835 0
0.3363146483898163 0
0.2599797248840332 0
0.3375842273235321 1
0.28661641478538513 0
0.33306342363357544 0
0.14504553377628326 0
0.29474860429763794 0
0.33411499857902527 1
0.008277911692857742 0
0.3087548613548279 0
0.30059927701950073 0
0.0013755604159086943 0
0.3674018085002899 1
0.00884271040558815 0
0.08356407284736633 0
0.30937355756759644 0
0.002802591770887375 0
0.5957854390144348 1
0.003917441703379154 0
0.0626431256532669 0
0.3031308054924011 0
0.010734757408499718 0
0.7443318367004395 1
0.658366858959198 0
0.6512956023216248 0
0.36582478880882263 0
0.01411237008869648 0
0.7114684581756592 1
0.5072098970413208 0
0.6357647776603699 0
0.34577810764312744 0
0.3269512355327606 0
0.8247599005699158 1
0.34373247623443604 0
0.35378360748291016 0
0.017068982124328613 0
0.04033491760492325 0
0.6667299270629883 1
0.02770335040986538 0
0.1439628005027771 0
0.2335292547941208 0
0.0007774053956381977 0
0.6817960143089294 1
0.08130484819412231 0
0.6352102160453796 0
0.3221740424633026 0
0.003996708430349827 0
0.7405204772949219 1
0.3935312032699585 0
0.7883782386779785 0
0.6399774551391602 0
0.005336700938642025 0
0.3339840769767761 1
0.2357422560453415 0
0.4169299006462097 0
0.6024081110954285 0
0.5390600562095642 0
0.34478336572647095 1
0.23682507872581482 0
0.5214201211929321 0
0.1483306735754013 0
0.4273436665534973 0
0.42665430903434753 1
0.24470482766628265 0
0.8954827785491943 0
0.0765938013792038 0
0.11302831768989563 0
0.39309340715408325 1
0.37420010566711426 0
0.4443492889404297 0
0.49884796142578125 0
0.02772420458495617 0
0.3528367280960083 1
0.12421371787786484 0
0.6544327139854431 0
0.2633828818798065 0
0.015415998175740242 0
0.6349127292633057 1
0.35535115003585815 0
0.685813307762146 0
0.5012818574905396 0
0.637467086315155 0
0.6627676486968994 1
0.0863441452383995 0
0.2979012727737427 0
0.2975940406322479 0
0.00900750607252121 0
0.6696121096611023 1
0.2388557493686676 0
0.3954549729824066 0
0.03908621892333031 0
0.5351270437240601 0
0.9926292300224304 1
0.006788506638258696 0
0.31226494908332825 0
0.12764622271060944 0
0.3590887784957886 0
0.5904411673545837 1
0.00018159508181270212 0
0.3220251202583313 0
0.31019046902656555 0
0.0011459962697699666 0
0.6755535006523132 1
0.006841079331934452 0
0.3125893473625183 0
0.3329969644546509 0
0.009150159545242786 0
0.9017311334609985 1
0.163385272026062 0
0.08810986578464508 0
0.5243107676506042 0
0.015029209665954113 0
0.4866243302822113 1
0.3435114324092865 0
0.33415472507476807 0
0.34810495376586914 0
0.14969688653945923 0
0.6092314720153809 1
0.35401421785354614 0
0.3544257879257202 0
0.34087416529655457 0
0.33699506521224976 0
0.5499511957168579 1
0.025426387786865234 0
0.3284974694252014 0
0.025466566905379295 0
0.04528548941016197 0
0.6785973310470581 1
0.19759529829025269 0
0.529556930065155 0
0.003724262584000826 0
0.001101071946322918 0
0.579314112663269 1
0.3182239532470703 0
0.3535158634185791 0
0.23127035796642303 0
0.05702665075659752 0
0.7284529209136963 1
0.6302294731140137 0
0.8016735315322876 0
0.6411274671554565 0
0.1680503487586975 0
0.35546255111694336 1
0.03057469241321087 0
0.008054855279624462 0
0.27632439136505127 0
0.0029278751462697983 0
0.5866717100143433 1
0.0018734754994511604 0
0.13766588270664215 0
0.0531008243560791 0
0.03840196132659912 0
0.16954633593559265 1
0.008601820096373558 0
0.5540758967399597 0
0.07610519975423813 0
0.003629411105066538 0
0.0733627900481224 1
0.008819421753287315 0
0.003060470335185528 0
0.007551341783255339 0
0.0001262649311684072 0
0.40389344096183777 1
0.002421735320240259 0
0.06684867292642593 0
0.13622663915157318 0
0.0026901145465672016 0
0.37329134345054626 1
0.01227762084454298 0
0.3563341498374939 0
0.3030410706996918 0
0.0033875047229230404 0
