0.6781682372093201 1
0.3112190365791321 0
0.3281407952308655 0
0.23709636926651 0
0.38447460532188416 0
0.6667715907096863 1
0.11416409909725189 0
0.391635000705719 0
0.3400000333786011 0
0.5651602745056152 0
0.626441478729248 1
0.29625633358955383 0
0.33712124824523926 0
0.3275817930698395 0
0.420996755361557 0
0.9375159740447998 1
0.7316983938217163 0
0.8510808944702148 0
0.23930500447750092 0
0.6171896457672119 0
0.9207715392112732 1
0.8921687006950378 0
0.8826278448104858 0
0.528407871723175 0
0.7309476733207703 0
0.9773706793785095 1
0.8606826066970825 0
0.9190210103988647 0
0.32416099309921265 0
0.6485432386398315 0
0.647075355052948 1
0.5176907181739807 0
0.9765706062316895 0
0.2945539951324463 0
0.35200604796409607 0
0.6471832394599915 1
0.8463495969772339 0
0.38601046800613403 0
0.33323758840560913 0
0.6334532499313354 0
0.4213385283946991 1
0.7790517210960388 0
0.9652601480484009 0
0.31625688076019287 0
0.33779484033584595 0
0.9880446195602417 1
0.16594821214675903 0
0.32964378595352173 0
0.07766290009021759 0
0.641486406326294 0
0.9130355715751648 1
0.15299466252326965 0
0.2537127733230591 0
0.5783545970916748 0
0.593490719795227 0
0.8847448229789734 1
0.314873605966568 0
0.3226671814918518 0
0.37951576709747314 0
0.6884362697601318 0
0.9195231795310974 1
0.32444944977760315 0
0.34279268980026245 0
0.300323486328125 0
0.40317076444625854 0
0.9061354398727417 1
0.9819561243057251 0
0.9718509912490845 0
0.5099846720695496 0
0.9449047446250916 0
0.6923384070396423 1
0.3247780203819275 0
0.34331223368644714 0
0.33925947546958923 0
0.5735408663749695 0
0.7393515110015869 1
0.3234962821006775 0
0.6308566331863403 0
0.3110749125480652 0
0.19117966294288635 0
0.8601254224777222 1
0.6705684661865234 0
0.6493439078330994 0
0.9170379042625427 0
0.48247477412223816 0
0.8493788242340088 1
0.1414729207754135 0
0.6697952151298523 0
0.5062559843063354 0
0.607975959777832 0
0.6410740613937378 1
0.0015838145045563579 0
0.08254215121269226 0
0.2781323492527008 0
0.1725054681301117 0
0.635216236114502 1
0.029911059886217117 0
0.31621670722961426 0
0.1455632597208023 0
0.27968281507492065 0
0.6363714933395386 1
0.07995884120464325 0
0.33356913924217224 0
0.30386248230934143 0
0.21247655153274536 0
0.6675933599472046 1
0.15277397632598877 0
0.6965218782424927 0
0.3497473895549774 0
0.028910420835018158 0
0.687229335308075 1
0.2239183634519577 0
0.6706362962722778 0
0.28931567072868347 0
0.3319507837295532 0
0.48328897356987 1
0.3029055595397949 0
0.6248937845230103 0
0.24733322858810425 0
0.2741921842098236 0
0.6640433073043823 1
0.1277192234992981 0
0.9484736919403076 0
0.6214585304260254 0
0.4769328832626343 0
0.715000569820404 1
0.1048058494925499 0
0.9653325080871582 0
0.6199082732200623 0
0.6109451055526733 0
0.6552085876464844 1
0.14788252115249634 0
0.9122886657714844 0
0.30524733662605286 0
0.5557531118392944 0
0.6505467891693115 1
0.05539372190833092 0
0.3775709569454193 0
0.612470269203186 0
0.5788323879241943 0
0.6915580034255981 1
0.18546316027641296 0
0.3370010256767273 0
0.3930714726448059 0
0.49662625789642334 0
0.5305277109146118 1
0.017370019108057022 0
0.33372482657432556 0
0.29381394386291504 0
0.3448420763015747 0
0.6941243410110474 1
0.20614288747310638 0
0.3925539255142212 0
0.2060929238796234 0
0.30236542224884033 0
0.6713277101516724 1
0.18664845824241638 0
0.4091159701347351 0
0.16899925470352173 0
0.017787357792258263 0
0.6698757410049438 1
0.27752572298049927 0
0.3567569851875305 0
0.19295939803123474 0
0.1739521026611328 0
0.5136133432388306 1
0.010833285748958588 0
0.08479730784893036 0
0.3061259686946869 0
0.061798688024282455 0
0.6333321928977966 1
0.009897483512759209 0
0.018012646585702896 0
0.16982625424861908 0
0.04607611894607544 0
0.33603987097740173 1
0.05171031504869461 0
0.19162850081920624 0
0.03390040993690491 0
0.04980961233377457 0
0.3372519016265869 1
0.3171271085739136 0
0.33296075463294983 0
0.33325865864753723 0
0.2010652720928192 0
0.35742831230163574 1
0.2499363273382187 0
0.3345157504081726 0
0.3418905436992645 0
0.34542155265808105 0
0.34512782096862793 1
0.2935711145401001 0
0.3338441252708435 0
0.13957799971103668 0
0.2777726948261261 0
0.35244008898735046 1
0.03859078139066696 0
0.3083518147468567 0
0.33239078521728516 0
0.039284445345401764 0
0.4559445083141327 1
0.011122127994894981 0
0.056923940777778625 0
0.30180394649505615 0
0.04007337614893913 0
0.6519284844398499 1
0.023832660168409348 0
0.21730026602745056 0
0.3320167064666748 0
0.1299736350774765 0
0.7670993208885193 1
0.6346049308776855 0
0.6491166353225708 0
0.45082172751426697 0
0.16107873618602753 0
0.7344518899917603 1
0.2473844736814499 0
0.660606324672699 0
0.47201308608055115 0
0.48708435893058777 0
0.9161382913589478 1
0.3933766484260559 0
0.40106138586997986 0
0.23111367225646973 0
0.33225706219673157 0
0.6677646636962891 1
0.10219260305166245 0
0.3145115077495575 0
0.40268370509147644 0
0.07348856329917908 0
0.7173798084259033 1
0.21000424027442932 0
0.6804295778274536 0
0.33283287286758423 0
0.10236148536205292 0
0.8448702096939087 1
0.634514331817627 0
0.9037735462188721 0
0.6636819243431091 0
0.061034828424453735 0
0.3343066871166229 1
0.305522620677948 0
0.8286290168762207 0
0.6562591195106506 0
0.5984705686569214 0
0.3478489816188812 1
0.44059452414512634 0
0.8992549180984497 0
0.29807373881340027 0
0.5352610349655151 0
0.5476701855659485 1
0.48827800154685974 0
0.9770342707633972 0
0.24789583683013916 0
0.20885363221168518 0
0.5543422102928162 1
0.4239156246185303 0
0.695809006690979 0
0.5308445692062378 0
0.16447985172271729 0
0.40976542234420776 1
0.586373507976532 0
0.7191137075424194 0
0.2874971032142639 0
0.12447737902402878 0
0.5682017803192139 1
0.5732846260070801 0
0.7705647349357605 0
0.6307693719863892 0
0.6710376739501953 0
0.6883808374404907 1
0.1691000759601593 0
0.326450914144516 0
0.4176808297634125 0
0.24075651168823242 0
0.6680540442466736 1
0.32416921854019165 0
0.384030282497406 0
0.5946077704429626 0
0.5334722995758057 0
0.9771363139152527 1
0.05065973103046417 0
0.33140960335731506 0
0.2116016149520874 0
0.4524917006492615 0
0.5014060139656067 1
0.0003157136379741132 0
0.31220391392707825 0
0.40833932161331177 0
0.010406340472400188 0
0.6669162511825562 1
0.04518214985728264 0
0.29364830255508423 0
0.33431732654571533 0
0.010535775683820248 0
0.9753565192222595 1
0.2402908205986023 0
0.27048951387405396 0
0.6408984065055847 0
0.0055928416550159454 0
0.5726562142372131 1
0.35460609197616577 0
0.3342563807964325 0
0.3612225651741028 0
0.3230498433113098 0
0.6971861720085144 1
0.33929145336151123 0
0.3694881200790405 0
0.3804164528846741 0
0.48830851912498474 0
0.6372396945953369 1
0.2599538266658783 0
0.3310734033584595 0
0.21103832125663757 0
0.28132081031799316 0
0.6681482195854187 1
0.2723933458328247 0
0.6575614809989929 0
0.036130066961050034 0
0.07649117708206177 0
0.6561480164527893 1
0.31832295656204224 0
0.3805404305458069 0
0.321550190448761 0
0.018024254590272903 0
0.7470471858978271 1
0.6691694259643555 0
0.9276800155639648 0
0.6650007963180542 0
0.2046777307987213 0
0.39331817626953125 1
0.30972304940223694 0
0.3803706765174866 0
0.334953248500824 0
0.09464371204376221 0
0.6381202340126038 1
0.010747472755610943 0
0.3327019214630127 0
0.332745760679245 0
0.2438674420118332 0
0.6008260250091553 1
0.15011778473854065 0
0.6063629984855652 0
0.27901265025138855 0
0.07650401443243027 0
0.3263414800167084 1
0.06175410747528076 0
0.036088187247514725 0
0.21566498279571533 0
0.0006026991177350283 0
0.6035816073417664 1
0.006672103889286518 0
0.11115087568759918 0
0.31052419543266296 0
0.02790914848446846 0
0.6102315783500671 1
0.10611133277416229 0
0.46582555770874023 0
0.5505069494247437 0
0.024965643882751465 0
