0.9989580512046814 1
0.2270197570323944 0
0.32230281829833984 0
0.05544876679778099 0
0.7341643571853638 0
0.9912673830986023 1
0.1151534840464592 0
0.8630326986312866 0
0.34215593338012695 0
0.9856123328208923 0
0.9998320937156677 1
0.17095467448234558 0
0.8437437415122986 0
0.5565454959869385 0
0.5026016235351562 0
0.9998373985290527 1
0.5800951719284058 0
0.91595458984375 0
0.35841667652130127 0
0.9621374607086182 0
0.9968191385269165 1
0.8591718673706055 0
0.967503011226654 0
0.9932392835617065 0
0.9853147864341736 0
0.9999961256980896 1
0.9788219928741455 0
0.994691014289856 0
0.9692806005477905 0
0.9938845634460449 0
0.9626852869987488 1
0.01208638958632946 0
0.8754115104675293 0
0.041780851781368256 0
0.5074659585952759 0
0.9977414608001709 1
0.012973017990589142 0
0.01864902675151825 0
0.0773983970284462 0
0.43204498291015625 0
0.9883992075920105 1
0.28204816579818726 0
0.7051301002502441 0
0.005595074035227299 0
0.40726858377456665 0
0.999720573425293 1
0.3835342824459076 0
0.7218199968338013 0
0.24116504192352295 0
0.9465619325637817 0
0.9971383810043335 1
0.8453134298324585 0
0.3670443296432495 0
0.9785832166671753 0
0.9828474521636963 0
0.9999257922172546 1
0.7011448740959167 0
0.9612767696380615 0
0.8389273881912231 0
0.9983935356140137 0
0.9984288215637207 1
0.09218887984752655 0
0.030823539942502975 0
0.39354854822158813 0
0.5391592979431152 0
0.9989088773727417 1
0.9921644926071167 0
0.9963223338127136 0
0.917883574962616 0
0.99546879529953 0
0.9995783567428589 1
0.3499818444252014 0
0.12277033925056458 0
0.820155143737793 0
0.9302411079406738 0
0.9985135793685913 1
0.12075330317020416 0
0.5235163569450378 0
0.7938584089279175 0
0.6430186033248901 0
0.9973582029342651 1
0.2890099883079529 0
0.1524607539176941 0
0.9995495676994324 0
0.8319153785705566 0
0.9999592304229736 1
0.08665637671947479 0
0.7417089939117432 0
0.9933351278305054 0
0.3131784200668335 0
0.7775413393974304 1
9.05969282030128e-05 0
0.0005228984518907964 0
0.02323649823665619 0
0.004117744043469429 0
0.9872986674308777 1
0.001908378442749381 0
0.1991722285747528 0
0.019211797043681145 0
0.023995129391551018 0
0.8350600004196167 1
0.004620793741196394 0
0.07831596583127975 0
0.0055285110138356686 0
0.037576403468847275 0
0.9989878535270691 1
0.006561352871358395 0
0.9697415232658386 0
0.05640140920877457 0
0.0030229759868234396 0
0.9987818002700806 1
0.0231502503156662 0
0.9497730135917664 0
0.02496499940752983 0
0.024045728147029877 0
0.9969498515129089 1
0.04251600801944733 0
0.9279307126998901 0
0.008975300937891006 0
0.018122870475053787 0
0.9920408129692078 1
0.004003135487437248 0
0.44172462821006775 0
0.22756865620613098 0
0.016863148659467697 0
0.9987856149673462 1
0.008585715666413307 0
0.6972432136535645 0
0.2589302062988281 0
0.3301102817058563 0
0.7523636221885681 1
0.05777905881404877 0
0.948529839515686 0
0.012864242307841778 0
0.06787249445915222 0
0.9613131284713745 1
0.000480275833979249 0
0.5228610038757324 0
0.6120094060897827 0
0.02073528617620468 0
0.9988837242126465 1
0.03801431506872177 0
0.5516192317008972 0
0.6860337257385254 0
0.053977496922016144 0
0.9855191111564636 1
0.0038612380158156157 0
0.08827368915081024 0
0.09271083772182465 0
0.07813172042369843 0
0.9988791346549988 1
0.0014820144278928638 0
0.2664196789264679 0
0.0007793576223775744 0
0.008325337432324886 0
0.9978424906730652 1
0.01707557402551174 0
0.15536385774612427 0
0.012956301681697369 0
0.0009016230469569564 0
0.9955011606216431 1
0.020964764058589935 0
0.07512743771076202 0
0.0019160801311954856 0
0.00895034521818161 0
0.3569342792034149 1
0.0004108580469619483 0
0.009208092465996742 0
0.013579979538917542 0
0.003446429967880249 0
0.9955447912216187 1
0.00010519523493712768 0
0.0012763768900185823 0
0.012241187505424023 0
0.0023369439877569675 0
0.7545344233512878 1
0.0008733042050153017 0
0.006720786448568106 0
0.002779550850391388 0
0.004651512484997511 0
0.8463311195373535 1
0.01738181710243225 0
0.9012309908866882 0
0.21252959966659546 0
0.0006976067088544369 0
0.9106627702713013 1
0.07977305352687836 0
0.927651584148407 0
0.7846379280090332 0
0.4535748362541199 0
0.9039907455444336 1
0.69261234998703 0
0.8776950836181641 0
0.5760402083396912 0
0.5661481618881226 0
0.6343644857406616 1
0.000321488652843982 0
0.039400096982717514 0
0.20022767782211304 0
0.0009322664700448513 0
0.9127658605575562 1
0.0004053356824442744 0
0.006760736927390099 0
0.014672513119876385 0
0.00026803763466887176 0
0.97941654920578 1
0.00022115657338872552 0
0.02129591815173626 0
0.006588885560631752 0
0.0029338037129491568 0
0.998929500579834 1
0.5656856298446655 0
0.9987522959709167 0
0.9758798480033875 0
0.0005414194893091917 0
0.9999847412109375 1
0.24024802446365356 0
0.9993107318878174 0
0.9444190859794617 0
0.7763468623161316 0
0.9990288019180298 1
0.8678293228149414 0
0.9527159929275513 0
0.6342220306396484 0
0.635205864906311 0
0.9997746348381042 1
0.001443563960492611 0
0.03222877159714699 0
0.7608811259269714 0
0.00030090470681898296 0
0.9999367594718933 1
0.0027008745819330215 0
0.9207751154899597 0
0.3830471932888031 0
0.0003031961095985025 0
0.998201847076416 1
0.15089505910873413 0
0.8675447702407837 0
0.940521240234375 0
0.007877789437770844 0
0.9817770719528198 1
0.12322955578565598 0
0.037237174808979034 0
0.10985147953033447 0
0.1550830453634262 0
0.812053382396698 1
0.3495233952999115 0
0.44997674226760864 0
0.025453252717852592 0
0.08914963901042938 0
0.5030556321144104 1
0.08804121613502502 0
0.931473433971405 0
0.39829108119010925 0
0.2957344055175781 0
0.9037875533103943 1
0.6608444452285767 0
0.16262750327587128 0
0.13119150698184967 0
0.0030973046086728573 0
0.9343200922012329 1
0.01467129122465849 0
0.39109164476394653 0
0.004011418670415878 0
0.0006025424227118492 0
0.990384578704834 1
0.03694653883576393 0
0.29809755086898804 0
0.044464822858572006 0
0.6408128142356873 0
0.9979723691940308 1
0.0028549302369356155 0
0.9571458697319031 0
0.9041594862937927 0
0.0009062326280400157 0
0.9925144910812378 1
0.19550788402557373 0
0.9972745180130005 0
0.7859522104263306 0
0.7881445288658142 0
0.9994360208511353 1
0.4821515679359436 0
0.9571625590324402 0
0.6510857343673706 0
0.8823269605636597 0
0.4347768723964691 1
5.398449138738215e-05 0
0.018202804028987885 0
0.31761783361434937 0
0.0002782728988677263 0
0.9968101382255554 1
0.0007241741986945271 0
0.21857522428035736 0
0.11259078979492188 0
6.785588630009443e-05 0
0.9993090629577637 1
0.002035251585766673 0
0.7964522838592529 0
0.2508889436721802 0
5.9679947298718616e-05 0
0.9252631664276123 1
0.7535367012023926 0
0.41079026460647583 0
0.7093361616134644 0
0.010164575651288033 0
0.9993491172790527 1
0.2869621515274048 0
0.2562595307826996 0
0.8808766603469849 0
0.5242123603820801 0
0.9978448748588562 1
0.35270822048187256 0
0.6402474045753479 0
0.5682449340820312 0
0.3431493639945984 0
0.9981500506401062 1
0.0014833309687674046 0
0.31187936663627625 0
1.794223499018699e-05 0
0.0006228685961104929 0
0.9458963871002197 1
0.009090863168239594 0
0.38763758540153503 0
0.0041174693033099174 0
0.0007689220365136862 0
0.995714545249939 1
0.3301108479499817 0
0.9950584173202515 0
0.4087357521057129 0
0.022357728332281113 0
0.74421226978302 1
0.00020834291353821754 0
0.6811158061027527 0
0.38751277327537537 0
0.00041582295671105385 0
0.9976629018783569 1
0.0028051170520484447 0
0.7295471429824829 0
0.501953125 0
0.053967103362083435 0
0.9966561198234558 1
0.02580481581389904 0
0.8284756541252136 0
0.8217666149139404 0
0.48394545912742615 0
0.006510974373668432 1
1.702145891613327e-05 0
0.000756360765080899 0
0.007060001604259014 0
1.80399656528607e-05 0
0.6986156702041626 1
0.00016656068328302354 0
0.0004765700432471931 0
0.002422128804028034 0
4.567568248603493e-05 0
0.9668287038803101 1
0.0006258394569158554 0
0.003415182000026107 0
0.07203595340251923 0
0.0016954167513176799 0
