0.1369818150997162 1
0.16537043452262878 1
0.17323791980743408 1
0.23101834952831268 1
0.1297525018453598 1
0.13198111951351166 1
0.162828266620636 1
0.09900090098381042 1
0.13143035769462585 1
0.14879493415355682 1
0.15354906022548676 1
0.1482950747013092 1
0.1923556923866272 1
0.17190389335155487 1
0.21390879154205322 1
0.1322215497493744 1
0.15513339638710022 1
0.19601723551750183 1
0.1362934708595276 1
0.16719558835029602 1
0.17955607175827026 1
0.2023507058620453 1
0.2168726623058319 1
0.1477280706167221 0
0.16747209429740906 0
0.1879112422466278 0
0.12764376401901245 0
0.13673044741153717 0
0.11675244569778442 0
0.07319308072328568 0
0.0641319677233696 0
0.12575004994869232 0
0.09569789469242096 0
0.09607857465744019 0
0.18775306642055511 0
0.07943956553936005 0
0.08076360821723938 0
0.18307814002037048 0
0.1184043139219284 0
0.12062211334705353 0
0.132903054356575 0
0.1108371838927269 0
0.09818077087402344 0
0.1310853362083435 0
0.13935430347919464 0
0.08593156933784485 0
0.10741951316595078 0
0.08892305195331573 0
0.08458608388900757 0
0.13859117031097412 0
0.10647392272949219 0
0.1521577686071396 0
0.1094403862953186 0
0.06587280333042145 0
0.08633507788181305 0
0.09828337281942368 0
0.12869341671466827 0
0.10194246470928192 0
0.18185195326805115 0
0.12328233569860458 0
0.13046859204769135 0
0.18301734328269958 0
0.0809708833694458 0
0.11758804321289062 0
0.12173669040203094 0
0.1091366857290268 0
0.07766848802566528 0
0.19664399325847626 0
0.13390150666236877 0
0.10050695389509201 0
0.14605098962783813 0
0.1531393975019455 0
0.12723159790039062 0
0.2171926200389862 0
0.09780764579772949 0
0.10839345306158066 0
0.1356097310781479 0
0.056104302406311035 0
0.07938282936811447 0
0.13417629897594452 0
0.08039535582065582 0
0.0698896199464798 0
0.1239301785826683 0
0.09572428464889526 0
0.13205760717391968 0
0.11584200710058212 0
0.12827496230602264 0
0.11059414595365524 0
0.14946362376213074 0
0.15179261565208435 0
0.1740056723356247 0
0.19192467629909515 0
0.17355117201805115 1
0.2105475664138794 1
0.19418418407440186 1
0.20435243844985962 1
0.22540812194347382 1
0.19712677597999573 1
0.18917697668075562 1
0.20206087827682495 1
0.15104113519191742 1
0.1428220570087433 1
0.10870640724897385 1
0.18871913850307465 1
0.18001139163970947 1
0.16855022311210632 1
0.2243136465549469 1
0.15909847617149353 1
0.18039052188396454 1
0.1468256711959839 1
0.1648632436990738 1
0.1790235936641693 1
0.20202603936195374 1
0.1694650948047638 1
0.19289790093898773 1
