0.5885881185531616 1
0.3421885669231415 0
0.37405627965927124 0
0.293670654296875 0
0.41246113181114197 0
0.5990409255027771 1
0.3840041160583496 0
0.4665239453315735 0
0.43988344073295593 0
0.6240712404251099 0
0.582410454750061 1
0.32559144496917725 0
0.35064101219177246 0
0.33346161246299744 0
0.3273991644382477 0
0.8549703359603882 1
0.6780586242675781 0
0.6900252103805542 0
0.2529393434524536 0
0.4823651909828186 0
0.8305415511131287 1
0.8445488810539246 0
0.8615257143974304 0
0.45836514234542847 0
0.7738926410675049 0
0.8595010638237 1
0.7422603368759155 0
0.7611662149429321 0
0.3453720211982727 0
0.45609045028686523 0
0.6272186636924744 1
0.39051079750061035 0
0.9248156547546387 0
0.39385050535202026 0
0.5347381830215454 0
0.5327948331832886 1
0.7145345211029053 0
0.34680211544036865 0
0.3420674204826355 0
0.6275615096092224 0
0.3679979741573334 1
0.23048827052116394 0
0.5608994960784912 0
0.31380659341812134 0
0.3568541705608368 0
0.9634183645248413 1
0.26091521978378296 0
0.3791365623474121 0
0.2338968962430954 0
0.5779144167900085 0
0.9106976389884949 1
0.4971121549606323 0
0.1863127201795578 0
0.525018572807312 0
0.619375467300415 0
0.8701123595237732 1
0.26188308000564575 0
0.3433011472225189 0
0.39578527212142944 0
0.5361325740814209 0
0.8732754588127136 1
0.4711560606956482 0
0.3426915407180786 0
0.30075401067733765 0
0.37122225761413574 0
0.7792220115661621 1
0.9644848704338074 0
0.8805214166641235 0
0.45013782382011414 0
0.9230579137802124 0
0.6810998320579529 1
0.35860109329223633 0
0.35103529691696167 0
0.355561226606369 0
0.4236210286617279 0
0.7105344533920288 1
0.5120888352394104 0
0.6430908441543579 0
0.28662097454071045 0
0.37820276618003845 0
0.7829582095146179 1
0.6617227792739868 0
0.5708566904067993 0
0.8923580050468445 0
0.43243691325187683 0
0.8195863962173462 1
0.3404490649700165 0
0.6333281993865967 0
0.46009278297424316 0
0.5790784358978271 0
0.6055624485015869 1
0.033942729234695435 0
0.33058351278305054 0
0.2676678001880646 0
0.24338799715042114 0
0.42163950204849243 1
0.059448789805173874 0
0.3816130757331848 0
0.1836737096309662 0
0.33862805366516113 0
0.4569126069545746 1
0.122219018638134 0
0.3611702620983124 0
0.2676376700401306 0
0.2954553961753845 0
0.672036349773407 1
0.39628276228904724 0
0.6813342571258545 0
0.36188122630119324 0
0.04854470118880272 0
0.6644470691680908 1
0.4333411455154419 0
0.6554522514343262 0
0.2557715177536011 0
0.22765955328941345 0
0.4552295207977295 1
0.3585573136806488 0
0.5343941450119019 0
0.16244059801101685 0
0.1996317356824875 0
0.6164318323135376 1
0.33615463972091675 0
0.7905177474021912 0
0.5561408996582031 0
0.4578584134578705 0
0.5685856342315674 1
0.2347293496131897 0
0.824518084526062 0
0.6188185811042786 0
0.6557735204696655 0
0.3930787444114685 1
0.14551764726638794 0
0.8006852865219116 0
0.29767701029777527 0
0.60213303565979 0
0.6460859775543213 1
0.14986450970172882 0
0.33277636766433716 0
0.43312937021255493 0
0.6235037446022034 0
0.6377837657928467 1
0.18969973921775818 0
0.3785812556743622 0
0.3345298767089844 0
0.4690852761268616 0
0.3842753767967224 1
0.08928057551383972 0
0.37731438875198364 0
0.3121729791164398 0
0.5361899733543396 0
0.6761445999145508 1
0.29958802461624146 0
0.47646236419677734 0
0.10478078573942184 0
0.12878736853599548 0
0.6511187553405762 1
0.19610550999641418 0
0.45878931879997253 0
0.06723986566066742 0
0.028299404308199883 0
0.5682646036148071 1
0.3559560179710388 0
0.3998822569847107 0
0.060702428221702576 0
0.19553452730178833 0
0.46411845088005066 1
0.13931189477443695 0
0.4846886992454529 0
0.27507418394088745 0
0.12670829892158508 0
0.5684051513671875 1
0.03419633209705353 0
0.19503150880336761 0
0.0882166177034378 0
0.04259639233350754 0
0.3368891179561615 1
0.06823797523975372 0
0.3618781566619873 0
0.053846877068281174 0
0.07043309509754181 0
0.3835775852203369 1
0.22700878977775574 0
0.3319634199142456 0
0.33638548851013184 0
0.02804914116859436 0
0.37104296684265137 1
0.22371986508369446 0
0.3960731625556946 0
0.3701268434524536 0
0.39043110609054565 0
0.33853790163993835 1
0.3015557527542114 0
0.33501917123794556 0
0.2120354026556015 0
0.32723569869995117 0
0.3460892140865326 1
0.02471359446644783 0
0.32953447103500366 0
0.332331120967865 0
0.0187511146068573 0
0.3508915603160858 1
0.019459791481494904 0
0.1667914241552353 0
0.3333113193511963 0
0.02970317006111145 0
0.4732152819633484 1
0.06280294060707092 0
0.3323661983013153 0
0.3144652545452118 0
0.13288627564907074 0
0.6988110542297363 1
0.5182212591171265 0
0.6653041839599609 0
0.4726707339286804 0
0.005536161363124847 0
0.6896274089813232 1
0.5358210802078247 0
0.6707829236984253 0
0.3659033477306366 0
0.5358337163925171 0
0.8790774345397949 1
0.524132251739502 0
0.4751550555229187 0
0.21259203553199768 0
0.4404986500740051 0
0.6599797010421753 1
0.21113499999046326 0
0.4844224154949188 0
0.41277605295181274 0
0.015599197708070278 0
0.668416440486908 1
0.33312124013900757 0
0.7080913782119751 0
0.3343847393989563 0
0.032981328666210175 0
0.6977295279502869 1
0.613065242767334 0
0.816929280757904 0
0.5629029273986816 0
0.08747030794620514 0
0.3463621735572815 1
0.018544649705290794 0
0.22187426686286926 0
0.41783374547958374 0
0.4662494361400604 0
0.3413275182247162 1
0.06873580813407898 0
0.43592751026153564 0
0.1507568359375 0
0.4958476722240448 0
0.43088942766189575 1
0.16216160356998444 0
0.781836211681366 0
0.379568874835968 0
0.298552930355072 0
0.3781243562698364 1
0.07495054602622986 0
0.4078318774700165 0
0.37661051750183105 0
0.0677475854754448 0
0.3530343174934387 1
0.07684140652418137 0
0.31374406814575195 0
0.28704705834388733 0
0.13698497414588928 0
0.48851078748703003 1
0.19777041673660278 0
0.3587185740470886 0
0.5212028622627258 0
0.6491369009017944 0
0.6685947775840759 1
0.09499289840459824 0
0.3610507845878601 0
0.35550206899642944 0
0.010561399161815643 0
0.6667872667312622 1
0.3490558862686157 0
0.4507274031639099 0
0.40740978717803955 0
0.6117043495178223 0
0.9427122473716736 1
0.12748092412948608 0
0.3301101326942444 0
0.29022982716560364 0
0.5171530842781067 0
0.5906938314437866 1
0.00212427182123065 0
0.3363283574581146 0
0.33666300773620605 0
0.01014782302081585 0
0.6617107391357422 1
0.05400766059756279 0
0.33749210834503174 0
0.32721152901649475 0
0.014438865706324577 0
0.9375060796737671 1
0.2794678211212158 0
0.3461163640022278 0
0.5224522352218628 0
0.02797759883105755 0
0.4158821702003479 1
0.3724973797798157 0
0.3433753252029419 0
0.43468916416168213 0
0.16565123200416565 0
0.6195770502090454 1
0.40073180198669434 0
0.4339972138404846 0
0.35101863741874695 0
0.38325035572052 0
0.48909884691238403 1
0.31117454171180725 0
0.33440038561820984 0
0.088539257645607 0
0.31063514947891235 0
0.6334848403930664 1
0.27857154607772827 0
0.5159035921096802 0
0.04604819044470787 0
0.10439006984233856 0
0.5583098530769348 1
0.3281209170818329 0
0.4435379207134247 0
0.32600563764572144 0
0.020712148398160934 0
0.7014821767807007 1
0.6543211340904236 0
0.9013619422912598 0
0.5619101524353027 0
0.2311965823173523 0
0.49684733152389526 1
0.08456997573375702 0
0.25362148880958557 0
0.36209723353385925 0
0.0025854473933577538 0
0.6638747453689575 1
0.09159776568412781 0
0.6005598306655884 0
0.34382984042167664 0
0.2775307297706604 0
0.5318902730941772 1
0.30561161041259766 0
0.6388965249061584 0
0.3078036904335022 0
0.250695139169693 0
0.3854525685310364 1
0.010655484162271023 0
0.07567200064659119 0
0.17308944463729858 0
0.0001786857028491795 0
0.5527569651603699 1
0.009630681946873665 0
0.1336706280708313 0
0.23163370788097382 0
0.0034635968040674925 0
0.5333313345909119 1
0.06529664993286133 0
0.3496953845024109 0
0.22215721011161804 0
0.042190831154584885 0
