0.6601423025131226 1
0.28694599866867065 0
0.33286798000335693 0
0.1687840074300766 0
0.5393317937850952 0
0.6085151433944702 1
0.10514860600233078 0
0.2941487729549408 0
0.318416953086853 0
0.6400498747825623 0
0.5482174158096313 1
0.32627254724502563 0
0.3407508134841919 0
0.3314012587070465 0
0.3901124894618988 0
0.8863469958305359 1
0.488519549369812 0
0.636955201625824 0
0.23139908909797668 0
0.47171053290367126 0
0.8933550715446472 1
0.7864187955856323 0
0.7954404354095459 0
0.4302639961242676 0
0.748231053352356 0
0.9674530029296875 1
0.7927706241607666 0
0.6635640859603882 0
0.3137531280517578 0
0.6516551971435547 0
0.6750558614730835 1
0.8655555248260498 0
0.9766455888748169 0
0.2420056164264679 0
0.43397778272628784 0
0.5912304520606995 1
0.8728567957878113 0
0.33583077788352966 0
0.332160085439682 0
0.4797437787055969 0
0.47008585929870605 1
0.8473340272903442 0
0.9494978785514832 0
0.3152135908603668 0
0.36355531215667725 0
0.9635037779808044 1
0.1566484570503235 0
0.28989970684051514 0
0.12645021080970764 0
0.6034150123596191 0
0.9542214870452881 1
0.051483165472745895 0
0.0570693165063858 0
0.4275028705596924 0
0.5039188265800476 0
0.8734242916107178 1
0.28283441066741943 0
0.32990971207618713 0
0.43293648958206177 0
0.6458204388618469 0
0.7896959781646729 1
0.34922516345977783 0
0.33881229162216187 0
0.24501487612724304 0
0.3947048783302307 0
0.7990310192108154 1
0.9834191799163818 0
0.9666902422904968 0
0.45518171787261963 0
0.9082628488540649 0
0.6560073494911194 1
0.325084388256073 0
0.3442460894584656 0
0.3345993757247925 0
0.5012087821960449 0
0.7217893600463867 1
0.22646646201610565 0
0.5313376188278198 0
0.3183496594429016 0
0.3323065936565399 0
0.887074887752533 1
0.6666778326034546 0
0.660163402557373 0
0.9178465604782104 0
0.5385143756866455 0
0.8537240028381348 1
0.15242183208465576 0
0.6709064841270447 0
0.5585602521896362 0
0.6015494465827942 0
0.6614274978637695 1
0.001712369965389371 0
0.02815747819840908 0
0.22862717509269714 0
0.07591857016086578 0
0.6449803709983826 1
0.0036921834107488394 0
0.17537876963615417 0
0.04736129567027092 0
0.09540625661611557 0
0.519204318523407 1
0.008965877816081047 0
0.12455134838819504 0
0.09202872961759567 0
0.10160135477781296 0
0.6701421737670898 1
0.2168509066104889 0
0.7078294157981873 0
0.40012580156326294 0
0.045168545097112656 0
0.6617941856384277 1
0.05651639401912689 0
0.6334674954414368 0
0.10305338352918625 0
0.07453912496566772 0
0.4712763726711273 1
0.22222261130809784 0
0.6198568940162659 0
0.07357767969369888 0
0.17275868356227875 0
0.6663455963134766 1
0.273651123046875 0
0.8955738544464111 0
0.5026930570602417 0
0.4390189051628113 0
0.6706087589263916 1
0.18027490377426147 0
0.8579628467559814 0
0.41545504331588745 0
0.4844411015510559 0
0.5977956056594849 1
0.456790566444397 0
0.9406365752220154 0
0.13293293118476868 0
0.3926822543144226 0
0.6445961594581604 1
0.01798182912170887 0
0.5116374492645264 0
0.5925115346908569 0
0.6272454261779785 0
0.6701537370681763 1
0.028932690620422363 0
0.41334599256515503 0
0.3144385516643524 0
0.1921035349369049 0
0.5498825311660767 1
0.005678635090589523 0
0.31014785170555115 0
0.12797598540782928 0
0.3324865698814392 0
0.7258426547050476 1
0.16340115666389465 0
0.4689575433731079 0
0.13203489780426025 0
0.23776400089263916 0
0.6668672561645508 1
0.20341256260871887 0
0.3787667155265808 0
0.14230471849441528 0
0.006262779235839844 0
0.6367685794830322 1
0.15174797177314758 0
0.3262702524662018 0
0.022169288247823715 0
0.1027032881975174 0
0.6504570245742798 1
0.05492148920893669 0
0.3093961179256439 0
0.2458624541759491 0
0.07214772701263428 0
0.610109806060791 1
0.006288702599704266 0
0.055357858538627625 0
0.03124994784593582 0
0.033754535019397736 0
0.3308771550655365 1
0.01988082006573677 0
0.16467027366161346 0
0.00995877105742693 0
0.014126981608569622 0
0.3473435640335083 1
0.24618105590343475 0
0.33070600032806396 0
0.33278557658195496 0
0.04092218354344368 0
0.35681796073913574 1
0.23936127126216888 0
0.33623525500297546 0
0.35955071449279785 0
0.33276450634002686 0
0.3426516652107239 1
0.24470272660255432 0
0.3354920744895935 0
0.0502178817987442 0
0.3371597230434418 0
0.3527371883392334 1
0.007780134677886963 0
0.3149738013744354 0
0.32081374526023865 0
0.01059243269264698 0
0.5664418935775757 1
0.027220025658607483 0
0.13342660665512085 0
0.3251185715198517 0
0.009786652401089668 0
0.5865007042884827 1
0.013652734458446503 0
0.25636357069015503 0
0.3090819716453552 0
0.06047748774290085 0
0.7569953203201294 1
0.6074951887130737 0
0.6225873231887817 0
0.3642917573451996 0
0.03496706113219261 0
0.7058004140853882 1
0.3946372866630554 0
0.5888640880584717 0
0.41076505184173584 0
0.5751715898513794 0
0.8386022448539734 1
0.429355263710022 0
0.3690694570541382 0
0.08772480487823486 0
0.22844994068145752 0
0.6645138263702393 1
0.1548394411802292 0
0.3315892219543457 0
0.32966193556785583 0
0.010227187536656857 0
0.6795684695243835 1
0.16482514142990112 0
0.6701781749725342 0
0.3375512361526489 0
0.04673311114311218 0
0.7844766974449158 1
0.47917640209198 0
0.8453538417816162 0
0.6502650380134583 0
0.03916531428694725 0
0.34241408109664917 1
0.3259395360946655 0
0.568088710308075 0
0.5766112208366394 0
0.59209144115448 0
0.48314377665519714 1
0.2174740880727768 0
0.7457648515701294 0
0.3027717173099518 0
0.45366403460502625 0
0.5099126696586609 1
0.30267179012298584 0
0.9363788962364197 0
0.20122775435447693 0
0.43187177181243896 0
0.4829532504081726 1
0.5757430195808411 0
0.8541094064712524 0
0.5418975353240967 0
0.06882333010435104 0
0.35344788432121277 1
0.2847176492214203 0
0.6933948397636414 0
0.31041228771209717 0
0.04109510779380798 0
0.6611135601997375 1
0.5891041159629822 0
0.7579948306083679 0
0.5364786386489868 0
0.6993297338485718 0
0.668020486831665 1
0.15606176853179932 0
0.31410685181617737 0
0.3363952338695526 0
0.031174561008810997 0
0.6651968359947205 1
0.32491669058799744 0
0.3835178315639496 0
0.5217798352241516 0
0.6189060807228088 0
0.9187171459197998 1
0.20100605487823486 0
0.3277243673801422 0
0.3104301989078522 0
0.5779001116752625 0
0.6200222969055176 1
0.0009938303846865892 0
0.31691935658454895 0
0.34024688601493835 0
0.008260663598775864 0
0.6696059703826904 1
0.016157563775777817 0
0.32108867168426514 0
0.3854765295982361 0
0.006889459677040577 0
0.9722177386283875 1
0.2638097405433655 0
0.21585941314697266 0
0.4353267550468445 0
0.04097696766257286 0
0.41598641872406006 1
0.34398162364959717 0
0.3338654935359955 0
0.44648444652557373 0
0.29702523350715637 0
0.6358076333999634 1
0.34515032172203064 0
0.4188551604747772 0
0.37611350417137146 0
0.5170132517814636 0
0.4245809316635132 1
0.1689508557319641 0
0.3325524628162384 0
0.15820279717445374 0
0.3302614092826843 0
0.6634455919265747 1
0.2979194223880768 0
0.6505029201507568 0
0.028611283749341965 0
0.04790348932147026 0
0.6317369937896729 1
0.33131322264671326 0
0.4649486243724823 0
0.3341432213783264 0
0.024161411449313164 0
0.7314764261245728 1
0.6411402225494385 0
0.9434843063354492 0
0.6619007587432861 0
0.3887402415275574 0
0.5812761783599854 1
0.18762944638729095 0
0.22936096787452698 0
0.4415697753429413 0
0.04297149181365967 0
0.6509172916412354 1
0.014563001692295074 0
0.4991475045681 0
0.3487985134124756 0
0.24127374589443207 0
0.27706000208854675 1
0.021876711398363113 0
0.6071165800094604 0
0.14898599684238434 0
0.08736859261989594 0
0.467263787984848 1
0.015598127618432045 0
0.05840688571333885 0
0.14141355454921722 0
0.00017527860472910106 0
0.6178480982780457 1
0.00956941582262516 0
0.10114594548940659 0
0.26603686809539795 0
0.009650839492678642 0
0.6230778098106384 1
0.061169616878032684 0
0.5190777778625488 0
0.3841042220592499 0
0.04681502282619476 0
