0.6908807754516602 1
0.32151880860328674 0
0.32676345109939575 0
0.02275262400507927 0
0.368269681930542 0
0.6835200786590576 1
0.020066091790795326 0
0.3423477113246918 0
0.20143404603004456 0
0.5988503694534302 0
0.5338070392608643 1
0.3201250433921814 0
0.3381830155849457 0
0.2640288174152374 0
0.34185194969177246 0
0.920872688293457 1
0.553093671798706 0
0.6163535714149475 0
0.09760123491287231 0
0.6208391785621643 0
0.9141113758087158 1
0.7268370389938354 0
0.8876112699508667 0
0.4855859875679016 0
0.6787124872207642 0
0.990376889705658 1
0.8708616495132446 0
0.8082221746444702 0
0.33271095156669617 0
0.6321357488632202 0
0.7536377906799316 1
0.49824103713035583 0
0.9607001543045044 0
0.25264447927474976 0
0.12235334515571594 0
0.7054259777069092 1
0.9528819918632507 0
0.44317883253097534 0
0.32636362314224243 0
0.5809178352355957 0
0.4166524410247803 1
0.822267472743988 0
0.9738340377807617 0
0.275156170129776 0
0.35016709566116333 0
0.9944514036178589 1
0.06528585404157639 0
0.3172585964202881 0
0.06527455896139145 0
0.6761956214904785 0
0.9690910577774048 1
0.29484784603118896 0
0.10260732471942902 0
0.33781999349594116 0
0.6202762126922607 0
0.8371250033378601 1
0.31762105226516724 0
0.3081626892089844 0
0.35723114013671875 0
0.6679271459579468 0
0.921698808670044 1
0.26108312606811523 0
0.3439360558986664 0
0.06832252442836761 0
0.20330004394054413 0
0.8920206427574158 1
0.9698950052261353 0
0.9920638799667358 0
0.4502509534358978 0
0.9310762286186218 0
0.7979826331138611 1
0.3051750063896179 0
0.3425184190273285 0
0.3475852608680725 0
0.4917258620262146 0
0.7062450647354126 1
0.18131893873214722 0
0.46535152196884155 0
0.16969233751296997 0
0.07710500061511993 0
0.7453495264053345 1
0.6592549681663513 0
0.6637611389160156 0
0.9501559734344482 0
0.4006870687007904 0
0.8788002729415894 1
0.16203391551971436 0
0.5570750832557678 0
0.4061516523361206 0
0.6501243114471436 0
0.6068960428237915 1
0.0011307810200378299 0
0.04918527603149414 0
0.18254896998405457 0
0.19446608424186707 0
0.5075203776359558 1
0.013951554894447327 0
0.27461135387420654 0
0.055799856781959534 0
0.20324918627738953 0
0.518942654132843 1
0.038790568709373474 0
0.2914608120918274 0
0.06116778403520584 0
0.06191534548997879 0
0.7170588970184326 1
0.24814778566360474 0
0.8290426731109619 0
0.3851064443588257 0
0.025578785687685013 0
0.6855379939079285 1
0.17884141206741333 0
0.6656231880187988 0
0.22726336121559143 0
0.12845993041992188 0
0.6578173041343689 1
0.26580721139907837 0
0.6269533634185791 0
0.10959421843290329 0
0.09139126539230347 0
0.6741461157798767 1
0.1176747977733612 0
0.6557747721672058 0
0.6345146298408508 0
0.5208123922348022 0
0.7363870143890381 1
0.04001910984516144 0
0.8847438097000122 0
0.5141935348510742 0
0.5132846832275391 0
0.6527706384658813 1
0.38845622539520264 0
0.9667929410934448 0
0.18119588494300842 0
0.35940107703208923 0
0.6744219064712524 1
0.12723243236541748 0
0.3824344277381897 0
0.6178606748580933 0
0.4726361632347107 0
0.6840526461601257 1
0.09403018653392792 0
0.3354436159133911 0
0.33698219060897827 0
0.2814132571220398 0
0.6512026786804199 1
0.05707094073295593 0
0.3453919589519501 0
0.1783849596977234 0
0.299912691116333 0
0.8276132941246033 1
0.16567374765872955 0
0.5091158151626587 0
0.17548832297325134 0
0.2521715760231018 0
0.6779481768608093 1
0.17084024846553802 0
0.39522480964660645 0
0.10060034692287445 0
0.003991776145994663 0
0.7320551872253418 1
0.23538678884506226 0
0.2885253429412842 0
0.02481420710682869 0
0.04451508820056915 0
0.6236997842788696 1
0.021199215203523636 0
0.16536200046539307 0
0.3641658425331116 0
0.14187908172607422 0
0.641345202922821 1
0.004996478091925383 0
0.03898570314049721 0
0.08320643752813339 0
0.016881927847862244 0
0.34593623876571655 1
0.04760480672121048 0
0.1904434859752655 0
0.023934241384267807 0
0.015617827884852886 0
0.36372625827789307 1
0.32316461205482483 0
0.3297312259674072 0
0.3330845832824707 0
0.09774328768253326 0
0.35219115018844604 1
0.07633177936077118 0
0.33209502696990967 0
0.31655457615852356 0
0.33569490909576416 0
0.37693166732788086 1
0.31663113832473755 0
0.33832043409347534 0
0.025220617651939392 0
0.18942563235759735 0
0.3405541777610779 1
0.02500595524907112 0
0.2788655161857605 0
0.32056108117103577 0
0.004750919062644243 0
0.391346275806427 1
0.029670221731066704 0
0.05428313463926315 0
0.3141787648200989 0
0.029283475130796432 0
0.66917884349823 1
0.030548324808478355 0
0.1601015031337738 0
0.32994961738586426 0
0.116535983979702 0
0.7463741302490234 1
0.6291533708572388 0
0.6301825046539307 0
0.3634748160839081 0
0.20206764340400696 0
0.7665795683860779 1
0.3023380935192108 0
0.6056967973709106 0
0.3430043160915375 0
0.3562065064907074 0
0.9100608825683594 1
0.3531993329524994 0
0.3697371482849121 0
0.18028990924358368 0
0.09389463067054749 0
0.6779054999351501 1
0.26702678203582764 0
0.3062477111816406 0
0.4517594575881958 0
0.012803655117750168 0
0.7487133741378784 1
0.2535308599472046 0
0.6191953420639038 0
0.3320757746696472 0
0.04356418550014496 0
0.9261987209320068 1
0.5742311477661133 0
0.9294896125793457 0
0.6673306226730347 0
0.08450042456388474 0
0.33701691031455994 1
0.6401970982551575 0
0.6854710578918457 0
0.49121353030204773 0
0.5859195590019226 0
0.34528788924217224 1
0.25104814767837524 0
0.8413731455802917 0
0.2159380167722702 0
0.3249405026435852 0
0.5535522699356079 1
0.6291631460189819 0
0.986844539642334 0
0.21918873488903046 0
0.06902413070201874 0
0.37228187918663025 1
0.49658656120300293 0
0.7294403314590454 0
0.398170530796051 0
0.11549150943756104 0
0.3476141095161438 1
0.19899789988994598 0
0.8578281402587891 0
0.26139146089553833 0
0.05604132264852524 0
0.7825782299041748 1
0.7752237319946289 0
0.9073591232299805 0
0.6437480449676514 0
0.7068572044372559 0
0.6659151315689087 1
0.3238590955734253 0
0.13347852230072021 0
0.3357860743999481 0
0.22087734937667847 0
0.665122389793396 1
0.24807797372341156 0
0.34276458621025085 0
0.4791729152202606 0
0.4316787123680115 0
0.9873827695846558 1
0.23430833220481873 0
0.3376021981239319 0
0.2764568626880646 0
0.3700990080833435 0
0.4179084897041321 1
0.000175495573785156 0
0.2780047059059143 0
0.32553595304489136 0
0.008627554401755333 0
0.6551989316940308 1
0.03138028085231781 0
0.3247065544128418 0
0.3348453938961029 0
0.03290638327598572 0
0.9863826036453247 1
0.2283405065536499 0
0.13506494462490082 0
0.6561848521232605 0
0.03038639947772026 0
0.41082119941711426 1
0.342690646648407 0
0.334067165851593 0
0.345458447933197 0
0.2804911136627197 0
0.6997548937797546 1
0.32315224409103394 0
0.33696863055229187 0
0.3386008143424988 0
0.3929459750652313 0
0.5612242221832275 1
0.10082076489925385 0
0.3394969403743744 0
0.16489331424236298 0
0.16107481718063354 0
0.7004238963127136 1
0.26371705532073975 0
0.649340033531189 0
0.006863449700176716 0
0.03218758478760719 0
0.3695738911628723 1
0.2992510199546814 0
0.3361392915248871 0
0.3296999931335449 0
0.007694614119827747 0
0.9438444972038269 1
0.6743542551994324 0
0.9264811277389526 0
0.6966365575790405 0
0.2024049013853073 0
0.40380340814590454 1
0.30599504709243774 0
0.19974395632743835 0
0.3305200934410095 0
0.08326573669910431 0
0.5973192453384399 1
0.022743841633200645 0
0.336371511220932 0
0.29205310344696045 0
0.22736331820487976 0
0.5309327840805054 1
0.1681341528892517 0
0.6456290483474731 0
0.07679715007543564 0
0.06354480236768723 0
0.32237112522125244 1
0.0795193538069725 0
0.0062280381098389626 0
0.1728564202785492 0
0.0005507495370693505 0
0.4452313780784607 1
0.009626397863030434 0
0.043892454355955124 0
0.3282654881477356 0
0.011619827710092068 0
0.6378160119056702 1
0.29698553681373596 0
0.35390448570251465 0
0.6385324001312256 0
0.030366532504558563 0
