0.6864062547683716 1
0.2974901795387268 0
0.3308148682117462 0
0.2137545645236969 0
0.36136895418167114 0
0.6995458006858826 1
0.07208189368247986 0
0.3576456904411316 0
0.2427862286567688 0
0.6009485721588135 0
0.6275690793991089 1
0.31606829166412354 0
0.3389454483985901 0
0.32593584060668945 0
0.3581502139568329 0
0.9511752128601074 1
0.6591837406158447 0
0.7743854522705078 0
0.20666754245758057 0
0.48887285590171814 0
0.8914811015129089 1
0.8394627571105957 0
0.8924485445022583 0
0.5396347045898438 0
0.841025710105896 0
0.9853067398071289 1
0.9452013969421387 0
0.9276350736618042 0
0.3293859362602234 0
0.6353250741958618 0
0.7234336733818054 1
0.531688928604126 0
0.9767987132072449 0
0.33779311180114746 0
0.3621840476989746 0
0.6652877330780029 1
0.9606000781059265 0
0.37513822317123413 0
0.35251837968826294 0
0.6293658018112183 0
0.37891948223114014 1
0.7890199422836304 0
0.9794949889183044 0
0.31333500146865845 0
0.33454495668411255 0
0.9944702386856079 1
0.14854031801223755 0
0.3105311691761017 0
0.04522576183080673 0
0.6578990817070007 0
0.936793327331543 1
0.13705264031887054 0
0.12221124768257141 0
0.3239825665950775 0
0.6660169363021851 0
0.9096400141716003 1
0.3247748017311096 0
0.3177192807197571 0
0.46468108892440796 0
0.7281244993209839 0
0.9285084009170532 1
0.31266576051712036 0
0.34874409437179565 0
0.2674817442893982 0
0.38358280062675476 0
0.8560413122177124 1
0.9909013509750366 0
0.977056622505188 0
0.4334774911403656 0
0.9555257558822632 0
0.7382137775421143 1
0.3244674801826477 0
0.3394032418727875 0
0.3316073715686798 0
0.6267189383506775 0
0.6855859756469727 1
0.24322502315044403 0
0.6105298399925232 0
0.20683827996253967 0
0.17270855605602264 0
0.9359667301177979 1
0.7107990980148315 0
0.6702101230621338 0
0.9336718320846558 0
0.5856313109397888 0
0.8847510814666748 1
0.20059846341609955 0
0.5839411020278931 0
0.38362252712249756 0
0.5992327928543091 0
0.6420563459396362 1
0.001576961250975728 0
0.027331246063113213 0
0.1498066484928131 0
0.23190438747406006 0
0.6533417701721191 1
0.011708458885550499 0
0.2967337369918823 0
0.08884786069393158 0
0.2962649166584015 0
0.6213500499725342 1
0.058121901005506516 0
0.3321681618690491 0
0.26547083258628845 0
0.24935868382453918 0
0.6678113341331482 1
0.18177329003810883 0
0.6952184438705444 0
0.3373480439186096 0
0.049376677721738815 0
0.6690399050712585 1
0.14583681523799896 0
0.6694909334182739 0
0.2634256184101105 0
0.31961438059806824 0
0.6058804988861084 1
0.2974734306335449 0
0.6247886419296265 0
0.229789599776268 0
0.2544482946395874 0
0.6626936197280884 1
0.16264685988426208 0
0.9755488634109497 0
0.6244155168533325 0
0.41942939162254333 0
0.7180361747741699 1
0.09414782375097275 0
0.9745775461196899 0
0.5589336156845093 0
0.5374373197555542 0
0.6472151279449463 1
0.3714297413825989 0
0.9867138862609863 0
0.30152809619903564 0
0.489907830953598 0
0.6575484275817871 1
0.06265171617269516 0
0.20883628726005554 0
0.5360809564590454 0
0.3908729553222656 0
0.6988875865936279 1
0.07719682902097702 0
0.33671578764915466 0
0.368877649307251 0
0.29944318532943726 0
0.6416798830032349 1
0.07636863738298416 0
0.32158589363098145 0
0.26936736702919006 0
0.3364669680595398 0
0.7262624502182007 1
0.15399064123630524 0
0.44246041774749756 0
0.0961274802684784 0
0.24297693371772766 0
0.6869269609451294 1
0.1885482668876648 0
0.4415496587753296 0
0.2492358684539795 0
0.011457584798336029 0
0.6777640581130981 1
0.2751880884170532 0
0.32503974437713623 0
0.08498479425907135 0
0.18118610978126526 0
0.5854430794715881 1
0.012217356823384762 0
0.11851685494184494 0
0.31588393449783325 0
0.14633521437644958 0
0.602081298828125 1
0.01292174682021141 0
0.012919905595481396 0
0.12579669058322906 0
0.023029956966638565 0
0.34877118468284607 1
0.09808117151260376 0
0.23683539032936096 0
0.03274542838335037 0
0.04938582330942154 0
0.33590051531791687 1
0.3264608681201935 0
0.33284395933151245 0
0.33336538076400757 0
0.2019326388835907 0
0.3474557101726532 1
0.2303323745727539 0
0.33210062980651855 0
0.33532464504241943 0
0.33512479066848755 0
0.35091692209243774 1
0.3122650980949402 0
0.3364236354827881 0
0.11311080306768417 0
0.3098319172859192 0
0.3484313488006592 1
0.028352700173854828 0
0.3079402446746826 0
0.3304268717765808 0
0.03010161593556404 0
0.3636128902435303 1
0.014488163404166698 0
0.08124706149101257 0
0.2930392026901245 0
0.03725046664476395 0
0.6666034460067749 1
0.03257851302623749 0
0.2734217643737793 0
0.32463735342025757 0
0.22117874026298523 0
0.7596263289451599 1
0.6252415180206299 0
0.6656795740127563 0
0.34656664729118347 0
0.265165239572525 0
0.7400507926940918 1
0.34533005952835083 0
0.6411745548248291 0
0.32284650206565857 0
0.3772772252559662 0
0.9221615791320801 1
0.36124879121780396 0
0.3935282230377197 0
0.03600139170885086 0
0.20115643739700317 0
0.6664443016052246 1
0.17756037414073944 0
0.301169216632843 0
0.36592620611190796 0
0.05900642275810242 0
0.6937253475189209 1
0.16211117804050446 0
0.6907563209533691 0
0.3319629430770874 0
0.12105783820152283 0
0.8587692975997925 1
0.6503924131393433 0
0.9024857878684998 0
0.6615324020385742 0
0.12296929955482483 0
0.33379802107810974 1
0.7224926948547363 0
0.9232494831085205 0
0.6248034238815308 0
0.628294825553894 0
0.34163182973861694 1
0.4891670346260071 0
0.8875767588615417 0
0.20600074529647827 0
0.5188280344009399 0
0.5102304220199585 1
0.6776623725891113 0
0.9899908900260925 0
0.2755042314529419 0
0.18510141968727112 0
0.4678005576133728 1
0.7895586490631104 0
0.9189637899398804 0
0.5917823314666748 0
0.2401546686887741 0
0.44472330808639526 1
0.3976548910140991 0
0.8411887884140015 0
0.2792920768260956 0
0.05847024545073509 0
0.6611114740371704 1
0.6496396064758301 0
0.8879162073135376 0
0.602180004119873 0
0.6615352034568787 0
0.6828202605247498 1
0.15426455438137054 0
0.28935062885284424 0
0.3585013151168823 0
0.1574248969554901 0
0.6670059561729431 1
0.2891775369644165 0
0.34828221797943115 0
0.2653263211250305 0
0.5949697494506836 0
0.9931237101554871 1
0.01471557468175888 0
0.3273572027683258 0
0.14180518686771393 0
0.5016621947288513 0
0.6075886487960815 1
0.0002219751477241516 0
0.3187887668609619 0
0.3492967486381531 0
0.006261355709284544 0
0.6786898374557495 1
0.029230041429400444 0
0.2683706283569336 0
0.1933998316526413 0
0.03453841805458069 0
0.9828966856002808 1
0.1781599372625351 0
0.22551679611206055 0
0.6015716791152954 0
0.055283233523368835 0
0.4832952618598938 1
0.353286474943161 0
0.3341154456138611 0
0.4291510581970215 0
0.3269857168197632 0
0.6439751386642456 1
0.3382834792137146 0
0.3511926531791687 0
0.34529393911361694 0
0.4265424907207489 0
0.6597229838371277 1
0.13077425956726074 0
0.3303467333316803 0
0.2748977541923523 0
0.18208134174346924 0
0.6798430681228638 1
0.3148067891597748 0
0.6658958792686462 0
0.0297471322119236 0
0.05951573699712753 0
0.6310266256332397 1
0.30226922035217285 0
0.34788429737091064 0
0.3333725333213806 0
0.020888594910502434 0
0.7625993490219116 1
0.6873393058776855 0
0.9232015013694763 0
0.6596345901489258 0
0.41979002952575684 0
0.4139350652694702 1
0.30457741022109985 0
0.2953847050666809 0
0.3454481065273285 0
0.05846434459090233 0
0.677506685256958 1
0.011745497584342957 0
0.3681672513484955 0
0.25498855113983154 0
0.14493757486343384 0
0.4499831199645996 1
0.07541763782501221 0
0.6585315465927124 0
0.25723007321357727 0
0.03568149730563164 0
0.3366394639015198 1
0.05255658179521561 0
0.02219472825527191 0
0.13544386625289917 0
0.0009462250163778663 0
0.6347473859786987 1
0.008105088025331497 0
0.12055633962154388 0
0.3205821216106415 0
0.016346465796232224 0
0.6643681526184082 1
0.14332151412963867 0
0.503775417804718 0
0.5803877115249634 0
0.007873538881540298 0
