0.729573130607605 1
0.19070754945278168 0
0.2507546544075012 0
0.22356192767620087 0
0.5527293086051941 0
0.6143108606338501 1
0.16352048516273499 0
0.30053403973579407 0
0.4608643651008606 0
0.694709062576294 0
0.6848535537719727 1
0.3154529929161072 0
0.5248520374298096 0
0.35848677158355713 0
0.1872822344303131 0
0.8846397399902344 1
0.5531591176986694 0
0.7106766104698181 0
0.12324373424053192 0
0.502408504486084 0
0.8885344862937927 1
0.3599650263786316 0
0.4231213927268982 0
0.619906485080719 0
0.8742088079452515 0
0.9010839462280273 1
0.7395035624504089 0
0.8463210463523865 0
0.40561264753341675 0
0.6549678444862366 0
0.7417124509811401 1
0.7010323405265808 0
0.9593650698661804 0
0.13836431503295898 0
0.3986554741859436 0
0.7335687875747681 1
0.7777692675590515 0
0.3810567855834961 0
0.23821917176246643 0
0.5767552852630615 0
0.4494439959526062 1
0.8497695326805115 0
0.9538084864616394 0
0.12434656918048859 0
0.27445095777511597 0
0.9484862685203552 1
0.107688769698143 0
0.3598727881908417 0
0.14697986841201782 0
0.5943291783332825 0
0.8571734428405762 1
0.2144581377506256 0
0.1175907552242279 0
0.23575231432914734 0
0.8258153796195984 0
0.9104201793670654 1
0.3098392188549042 0
0.40683960914611816 0
0.5024168491363525 0
0.815554141998291 0
0.8923031687736511 1
0.39930224418640137 0
0.3377566337585449 0
0.1606425940990448 0
0.22905045747756958 0
0.8140334486961365 1
0.7348129749298096 0
0.6688657999038696 0
0.658474326133728 0
0.9436800479888916 0
0.8378164172172546 1
0.46917423605918884 0
0.40303295850753784 0
0.4182252883911133 0
0.5988754034042358 0
0.6754342913627625 1
0.2015337347984314 0
0.45903319120407104 0
0.23527762293815613 0
0.18693077564239502 0
0.705720841884613 1
0.3807468116283417 0
0.22451041638851166 0
0.6608648300170898 0
0.46480393409729004 0
0.8296908736228943 1
0.17164969444274902 0
0.4736120402812958 0
0.5150849223136902 0
0.5881607532501221 0
0.6643197536468506 1
0.022711586207151413 0
0.16369903087615967 0
0.3717690408229828 0
0.7381191253662109 0
0.6624306440353394 1
0.07411721348762512 0
0.2605297863483429 0
0.061138153076171875 0
0.23556461930274963 0
0.4791313111782074 1
0.0676434189081192 0
0.40899282693862915 0
0.1763511300086975 0
0.3062886893749237 0
0.7836511135101318 1
0.3659329414367676 0
0.888914942741394 0
0.4925026297569275 0
0.43935197591781616 0
0.7688750624656677 1
0.20322172343730927 0
0.815278172492981 0
0.14864569902420044 0
0.3157699704170227 0
0.690588653087616 1
0.2184966504573822 0
0.7374204397201538 0
0.17666256427764893 0
0.2670588493347168 0
0.7239596247673035 1
0.08245444297790527 0
0.8442203402519226 0
0.6856676936149597 0
0.6941779851913452 0
0.6893365383148193 1
0.24544692039489746 0
0.942532479763031 0
0.6480523943901062 0
0.6692156195640564 0
0.38325056433677673 1
0.4923107326030731 0
0.8427934646606445 0
0.16905687749385834 0
0.6416197419166565 0
0.7441591024398804 1
0.14493459463119507 0
0.41124314069747925 0
0.6884883642196655 0
0.7362297773361206 0
0.767027735710144 1
0.23094961047172546 0
0.6232898235321045 0
0.527630090713501 0
0.34363195300102234 0
0.6064203977584839 1
0.09988261759281158 0
0.34332355856895447 0
0.5745037794113159 0
0.6111335158348083 0
0.8603255152702332 1
0.1202012151479721 0
0.6319118738174438 0
0.08846233785152435 0
0.38426920771598816 0
0.7682781219482422 1
0.3204508423805237 0
0.5584051609039307 0
0.17913201451301575 0
0.029774412512779236 0
0.7486522197723389 1
0.09516771882772446 0
0.5619449615478516 0
0.15367308259010315 0
0.28825414180755615 0
0.7321881055831909 1
0.18386416137218475 0
0.2528107762336731 0
0.18590524792671204 0
0.09352530539035797 0
0.7101331949234009 1
0.036642663180828094 0
0.19101940095424652 0
0.10619087517261505 0
0.18515625596046448 0
0.5528881549835205 1
0.09296239912509918 0
0.3118642568588257 0
0.22469136118888855 0
0.23794738948345184 0
0.49306797981262207 1
0.1326950341463089 0
0.34821808338165283 0
0.3527202606201172 0
0.04324214905500412 0
0.44201692938804626 1
0.06504721939563751 0
0.45873773097991943 0
0.44091567397117615 0
0.2596900463104248 0
0.4276084303855896 1
0.22183749079704285 0
0.45546239614486694 0
0.19705164432525635 0
0.37271517515182495 0
0.4049687087535858 1
0.01607470028102398 0
0.30207395553588867 0
0.1770750880241394 0
0.01910005509853363 0
0.41364943981170654 1
0.005422711372375488 0
0.0883999764919281 0
0.2398577779531479 0
0.01730252243578434 0
0.503477931022644 1
0.020510585978627205 0
0.10409414768218994 0
0.17638808488845825 0
0.017659757286310196 0
0.8087507486343384 1
0.6872798800468445 0
0.8602813482284546 0
0.669888973236084 0
0.056809064000844955 0
0.9113655090332031 1
0.5446315407752991 0
0.7765014171600342 0
0.4884440302848816 0
0.5150429010391235 0
0.8614684343338013 1
0.5094591379165649 0
0.605322539806366 0
0.11395852267742157 0
0.3261653184890747 0
0.7556328773498535 1
0.4268302321434021 0
0.6426339149475098 0
0.6360248923301697 0
0.08016692101955414 0
0.7708150744438171 1
0.09260690212249756 0
0.8299614191055298 0
0.2994876503944397 0
0.13954871892929077 0
0.8114356398582458 1
0.543724536895752 0
0.7869462370872498 0
0.3174341320991516 0
0.08171680569648743 0
0.40670761466026306 1
0.12448740005493164 0
0.5059524774551392 0
0.6619470119476318 0
0.6193827986717224 0
0.35259097814559937 1
0.6185807585716248 0
0.7063817977905273 0
0.14724993705749512 0
0.5461704730987549 0
0.4637593626976013 1
0.4890415072441101 0
0.9260522723197937 0
0.18105879426002502 0
0.3560710847377777 0
0.6206787824630737 1
0.3738008439540863 0
0.5482355952262878 0
0.6181402802467346 0
0.16519024968147278 0
0.4417538344860077 1
0.396414577960968 0
0.8653084635734558 0
0.139224112033844 0
0.04502525180578232 0
0.6721681356430054 1
0.6472314596176147 0
0.6896405220031738 0
0.42845138907432556 0
0.6621865630149841 0
0.8540430068969727 1
0.031203407794237137 0
0.37865686416625977 0
0.6095656156539917 0
0.12652108073234558 0
0.7423135638237 1
0.22914986312389374 0
0.5437498092651367 0
0.533771812915802 0
0.7023903131484985 0
0.9513763785362244 1
0.22723251581192017 0
0.6081055402755737 0
0.11972364783287048 0
0.5634104609489441 0
0.6933915615081787 1
0.016762442886829376 0
0.2674194276332855 0
0.4114198684692383 0
0.02386307343840599 0
0.7162455916404724 1
0.023499956354498863 0
0.3725643754005432 0
0.34388217329978943 0
0.04295901209115982 0
0.9511754512786865 1
0.06023559719324112 0
0.20065447688102722 0
0.5727208852767944 0
0.021723758429288864 0
0.661224365234375 1
0.6623212695121765 0
0.4293099641799927 0
0.6472072005271912 0
0.35538285970687866 0
0.7366290092468262 1
0.5532246828079224 0
0.47917765378952026 0
0.3297394812107086 0
0.556073784828186 0
0.7282880544662476 1
0.26433882117271423 0
0.44804704189300537 0
0.08961259573698044 0
0.2163611501455307 0
0.713951826095581 1
0.1522250771522522 0
0.7831634879112244 0
0.014507940970361233 0
0.176328644156456 0
0.6872012615203857 1
0.2845284044742584 0
0.6931442618370056 0
0.24427573382854462 0
0.13217586278915405 0
0.7919909358024597 1
0.6640534996986389 0
0.8969780206680298 0
0.6413222551345825 0
0.2568801939487457 0
0.6686286330223083 1
0.01644246093928814 0
0.1131652221083641 0
0.39355331659317017 0
0.01277149748057127 0
0.7109326124191284 1
0.02173054777085781 0
0.401919960975647 0
0.2782028615474701 0
0.3595179319381714 0
0.4616638123989105 1
0.06571182608604431 0
0.41694754362106323 0
0.13960973918437958 0
0.26975706219673157 0
0.5594593286514282 1
0.006284094415605068 0
0.03718198463320732 0
0.0992567166686058 0
0.0011755807790905237 0
0.6829525232315063 1
0.011754749342799187 0
0.12359129637479782 0
0.11132076382637024 0
0.011430504731833935 0
0.6733967065811157 1
0.05669720098376274 0
0.17886541783809662 0
0.18190501630306244 0
0.03530224785208702 0
