0.2263503521680832 1
0.5515764355659485 1
0.23412224650382996 1
0.18654219806194305 1
0.047200556844472885 1
0.3534426689147949 1
0.6937378644943237 1
0.025082072243094444 1
0.6373956203460693 1
0.22326897084712982 1
0.47085386514663696 1
0.0748969316482544 1
0.5695882439613342 1
0.6969835758209229 1
0.9748451113700867 1
0.6938220262527466 1
0.04930874705314636 1
0.5722696781158447 1
0.1803024858236313 1
0.7949997782707214 1
0.3570513129234314 1
0.0741133764386177 1
0.9135650992393494 1
0.004916784819215536 0
0.0016214632196351886 0
0.6542040109634399 0
0.0010121393715962768 0
0.1056462973356247 0
0.3222217559814453 0
0.001578478142619133 0
0.0011903627309948206 0
0.3108692765235901 0
0.11481522768735886 0
0.012425635010004044 0
0.80253005027771 0
0.0001232291106134653 0
0.00024718325585126877 0
0.7075539827346802 0
0.0011771144345402718 0
0.0001328373036812991 0
0.6310945749282837 0
0.0002192998508689925 0
0.0191248320043087 0
0.6649940013885498 0
0.07073502242565155 0
0.006580603774636984 0
0.34350281953811646 0
0.0021866033785045147 0
0.01217084564268589 0
0.5056866407394409 0
0.0010894251754507422 0
0.0030966009944677353 0
0.3334835469722748 0
0.003457947401329875 0
0.007293743081390858 0
0.3143274486064911 0
0.0028109848499298096 0
0.02228110283613205 0
0.3442971110343933 0
0.03249837085604668 0
0.0051661161705851555 0
0.41167116165161133 0
0.0013985862024128437 0
0.012338860891759396 0
0.36461731791496277 0
0.05946353077888489 0
0.0023540977854281664 0
0.47619903087615967 0
0.007677966728806496 0
0.0017755276057869196 0
0.3532850444316864 0
0.1231323629617691 0
0.029549328610301018 0
0.4038255214691162 0
0.0002142173470929265 0
0.039509717375040054 0
0.4314296841621399 0
0.0006158798933029175 0
0.0029395725578069687 0
0.5230304002761841 0
0.008406766690313816 0
0.0022471880074590445 0
0.654449462890625 0
0.010335320606827736 0
0.08331909775733948 0
0.5093915462493896 0
0.004531439393758774 0
0.003666357137262821 0
0.6681028604507446 0
0.1444476842880249 0
0.0018940209411084652 0
0.7075881361961365 0
0.7208428382873535 1
0.8509036898612976 1
0.497444748878479 1
0.7367852926254272 1
0.7886719703674316 1
0.8395894765853882 1
0.9484629034996033 1
0.9270550608634949 1
0.7966461181640625 1
0.3735191822052002 1
0.6919609904289246 1
0.8493549823760986 1
0.41375550627708435 1
0.1941150277853012 1
0.6541742086410522 1
0.33479100465774536 1
0.8437509536743164 1
0.5075855255126953 1
0.588111400604248 1
0.4589662551879883 1
0.7431397438049316 1
0.6703411936759949 1
0.6269134879112244 1
