0.9999882578849792 1
0.38224267959594727 0
0.5360244512557983 0
0.4298419952392578 0
0.9718489646911621 0
0.9950820207595825 1
0.05960337445139885 0
0.6073570251464844 0
0.452481210231781 0
0.9772962331771851 0
0.9999265670776367 1
0.485421359539032 0
0.8240658044815063 0
0.9664255380630493 0
0.8798879384994507 0
0.99998939037323 1
0.9052890539169312 0
0.9494800567626953 0
0.13424408435821533 0
0.9682881832122803 0
0.9935733675956726 1
0.7656899690628052 0
0.9200506210327148 0
0.9975346326828003 0
0.9804874658584595 0
0.9999701380729675 1
0.9464101791381836 0
0.9819775819778442 0
0.9863861799240112 0
0.9996424913406372 0
0.9989145994186401 1
0.1321004033088684 0
0.9570167064666748 0
0.18520522117614746 0
0.6844457983970642 0
0.9998754262924194 1
0.1053006574511528 0
0.05010641738772392 0
0.1637200117111206 0
0.9548454284667969 0
0.9998886585235596 1
0.49679359793663025 0
0.9042931795120239 0
0.0036512305960059166 0
0.3737095594406128 0
0.9999562501907349 1
0.10758449137210846 0
0.4802098870277405 0
0.022279297932982445 0
0.9686572551727295 0
0.973818302154541 1
0.1105600893497467 0
0.054545238614082336 0
0.9460628032684326 0
0.9649526476860046 0
0.9989029169082642 1
0.6324812173843384 0
0.6721767783164978 0
0.9427316188812256 0
0.9987726211547852 0
0.9999820590019226 1
0.1998395323753357 0
0.005383586045354605 0
0.5928003191947937 0
0.8703312873840332 0
0.9991466999053955 1
0.9642214775085449 0
0.9998251795768738 0
0.9935395121574402 0
0.9991065859794617 0
0.9999865293502808 1
0.9470741152763367 0
0.08300723135471344 0
0.9919862151145935 0
0.9985799193382263 0
0.9998236894607544 1
0.7479790449142456 0
0.7685446739196777 0
0.494367778301239 0
0.9829618334770203 0
0.999161422252655 1
0.04374869912862778 0
0.032293371856212616 0
0.9984976649284363 0
0.9203847646713257 0
0.9997515678405762 1
0.044462524354457855 0
0.6096643209457397 0
0.9438709020614624 0
0.9832268953323364 0
0.9988340139389038 1
4.2122090235352516e-05 0
0.00029320537578314543 0
0.08353346586227417 0
0.0193454809486866 0
0.9997586607933044 1
0.00023391901049762964 0
0.10643615573644638 0
0.012576920911669731 0
0.06793983280658722 0
0.9883365035057068 1
0.0019194763153791428 0
0.06801550835371017 0
0.0042359717190265656 0
0.02107778564095497 0
0.9999871253967285 1
0.01989234797656536 0
0.9939424395561218 0
0.764619767665863 0
0.007870946079492569 0
0.9999510049819946 1
0.015142785385251045 0
0.9908238649368286 0
0.04450421780347824 0
0.01629137434065342 0
0.999954879283905 1
0.04826477915048599 0
0.9956704378128052 0
0.0034500814508646727 0
0.00806576106697321 0
0.9993537664413452 1
0.009264732711017132 0
0.7813458442687988 0
0.9397727847099304 0
0.12286128848791122 0
0.9999709129333496 1
0.014963834546506405 0
0.8818055391311646 0
0.41906827688217163 0
0.7956165671348572 0
0.8790912628173828 1
0.38552889227867126 0
0.9311941862106323 0
0.053893472999334335 0
0.09673444926738739 0
0.9984249472618103 1
0.00043714646017178893 0
0.02438952587544918 0
0.9547526836395264 0
0.06752534210681915 0
0.9999787211418152 1
0.017720326781272888 0
0.740564227104187 0
0.8890856504440308 0
0.05495389550924301 0
0.9986594915390015 1
0.005621746182441711 0
0.0458865687251091 0
0.46235427260398865 0
0.08969929069280624 0
0.9999688863754272 1
0.009279021993279457 0
0.43221089243888855 0
0.001963687129318714 0
0.06242220848798752 0
0.999961256980896 1
0.043486546725034714 0
0.5377472043037415 0
0.09859076142311096 0
0.00044335098937153816 0
0.9999699592590332 1
0.009887966327369213 0
0.3110201954841614 0
0.0005362463416531682 0
0.021164800971746445 0
0.9938855171203613 1
0.001186713227070868 0
0.08404385298490524 0
0.12995271384716034 0
0.014728251844644547 0
0.9996860027313232 1
9.671504085417837e-05 0
0.004518808797001839 0
0.06110522896051407 0
0.046341679990291595 0
0.9879782199859619 1
0.0026416322216391563 0
0.01786702126264572 0
0.0013456624001264572 0
0.008891822770237923 0
0.9999467730522156 1
0.017652709037065506 0
0.8147335052490234 0
0.9683432579040527 0
0.004713920876383781 0
0.9988236427307129 1
0.007458757143467665 0
0.9788755178451538 0
0.9845492839813232 0
0.9090290069580078 0
0.9858407378196716 1
0.8975799083709717 0
0.9860585927963257 0
0.6083008050918579 0
0.9465863108634949 0
0.9968592524528503 1
0.00038025560206733644 0
0.03842703253030777 0
0.6759650111198425 0
0.0007500407518818974 0
0.9997636079788208 1
0.000889625574927777 0
0.008077537640929222 0
0.33632785081863403 0
0.002655208110809326 0
0.9973186254501343 1
0.003324393881484866 0
0.19203954935073853 0
0.1430344581604004 0
0.016367491334676743 0
0.9997203350067139 1
0.8992874622344971 0
0.9999377131462097 0
0.9961215853691101 0
7.943787204567343e-05 0
0.9999665021896362 1
0.22461436688899994 0
0.9997743368148804 0
0.9677647948265076 0
0.8465179204940796 0
0.9990371465682983 1
0.9787801504135132 0
0.9976139068603516 0
0.647118330001831 0
0.6594324111938477 0
0.9999914169311523 1
0.0013302601873874664 0
0.566788375377655 0
0.9550997614860535 0
0.0001732486707624048 0
0.9999472498893738 1
0.055483102798461914 0
0.9993798136711121 0
0.9487061500549316 0
0.0009586605592630804 0
0.9989847540855408 1
0.5109949111938477 0
0.9988569021224976 0
0.9745309352874756 0
0.019493721425533295 0
0.9977113604545593 1
0.011402647010982037 0
0.02340085804462433 0
0.42105633020401 0
0.8133647441864014 0
0.982733964920044 1
0.12051673978567123 0
0.2289198338985443 0
0.05934120714664459 0
0.7658535838127136 0
0.990734338760376 1
0.02174476906657219 0
0.5680540800094604 0
0.5667046904563904 0
0.7438718676567078 0
0.9980213046073914 1
0.10816185176372528 0
0.17589733004570007 0
0.3922644555568695 0
0.005008168518543243 0
0.9990474581718445 1
0.025410056114196777 0
0.6854172945022583 0
0.012408274225890636 0
0.0015449507627636194 0
0.9995836019515991 1
0.28349512815475464 0
0.37577781081199646 0
0.30013149976730347 0
0.9146146774291992 0
0.9993520975112915 1
0.0015181663911789656 0
0.38917702436447144 0
0.8998931646347046 0
0.0014776983298361301 0
0.9916362762451172 1
0.2719612717628479 0
0.9942585825920105 0
0.9992400407791138 0
0.9931467771530151 0
0.9977602958679199 1
0.37144720554351807 0
0.45687732100486755 0
0.4735279083251953 0
0.9913486838340759 0
0.7642253637313843 1
0.0001231840142281726 0
0.0244591124355793 0
0.9926614761352539 0
0.00024187206872738898 0
0.9998300075531006 1
0.005818262230604887 0
0.13265764713287354 0
0.9177178144454956 0
0.0011362963123247027 0
0.99750816822052 1
0.000653883907943964 0
0.17499350011348724 0
0.7663818597793579 0
0.007997154258191586 0
0.9999696612358093 1
0.9841127395629883 0
0.8593973517417908 0
0.9530192613601685 0
0.00421932665631175 0
0.9999961256980896 1
0.6149789690971375 0
0.9020833969116211 0
0.998572826385498 0
0.9874057769775391 0
0.9994257688522339 1
0.7338215708732605 0
0.884148120880127 0
0.4256308078765869 0
0.4691358506679535 0
0.999973475933075 1
0.02573024295270443 0
0.9403748512268066 0
1.0541977644606959e-05 0
0.00033432431519031525 0
0.999085545539856 1
0.03381670266389847 0
0.9342001676559448 0
0.5467879176139832 0
0.003456004662439227 0
0.9992146492004395 1
0.8969897031784058 0
0.9761270880699158 0
0.9520685076713562 0
0.31604570150375366 0
0.9850172400474548 1
0.002386811887845397 0
0.9865268468856812 0
0.6640356779098511 0
2.8627377105294727e-05 0
0.9996404647827148 1
0.0049990275874733925 0
0.9763402938842773 0
0.6910135746002197 0
0.868574321269989 0
0.9946173429489136 1
0.7155089378356934 0
0.9985765218734741 0
0.834754228591919 0
0.8264747858047485 0
0.3258766233921051 1
0.00030071198125369847 0
0.0018896772526204586 0
0.10707058757543564 0
1.4372677469509654e-05 0
0.8390402793884277 1
0.00024300719087477773 0
0.01856158673763275 0
0.05200975388288498 0
0.0001972510217456147 0
0.9792650938034058 1
0.005863226484507322 0
0.0014245824422687292 0
0.2391384094953537 0
0.0017905216664075851 0
