0.05474821850657463 1
0.562798261642456 1
0.23482847213745117 1
0.3023689091205597 1
0.04074854031205177 1
0.2462596297264099 1
0.6779465079307556 1
0.06996570527553558 1
0.525855302810669 1
0.24175189435482025 1
0.3480038642883301 1
0.26155558228492737 1
0.4540809094905853 1
0.40116214752197266 1
0.9344347715377808 1
0.30178573727607727 1
0.004651173949241638 1
0.4931756854057312 1
0.15682294964790344 1
0.809457540512085 1
0.2988635003566742 1
0.5036725997924805 1
0.673721194267273 1
0.0017009697621688247 0
0.0023526193108409643 0
0.5722856521606445 0
0.001043464639224112 0
0.1070454940199852 0
0.30612513422966003 0
0.00036424468271434307 0
0.002489514881744981 0
0.18864719569683075 0
0.004212619736790657 0
0.013896774500608444 0
0.6196779608726501 0
0.00016470227274112403 0
0.0013124406104907393 0
0.6047976613044739 0
0.0006606222013942897 0
0.0006862652953714132 0
0.2828775644302368 0
0.0006161119090393186 0
0.0007266238098964095 0
0.4789329171180725 0
0.00999409332871437 0
0.00840078480541706 0
0.3246839940547943 0
0.001060451497323811 0
0.0068540191277861595 0
0.3446218967437744 0
0.005387221463024616 0
0.018394412472844124 0
0.3263956904411316 0
0.0076901852153241634 0
0.01581675000488758 0
0.33316656947135925 0
0.02319147437810898 0
0.07515250146389008 0
0.4023182988166809 0
0.01231915783137083 0
0.004984947852790356 0
0.3519913852214813 0
0.001998022897168994 0
0.03843875601887703 0
0.41630691289901733 0
0.032420866191387177 0
0.011303557083010674 0
0.5828617811203003 0
0.003177064238116145 0
0.0027695298194885254 0
0.4244263768196106 0
0.005938636139035225 0
0.015104105696082115 0
0.47819527983665466 0
0.0020888582803308964 0
0.04013041406869888 0
0.333087295293808 0
0.00036825379356741905 0
0.0037410836666822433 0
0.37766847014427185 0
0.005139379296451807 0
0.0058538648299872875 0
0.42725133895874023 0
0.00833098404109478 0
0.03284455090761185 0
0.29793834686279297 0
0.004243417643010616 0
0.026617970317602158 0
0.5888423919677734 0
0.02965741604566574 0
0.002034737728536129 0
0.6659778356552124 0
0.6918628215789795 1
0.8473994731903076 1
0.38737452030181885 1
0.698721170425415 1
0.8143137693405151 1
0.906539797782898 1
0.9101382493972778 1
0.930432915687561 1
0.8029125928878784 1
0.44647809863090515 1
0.5408310890197754 1
0.9079587459564209 1
0.4780076742172241 1
0.4579330384731293 1
0.42979109287261963 1
0.326591819524765 1
0.7485980987548828 1
0.5565251708030701 1
0.6146350502967834 1
0.3251835107803345 1
0.6335693001747131 1
0.6996128559112549 1
0.6808039546012878 1
