0.6680786609649658 1
0.30288994312286377 0
0.33492597937583923 0
0.2098734974861145 0
0.39850282669067383 0
0.6129909753799438 1
0.17876724898815155 0
0.3738906979560852 0
0.27630123496055603 0
0.41120633482933044 0
0.5449695587158203 1
0.3224530518054962 0
0.34102320671081543 0
0.2913873493671417 0
0.3802639842033386 0
0.9096730947494507 1
0.5434622764587402 0
0.6151050329208374 0
0.16500689089298248 0
0.559680700302124 0
0.8852807283401489 1
0.7639107704162598 0
0.8636974096298218 0
0.45790335536003113 0
0.7164804935455322 0
0.9357271194458008 1
0.8408797979354858 0
0.7907636165618896 0
0.3148718774318695 0
0.6625403165817261 0
0.5923160910606384 1
0.6239357590675354 0
0.9414318799972534 0
0.2713239789009094 0
0.3365304470062256 0
0.6692337393760681 1
0.9334478378295898 0
0.4092140197753906 0
0.32853859663009644 0
0.5921595096588135 0
0.34579285979270935 1
0.7566146850585938 0
0.9901555776596069 0
0.2738438844680786 0
0.33245325088500977 0
0.9763299822807312 1
0.013082902878522873 0
0.3132625222206116 0
0.16227483749389648 0
0.540523886680603 0
0.8469704389572144 1
0.21457140147686005 0
0.12321528792381287 0
0.5039346218109131 0
0.5587543249130249 0
0.8721379637718201 1
0.3186695873737335 0
0.32621169090270996 0
0.34592658281326294 0
0.6969337463378906 0
0.9180373549461365 1
0.376435250043869 0
0.3473298251628876 0
0.13658401370048523 0
0.33678388595581055 0
0.7496113777160645 1
0.9850994944572449 0
0.9713753461837769 0
0.4370029866695404 0
0.962202250957489 0
0.6936833262443542 1
0.3282895088195801 0
0.3414033353328705 0
0.33561524748802185 0
0.45813626050949097 0
0.6948010325431824 1
0.23183047771453857 0
0.7361226081848145 0
0.31453290581703186 0
0.3074321746826172 0
0.9093779921531677 1
0.679796576499939 0
0.6547766923904419 0
0.9590198397636414 0
0.5659383535385132 0
0.8763973712921143 1
0.21366915106773376 0
0.6407954692840576 0
0.3447614908218384 0
0.6255345940589905 0
0.60874342918396 1
0.0025579428765922785 0
0.015334299765527248 0
0.2172197699546814 0
0.07202693074941635 0
0.5918037295341492 1
0.0072662364691495895 0
0.3140261769294739 0
0.06236287206411362 0
0.3008018434047699 0
0.4701458811759949 1
0.05406244099140167 0
0.3280383348464966 0
0.12762285768985748 0
0.1866466999053955 0
0.6668087244033813 1
0.15192526578903198 0
0.6752395629882812 0
0.32327383756637573 0
0.0239267535507679 0
0.6664737462997437 1
0.17428933084011078 0
0.6563208103179932 0
0.2520939111709595 0
0.17070035636425018 0
0.5269380807876587 1
0.29749685525894165 0
0.5916194915771484 0
0.24330048263072968 0
0.25365233421325684 0
0.6404869556427002 1
0.1670616716146469 0
0.8993238806724548 0
0.5687758922576904 0
0.3216968774795532 0
0.6823916435241699 1
0.13476747274398804 0
0.9062861204147339 0
0.5999628305435181 0
0.5753493905067444 0
0.5684160590171814 1
0.19433975219726562 0
0.970736026763916 0
0.2611207962036133 0
0.3819445073604584 0
0.5989252924919128 1
0.04095872491598129 0
0.2960907220840454 0
0.5151333808898926 0
0.5187576413154602 0
0.6685235500335693 1
0.21134339272975922 0
0.33410727977752686 0
0.3576080799102783 0
0.3813266456127167 0
0.5844990015029907 1
0.07653805613517761 0
0.32974591851234436 0
0.3075530529022217 0
0.32634174823760986 0
0.6738214492797852 1
0.1318090558052063 0
0.37189823389053345 0
0.13611243665218353 0
0.2271350622177124 0
0.6655162572860718 1
0.14928147196769714 0
0.4512549340724945 0
0.1220397874712944 0
0.008795426227152348 0
0.6598875522613525 1
0.2699469327926636 0
0.3643282651901245 0
0.1027272567152977 0
0.21307030320167542 0
0.49561452865600586 1
0.01557174138724804 0
0.19859737157821655 0
0.3019666075706482 0
0.14855924248695374 0
0.5454494953155518 1
0.014234720729291439 0
0.0805344358086586 0
0.11432936787605286 0
0.01997608318924904 0
0.34710896015167236 1
0.11130806058645248 0
0.28556013107299805 0
0.03928598016500473 0
0.05477389693260193 0
0.3504999577999115 1
0.31866735219955444 0
0.33299940824508667 0
0.3333342671394348 0
0.18045274913311005 0
0.34422704577445984 1
0.3211381733417511 0
0.3349311351776123 0
0.33681756258010864 0
0.34541094303131104 0
0.3530435264110565 1
0.31626519560813904 0
0.33488163352012634 0
0.06544425338506699 0
0.30545395612716675 0
0.34000831842422485 1
0.08659195154905319 0
0.32984089851379395 0
0.3313741981983185 0
0.025782547891139984 0
0.5128082036972046 1
0.07715685665607452 0
0.11575236916542053 0
0.2737809419631958 0
0.09566712379455566 0
0.6122056841850281 1
0.04864388331770897 0
0.2606554627418518 0
0.3099978268146515 0
0.27695250511169434 0
0.7283859252929688 1
0.6384878158569336 0
0.6502920985221863 0
0.4714004695415497 0
0.1995663046836853 0
0.7024771571159363 1
0.28159570693969727 0
0.6026773452758789 0
0.3398696184158325 0
0.4714837670326233 0
0.8506029844284058 1
0.3740038573741913 0
0.37428686022758484 0
0.17778873443603516 0
0.2671964168548584 0
0.6624972820281982 1
0.14840060472488403 0
0.3144412636756897 0
0.34639936685562134 0
0.02650175616145134 0
0.6750072240829468 1
0.2345394790172577 0
0.5848291516304016 0
0.33369922637939453 0
0.11196708679199219 0
0.7588744163513184 1
0.6263200044631958 0
0.8950604200363159 0
0.6474145650863647 0
0.10742827504873276 0
0.33370935916900635 1
0.7698778510093689 0
0.9628934860229492 0
0.5622593760490417 0
0.5499318838119507 0
0.3454133868217468 1
0.5386258959770203 0
0.9105287790298462 0
0.3044140934944153 0
0.3677273392677307 0
0.5016348361968994 1
0.5809838771820068 0
0.9824783205986023 0
0.1917639970779419 0
0.0712505578994751 0
0.3933985233306885 1
0.7541080713272095 0
0.9400882124900818 0
0.4809706211090088 0
0.12128105759620667 0
0.40517693758010864 1
0.4583464562892914 0
0.9127275347709656 0
0.2562572956085205 0
0.06477963924407959 0
0.6350765228271484 1
0.7000017166137695 0
0.846642255783081 0
0.61171555519104 0
0.6324409246444702 0
0.6669929027557373 1
0.3214193284511566 0
0.3281616270542145 0
0.37473613023757935 0
0.2532278895378113 0
0.6666439771652222 1
0.33385762572288513 0
0.33841416239738464 0
0.3836621046066284 0
0.5684435367584229 0
0.9758857488632202 1
0.16852883994579315 0
0.33162921667099 0
0.25595104694366455 0
0.48279649019241333 0
0.5434116721153259 1
0.0005577788688242435 0
0.3260105848312378 0
0.3871830403804779 0
0.007844667881727219 0
0.6541723012924194 1
0.05169527977705002 0
0.319195419549942 0
0.2703043222427368 0
0.015320559963583946 0
0.9662386775016785 1
0.1971500813961029 0
0.06697942316532135 0
0.5455208420753479 0
0.013417049311101437 0
0.35505223274230957 1
0.3409419655799866 0
0.33462047576904297 0
0.3591865301132202 0
0.32251420617103577 0
0.6348605751991272 1
0.3413921296596527 0
0.3448403477668762 0
0.35951054096221924 0
0.434242844581604 0
0.56861412525177 1
0.19135814905166626 0
0.33173537254333496 0
0.21958506107330322 0
0.29299846291542053 0
0.6621293425559998 1
0.3026154935359955 0
0.6639614701271057 0
0.04215103015303612 0
0.12559300661087036 0
0.6026334166526794 1
0.3197912573814392 0
0.337580144405365 0
0.3294767737388611 0
0.018591828644275665 0
0.7088591456413269 1
0.6583735942840576 0
0.8793210387229919 0
0.6630526781082153 0
0.2683444619178772 0
0.48981624841690063 1
0.28609687089920044 0
0.3333311975002289 0
0.36186742782592773 0
0.13273783028125763 0
0.6309882402420044 1
0.09388228505849838 0
0.5325632691383362 0
0.3107127845287323 0
0.2860426902770996 0
0.6085149049758911 1
0.09081186354160309 0
0.6604348421096802 0
0.2397141456604004 0
0.12966769933700562 0
0.33458393812179565 1
0.06731799244880676 0
0.07999753206968307 0
0.20137827098369598 0
0.0014868383295834064 0
0.6136687397956848 1
0.03589167073369026 0
0.1285800337791443 0
0.31706273555755615 0
0.03107304871082306 0
0.6460075974464417 1
0.1588788777589798 0
0.5355134010314941 0
0.5607202053070068 0
0.025685731321573257 0
