0.09074456989765167 1
0.3697677254676819 1
0.07438685745000839 1
0.08419656753540039 1
0.05304355174303055 1
0.26363837718963623 1
0.5670230388641357 1
0.006223756354302168 1
0.4719551205635071 1
0.06703416258096695 1
0.3504265546798706 1
0.06947662681341171 1
0.33354783058166504 1
0.5083233118057251 1
0.9114855527877808 1
0.35807836055755615 1
0.006027033552527428 1
0.26148521900177 1
0.058384574949741364 1
0.5202624797821045 1
0.13176044821739197 1
0.2115371823310852 1
0.5445141792297363 1
0.002767720725387335 0
0.001706464565359056 0
0.4063354432582855 0
0.001480531645938754 0
0.036272499710321426 0
0.1379305124282837 0
0.00018426035239826888 0
0.0013197347288951278 0
0.14883026480674744 0
0.002816097578033805 0
0.01602877676486969 0
0.8333271741867065 0
7.052922592265531e-05 0
0.00023076191428117454 0
0.7393800020217896 0
0.0007557066855952144 0
0.0001785915083019063 0
0.34781157970428467 0
0.0005272389389574528 0
0.0021243456285446882 0
0.3704432249069214 0
0.0076235029846429825 0
0.0009557618759572506 0
0.312666654586792 0
0.001070927595719695 0
0.006932144518941641 0
0.20459246635437012 0
0.0007316232076846063 0
0.005264180712401867 0
0.26974958181381226 0
0.0012817052192986012 0
0.004335092380642891 0
0.28942492604255676 0
0.006628929637372494 0
0.010206216014921665 0
0.3413864076137543 0
0.0014699561288580298 0
0.002431601984426379 0
0.3279286026954651 0
0.0004865126102231443 0
0.039312608540058136 0
0.3180966377258301 0
0.009870575740933418 0
0.0028956024907529354 0
0.3524891138076782 0
0.004875113256275654 0
0.005080424714833498 0
0.32552939653396606 0
0.017886698246002197 0
0.0029538809321820736 0
0.40432846546173096 0
0.0003433940000832081 0
0.010843261145055294 0
0.3656473159790039 0
0.0005197597201913595 0
0.0012099470477551222 0
0.33826348185539246 0
0.006440935656428337 0
0.0034719849936664104 0
0.5216216444969177 0
0.007982295006513596 0
0.02336910367012024 0
0.335050106048584 0
0.003391338512301445 0
0.005019206553697586 0
0.5025191307067871 0
0.05903560668230057 0
0.0019177424255758524 0
0.6856362819671631 0
0.7024331092834473 1
0.845503032207489 1
0.3927384614944458 1
0.6666663885116577 1
0.7730531692504883 1
0.8629130721092224 1
0.9429793357849121 1
0.9736434817314148 1
0.810072660446167 1
0.3324519693851471 1
0.3891097903251648 1
0.758031964302063 1
0.476088285446167 1
0.4164855182170868 1
0.4493619203567505 1
0.3413153886795044 1
0.8361774682998657 1
0.27491340041160583 1
0.3374224603176117 1
0.29931312799453735 1
0.5514483451843262 1
0.5162151455879211 1
0.5757600665092468 1
