0.6416919827461243 1
0.3059076964855194 0
0.3658474385738373 0
0.34714221954345703 0
0.4908466041088104 0
0.7313542366027832 1
0.20660313963890076 0
0.34025734663009644 0
0.44452112913131714 0
0.5797695517539978 0
0.6552575826644897 1
0.20542484521865845 0
0.34773799777030945 0
0.2928820848464966 0
0.10847434401512146 0
0.9260040521621704 1
0.7188222408294678 0
0.7893227934837341 0
0.15340442955493927 0
0.4676404595375061 0
0.9176778793334961 1
0.617159366607666 0
0.7892462611198425 0
0.7227104902267456 0
0.7138054370880127 0
0.9561653137207031 1
0.7394050359725952 0
0.7939532995223999 0
0.5478694438934326 0
0.30840563774108887 0
0.6603920459747314 1
0.6340830326080322 0
0.8918365240097046 0
0.46275627613067627 0
0.5711941719055176 0
0.6617707014083862 1
0.5811358690261841 0
0.3690909743309021 0
0.3678111433982849 0
0.6483439803123474 0
0.556033730506897 1
0.601125955581665 0
0.692722737789154 0
0.2191297709941864 0
0.34112387895584106 0
0.9891221523284912 1
0.16151708364486694 0
0.41831690073013306 0
0.07427059859037399 0
0.6141773462295532 0
0.9262527227401733 1
0.2347281575202942 0
0.08442192524671555 0
0.375268816947937 0
0.5249830484390259 0
0.9608100652694702 1
0.17162907123565674 0
0.3420848846435547 0
0.32459577918052673 0
0.6531637907028198 0
0.8832597136497498 1
0.44161397218704224 0
0.34068867564201355 0
0.158484548330307 0
0.1533115655183792 0
0.8256615400314331 1
0.9695894122123718 0
0.9366253614425659 0
0.604579508304596 0
0.8975005149841309 0
0.7155987620353699 1
0.4581317901611328 0
0.38382813334465027 0
0.40038126707077026 0
0.4399903416633606 0
0.690100371837616 1
0.18821284174919128 0
0.5435648560523987 0
0.1616789847612381 0
0.1087733656167984 0
0.6355791091918945 1
0.5932797193527222 0
0.5418899655342102 0
0.7505044937133789 0
0.34817367792129517 0
0.7467374801635742 1
0.10117626190185547 0
0.3113252520561218 0
0.38808709383010864 0
0.5088884830474854 0
0.6535630226135254 1
0.009109723381698132 0
0.17049667239189148 0
0.3511286675930023 0
0.14726871252059937 0
0.6418641805648804 1
0.017394062131643295 0
0.3923235535621643 0
0.09497760236263275 0
0.2483951300382614 0
0.5728834867477417 1
0.024692079052329063 0
0.2803826630115509 0
0.1152942106127739 0
0.12805849313735962 0
0.6770157217979431 1
0.13235530257225037 0
0.6977308988571167 0
0.18666158616542816 0
0.02733803354203701 0
0.6787643432617188 1
0.22253566980361938 0
0.6798073649406433 0
0.1682700216770172 0
0.15227475762367249 0
0.5262436866760254 1
0.23933473229408264 0
0.6214279532432556 0
0.06243070960044861 0
0.04638921841979027 0
0.6642899513244629 1
0.2715783417224884 0
0.8354099988937378 0
0.4711580276489258 0
0.41055619716644287 0
0.6620890498161316 1
0.1961638331413269 0
0.877831220626831 0
0.5880285501480103 0
0.6371794939041138 0
0.613861083984375 1
0.5752092599868774 0
0.695144534111023 0
0.24660895764827728 0
0.5968904495239258 0
0.6861482858657837 1
0.03061235323548317 0
0.3401028513908386 0
0.40698421001434326 0
0.5528547763824463 0
0.6656737327575684 1
0.07662072777748108 0
0.39289265871047974 0
0.4138658940792084 0
0.1811293214559555 0
0.5334516167640686 1
0.010500042699277401 0
0.3029840588569641 0
0.17128697037696838 0
0.39074528217315674 0
0.6869691610336304 1
0.05480272322893143 0
0.323735773563385 0
0.04472627490758896 0
0.03998390957713127 0
0.6699849963188171 1
0.32383406162261963 0
0.5467426776885986 0
0.027234448119997978 0
0.008139420300722122 0
0.632487416267395 1
0.23073910176753998 0
0.3002215623855591 0
0.022978950291872025 0
0.07026447355747223 0
0.46113020181655884 1
0.03933904692530632 0
0.18915075063705444 0
0.10308007895946503 0
0.008250027894973755 0
0.5656120777130127 1
0.014533299021422863 0
0.0830143541097641 0
0.014440668746829033 0
0.018663980066776276 0
0.3394647538661957 1
0.03533495217561722 0
0.14054331183433533 0
0.018549082800745964 0
0.020308997482061386 0
0.4167879521846771 1
0.010974942706525326 0
0.2423177808523178 0
0.3045336604118347 0
0.001718555111438036 0
0.4921730160713196 1
0.05661570653319359 0
0.33737242221832275 0
0.3722496032714844 0
0.18335705995559692 0
0.3367677628993988 1
0.20103728771209717 0
0.3360689580440521 0
0.21830204129219055 0
0.3168143928050995 0
0.35228070616722107 1
0.0025332514196634293 0
0.05809465050697327 0
0.26949477195739746 0
0.0011017380747944117 0
0.3417856693267822 1
0.003999198786914349 0
0.02912944369018078 0
0.32463186979293823 0
0.014881006442010403 0
0.6375678777694702 1
0.010386482812464237 0
0.10316120833158493 0
0.19039830565452576 0
0.03485635668039322 0
0.7190863490104675 1
0.4219748377799988 0
0.6814736127853394 0
0.6224120855331421 0
0.000937403819989413 0
0.8261076211929321 1
0.394432008266449 0
0.6905570030212402 0
0.49157199263572693 0
0.5068883895874023 0
0.9374061822891235 1
0.393850177526474 0
0.5578500032424927 0
0.12359802424907684 0
0.2412932813167572 0
0.6691297292709351 1
0.04979606717824936 0
0.2014390528202057 0
0.2823159992694855 0
0.0009116699802689254 0
0.6652305126190186 1
0.1143726035952568 0
0.7973695993423462 0
0.34071478247642517 0
0.008648625575006008 0
0.771694540977478 1
0.4435078799724579 0
0.9156145453453064 0
0.4386868178844452 0
0.017955422401428223 0
0.48917698860168457 1
0.05869080871343613 0
0.2604994475841522 0
0.45880040526390076 0
0.27731478214263916 0
0.36498796939849854 1
0.4671677052974701 0
0.640647292137146 0
0.03455158323049545 0
0.5383622050285339 0
0.5504866242408752 1
0.52174311876297 0
0.7442764639854431 0
0.40752503275871277 0
0.472678005695343 0
0.520871639251709 1
0.40049776434898376 0
0.43045347929000854 0
0.25438934564590454 0
0.013880621641874313 0
0.3816717267036438 1
0.400216281414032 0
0.638535737991333 0
0.2849127948284149 0
0.05391179025173187 0
0.653802216053009 1
0.5350892543792725 0
0.6306811571121216 0
0.46772491931915283 0
0.51786869764328 0
0.6152254343032837 1
0.018006300553679466 0
0.3342817723751068 0
0.08519268035888672 0
0.0032882671803236008 0
0.6751019954681396 1
0.13014960289001465 0
0.511635422706604 0
0.35034045577049255 0
0.6016162037849426 0
0.984501838684082 1
0.043822031468153 0
0.2969364523887634 0
0.21092179417610168 0
0.5517263412475586 0
0.1885368525981903 1
0.0004118270881008357 0
0.22899000346660614 0
0.1717514842748642 0
0.0004079989739693701 0
0.6596460342407227 1
0.02724110148847103 0
0.3364979922771454 0
0.3185645639896393 0
0.04859566688537598 0
0.9508544206619263 1
0.24139951169490814 0
0.2050919383764267 0
0.3480892777442932 0
0.026387600228190422 0
0.6315118074417114 1
0.49282485246658325 0
0.4401876628398895 0
0.16920942068099976 0
0.016429411247372627 0
0.6906554102897644 1
0.40078434348106384 0
0.46062251925468445 0
0.295509397983551 0
0.40031981468200684 0
0.6860182285308838 1
0.1267606019973755 0
0.3330684304237366 0
0.07667188346385956 0
0.21613198518753052 0
0.6683754324913025 1
0.03567206859588623 0
0.5988942384719849 0
0.010205112397670746 0
0.002079610712826252 0
0.6114393472671509 1
0.06045624241232872 0
0.5233445763587952 0
0.22887563705444336 0
0.07610145211219788 0
0.7456629276275635 1
0.6113121509552002 0
0.8514050841331482 0
0.5532029867172241 0
0.07278378307819366 0
0.1045256108045578 1
0.005181988701224327 0
0.053633227944374084 0
0.02733529917895794 0
0.00045292743016034365 0
0.6012169122695923 1
0.028129085898399353 0
0.14069804549217224 0
0.0691605806350708 0
0.06828713417053223 0
0.3202286660671234 1
0.06558017432689667 0
0.38723301887512207 0
0.07818544656038284 0
0.01313844695687294 0
0.08629636466503143 1
0.0010927410330623388 0
0.055920593440532684 0
0.018401825800538063 0
7.112235471140593e-05 0
0.1249316930770874 1
0.003690877929329872 0
0.07411612570285797 0
0.012683259323239326 0
0.0011509843170642853 0
0.291296124458313 1
0.03867601975798607 0
0.30810415744781494 0
0.15180297195911407 0
0.04766176640987396 0
