0.4667372703552246 1
0.27050477266311646 0
0.43852242827415466 0
0.24718883633613586 0
0.31561774015426636 0
0.52422034740448 1
0.18408921360969543 0
0.3270739018917084 0
0.38162440061569214 0
0.23532834649085999 0
0.6074186563491821 1
0.21573416888713837 0
0.4998757243156433 0
0.29174962639808655 0
0.21452242136001587 0
0.7815161943435669 1
0.5663378238677979 0
0.7486647963523865 0
0.1170024424791336 0
0.23397308588027954 0
0.7835638523101807 1
0.44635897874832153 0
0.4117054343223572 0
0.6400122046470642 0
0.4367024302482605 0
0.8987128138542175 1
0.6785894632339478 0
0.8168290853500366 0
0.4637937545776367 0
0.4585684537887573 0
0.6338585615158081 1
0.42345866560935974 0
0.748767077922821 0
0.4573785960674286 0
0.4603953957557678 0
0.49072879552841187 1
0.3904385268688202 0
0.23509995639324188 0
0.4218706488609314 0
0.2741464674472809 0
0.5791935920715332 1
0.20167431235313416 0
0.6224966049194336 0
0.2941938042640686 0
0.35110482573509216 0
0.8340611457824707 1
0.11894678324460983 0
0.5069628357887268 0
0.17006471753120422 0
0.4821585416793823 0
0.5117982029914856 1
0.2991853952407837 0
0.19116955995559692 0
0.3656904697418213 0
0.360195517539978 0
0.7668633460998535 1
0.20745602250099182 0
0.5031641721725464 0
0.30598902702331543 0
0.5841848850250244 0
0.7469374537467957 1
0.4343702495098114 0
0.47465452551841736 0
0.1789911985397339 0
0.2600541412830353 0
0.7405978441238403 1
0.5937056541442871 0
0.7289409041404724 0
0.4810826778411865 0
0.6759839057922363 0
0.6541360020637512 1
0.452644407749176 0
0.533363401889801 0
0.399768590927124 0
0.5493109226226807 0
0.45127174258232117 1
0.22503356635570526 0
0.5151076316833496 0
0.14636653661727905 0
0.15282674133777618 0
0.5612688064575195 1
0.41344818472862244 0
0.43148884177207947 0
0.48252007365226746 0
0.24396143853664398 0
0.5665671825408936 1
0.1175917387008667 0
0.23611629009246826 0
0.3065604567527771 0
0.4528074860572815 0
0.4649672508239746 1
0.02095523290336132 0
0.22696828842163086 0
0.19915622472763062 0
0.22795212268829346 0
0.4499172866344452 1
0.021845411509275436 0
0.30505162477493286 0
0.13618871569633484 0
0.1688154637813568 0
0.4282776117324829 1
0.018169112503528595 0
0.1762889325618744 0
0.09183529019355774 0
0.09768497198820114 0
0.6905235648155212 1
0.2710109353065491 0
0.7839347720146179 0
0.2554989457130432 0
0.25677332282066345 0
0.6343898773193359 1
0.33596283197402954 0
0.7222623229026794 0
0.10359662026166916 0
0.36753547191619873 0
0.44842231273651123 1
0.2645847797393799 0
0.5682271718978882 0
0.1450224071741104 0
0.07683355361223221 0
0.6030133962631226 1
0.14210373163223267 0
0.466896116733551 0
0.46716949343681335 0
0.413211464881897 0
0.6771068572998047 1
0.04340192675590515 0
0.4538775384426117 0
0.4995742440223694 0
0.590652585029602 0
0.3640035390853882 1
0.18200354278087616 0
0.467631995677948 0
0.14669126272201538 0
0.48605960607528687 0
0.576549768447876 1
0.04284733161330223 0
0.44509825110435486 0
0.39193040132522583 0
0.6440533399581909 0
0.6258214712142944 1
0.0710596889257431 0
0.39478373527526855 0
0.30106762051582336 0
0.4615597426891327 0
0.40360933542251587 1
0.027569226920604706 0
0.2564373314380646 0
0.21975380182266235 0
0.39737337827682495 0
0.6940164566040039 1
0.12814238667488098 0
0.4486067295074463 0
0.0579470619559288 0
0.09923796355724335 0
0.6667178869247437 1
0.2244577258825302 0
0.49593111872673035 0
0.07553142309188843 0
0.012870020233094692 0
0.5592209100723267 1
0.21600130200386047 0
0.3860062062740326 0
0.033143870532512665 0
0.07278887927532196 0
0.2941191494464874 1
0.17064720392227173 0
0.36017152667045593 0
0.1265399158000946 0
0.10156483948230743 0
0.5898343920707703 1
0.06272808462381363 0
0.2734772861003876 0
0.041861772537231445 0
0.022651080042123795 0
0.2939416170120239 1
0.055576588958501816 0
0.16870006918907166 0
0.013714703731238842 0
0.03667508065700531 0
0.4400445818901062 1
0.027167676016688347 0
0.16646677255630493 0
0.21155904233455658 0
0.031311340630054474 0
0.25338155031204224 1
0.019484303891658783 0
0.2465704381465912 0
0.2974279224872589 0
0.19532762467861176 0
0.2669512629508972 1
0.17075809836387634 0
0.36746418476104736 0
0.06893585622310638 0
0.18969282507896423 0
0.27089208364486694 1
0.010155855678021908 0
0.07324361801147461 0
0.17564575374126434 0
0.028346849605441093 0
0.33647918701171875 1
0.007605403196066618 0
0.03767922520637512 0
0.23252874612808228 0
0.14096209406852722 0
0.2013428658246994 1
0.012530023232102394 0
0.09059809893369675 0
0.1641087830066681 0
0.05061554163694382 0
0.7543874979019165 1
0.29974305629730225 0
0.679131269454956 0
0.5250935554504395 0
0.06997525691986084 0
0.8539394736289978 1
0.1824125349521637 0
0.4870321750640869 0
0.4795585572719574 0
0.14136266708374023 0
0.7662708163261414 1
0.36731231212615967 0
0.5750448703765869 0
0.09837093204259872 0
0.11967422068119049 0
0.6869766116142273 1
0.3706616163253784 0
0.44194889068603516 0
0.2978200316429138 0
0.0404205322265625 0
0.740831732749939 1
0.283115953207016 0
0.7187429666519165 0
0.4297769069671631 0
0.2403830736875534 0
0.5788835883140564 1
0.31704777479171753 0
0.6098241209983826 0
0.3557412028312683 0
0.23982366919517517 0
0.501133143901825 1
0.03354434669017792 0
0.14346565306186676 0
0.27507346868515015 0
0.2986143231391907 0
0.30493927001953125 1
0.09380325675010681 0
0.3263952434062958 0
0.10553888976573944 0
0.27503693103790283 0
0.37040776014328003 1
0.05408322066068649 0
0.44373977184295654 0
0.23806338012218475 0
0.24934950470924377 0
0.4387631118297577 1
0.13571983575820923 0
0.1947309672832489 0
0.21872258186340332 0
0.08964776992797852 0
0.4520145654678345 1
0.11445814371109009 0
0.3476702570915222 0
0.13144972920417786 0
0.08761223405599594 0
0.5088374018669128 1
0.18676933646202087 0
0.43407174944877625 0
0.208002969622612 0
0.3931434750556946 0
0.5784755349159241 1
0.008164728991687298 0
0.3083397150039673 0
0.3436827063560486 0
0.10485406219959259 0
0.4080614745616913 1
0.09142234176397324 0
0.48527178168296814 0
0.08112354576587677 0
0.259553462266922 0
0.7748724818229675 1
0.08409273624420166 0
0.3619484305381775 0
0.2019677460193634 0
0.2942587733268738 0
0.43283364176750183 1
0.0036172643303871155 0
0.2237989902496338 0
0.3090780973434448 0
0.04203980416059494 0
0.6722593307495117 1
0.049802422523498535 0
0.4434237480163574 0
0.3155471086502075 0
0.3498477339744568 0
0.7188537120819092 1
0.18241272866725922 0
0.27106744050979614 0
0.31697192788124084 0
0.02939838543534279 0
0.5517525672912598 1
0.37766194343566895 0
0.45642444491386414 0
0.37282443046569824 0
0.20862720906734467 0
0.5716881155967712 1
0.19292661547660828 0
0.2984476089477539 0
0.2142844796180725 0
0.3283385634422302 0
0.6310598254203796 1
0.21048113703727722 0
0.39362630248069763 0
0.19256708025932312 0
0.13950663805007935 0
0.6394519209861755 1
0.1431577205657959 0
0.47740763425827026 0
0.043687865138053894 0
0.06426021456718445 0
0.4784114360809326 1
0.2340710163116455 0
0.505523145198822 0
0.27472183108329773 0
0.31315016746520996 0
0.694612979888916 1
0.40723952651023865 0
0.7323213815689087 0
0.45989128947257996 0
0.09053651988506317 0
0.41921693086624146 1
0.022699078544974327 0
0.035977013409137726 0
0.15988926589488983 0
0.05062136799097061 0
0.4131348729133606 1
0.04598919302225113 0
0.21214446425437927 0
0.21000896394252777 0
0.03893566131591797 0
0.25068822503089905 1
0.12772415578365326 0
0.35970112681388855 0
0.21175459027290344 0
0.1946687400341034 0
0.2544107437133789 1
0.023235619068145752 0
0.12734577059745789 0
0.10935591161251068 0
0.002254959661513567 0
0.348123162984848 1
0.03327303007245064 0
0.1699487268924713 0
0.14901719987392426 0
0.1430036425590515 0
0.4127802848815918 1
0.08480978012084961 0
0.42896318435668945 0
0.1418975442647934 0
0.16618268191814423 0
