0.6226413249969482 1
0.1919938176870346 0
0.2787599563598633 0
0.06386116147041321 0
0.32853612303733826 0
0.6269155740737915 1
0.029353570193052292 0
0.3400604724884033 0
0.13070324063301086 0
0.4644409120082855 0
0.4478069245815277 1
0.25009599328041077 0
0.32786497473716736 0
0.2738915681838989 0
0.2669724225997925 0
0.9275668859481812 1
0.41618919372558594 0
0.5983248353004456 0
0.03660131245851517 0
0.5748584270477295 0
0.887904167175293 1
0.7390128970146179 0
0.8017392158508301 0
0.5170175433158875 0
0.646802544593811 0
0.9632289409637451 1
0.855858564376831 0
0.9198371171951294 0
0.3097636103630066 0
0.6130260229110718 0
0.46118414402008057 1
0.26174041628837585 0
0.9582806825637817 0
0.20785686373710632 0
0.2722022235393524 0
0.4964568018913269 1
0.7385546565055847 0
0.35777971148490906 0
0.31861698627471924 0
0.5445467233657837 0
0.35112637281417847 1
0.862153172492981 0
0.990623950958252 0
0.17480197548866272 0
0.2770002782344818 0
0.981328010559082 1
0.017499925568699837 0
0.24475792050361633 0
0.010910658165812492 0
0.6286078691482544 0
0.9423730373382568 1
0.192143976688385 0
0.10566763579845428 0
0.2487042397260666 0
0.4967246651649475 0
0.8449689149856567 1
0.25554192066192627 0
0.318748414516449 0
0.3234490156173706 0
0.7247247695922852 0
0.9086734056472778 1
0.13241328299045563 0
0.3028392195701599 0
0.039499685168266296 0
0.2306583970785141 0
0.7334614992141724 1
0.9044108390808105 0
0.9817987680435181 0
0.3610137701034546 0
0.9249587059020996 0
0.7299398183822632 1
0.17681574821472168 0
0.32846304774284363 0
0.3204437494277954 0
0.3542189300060272 0
0.6520304083824158 1
0.05726959928870201 0
0.5439811944961548 0
0.1367730349302292 0
0.09517742693424225 0
0.7478286623954773 1
0.6589643359184265 0
0.6601290702819824 0
0.9195600748062134 0
0.42802998423576355 0
0.8535279631614685 1
0.13602668046951294 0
0.5475260019302368 0
0.3256295919418335 0
0.570845365524292 0
0.6165861487388611 1
0.001320936600677669 0
0.03463689982891083 0
0.18977090716362 0
0.14985254406929016 0
0.41361814737319946 1
0.0027146004140377045 0
0.2002946138381958 0
0.01542275957763195 0
0.1902460902929306 0
0.4791902005672455 1
0.0165681391954422 0
0.3101937174797058 0
0.06731165200471878 0
0.09945045411586761 0
0.6767392158508301 1
0.0649564266204834 0
0.7289566993713379 0
0.3391575515270233 0
0.006288578268140554 0
0.6778749227523804 1
0.04209410399198532 0
0.6363489627838135 0
0.14237654209136963 0
0.19544294476509094 0
0.40339118242263794 1
0.20941799879074097 0
0.6247135400772095 0
0.12959398329257965 0
0.12583647668361664 0
0.6191130876541138 1
0.044781919568777084 0
0.8664675951004028 0
0.5826430320739746 0
0.5745305418968201 0
0.6132668256759644 1
0.08146627992391586 0
0.9180086851119995 0
0.5660444498062134 0
0.6119116544723511 0
0.5428490042686462 1
0.3500596284866333 0
0.9805080890655518 0
0.11576978862285614 0
0.3472591042518616 0
0.6417244672775269 1
0.018443690612912178 0
0.10055916011333466 0
0.5656164884567261 0
0.33691465854644775 0
0.6892873048782349 1
0.014720609411597252 0
0.32929107546806335 0
0.33008623123168945 0
0.2518731951713562 0
0.6539079546928406 1
0.013305406086146832 0
0.28029346466064453 0
0.23963294923305511 0
0.26836636662483215 0
0.7448368072509766 1
0.12356899678707123 0
0.4000542163848877 0
0.03804382309317589 0
0.19284258782863617 0
0.6708077788352966 1
0.0524984709918499 0
0.2751765251159668 0
0.07814913243055344 0
0.0039058560505509377 0
0.7059097290039062 1
0.11808707565069199 0
0.2965882420539856 0
0.021818622946739197 0
0.05222006142139435 0
0.5818072557449341 1
0.010463348589837551 0
0.2823526859283447 0
0.3313060402870178 0
0.056269653141498566 0
0.5981723666191101 1
0.0027496039401739836 0
0.01765577867627144 0
0.03004072606563568 0
0.0044694747775793076 0
0.33963310718536377 1
0.015755033120512962 0
0.2503788471221924 0
0.005662189330905676 0
0.011754317209124565 0
0.3349260985851288 1
0.2523389160633087 0
0.3090938925743103 0
0.3311888575553894 0
0.048453234136104584 0
0.33766084909439087 1
0.2118673026561737 0
0.3228629231452942 0
0.33109232783317566 0
0.3087790012359619 0
0.33940160274505615 1
0.2711370587348938 0
0.3281833231449127 0
0.015136245638132095 0
0.15659397840499878 0
0.33477097749710083 1
0.0020321933552622795 0
0.20718954503536224 0
0.30046895146369934 0
0.006326151546090841 0
0.34707972407341003 1
0.00918830931186676 0
0.05050377547740936 0
0.11526194214820862 0
0.03208278492093086 0
0.5344674587249756 1
0.018919825553894043 0
0.06793996691703796 0
0.2880462110042572 0
0.0781603753566742 0
0.6885954141616821 1
0.4766489267349243 0
0.6023995876312256 0
0.36375415325164795 0
0.08685919642448425 0
0.7480551600456238 1
0.24148748815059662 0
0.5745301842689514 0
0.32588356733322144 0
0.3510698676109314 0
0.8234917521476746 1
0.35801684856414795 0
0.3509620130062103 0
0.08842449635267258 0
0.044170573353767395 0
0.6734367609024048 1
0.15677571296691895 0
0.3104749619960785 0
0.3876889646053314 0
0.006673382595181465 0
0.6763410568237305 1
0.20444056391716003 0
0.612801194190979 0
0.3236808180809021 0
0.0805782750248909 0
0.8193820714950562 1
0.5731601715087891 0
0.9018902778625488 0
0.661440372467041 0
0.03088817372918129 0
0.33382365107536316 1
0.6573539972305298 0
0.9060760736465454 0
0.39734500646591187 0
0.4085236191749573 0
0.33514174818992615 1
0.38265690207481384 0
0.8808488249778748 0
0.16807739436626434 0
0.33324894309043884 0
0.43731236457824707 1
0.5024711489677429 0
0.9899494051933289 0
0.17433768510818481 0
0.06254152953624725 0
0.3847748637199402 1
0.7124971151351929 0
0.9433931112289429 0
0.2668922543525696 0
0.06124921143054962 0
0.3356092870235443 1
0.6337267756462097 0
0.8605029582977295 0
0.11976097524166107 0
0.019778350368142128 0
0.6215525269508362 1
0.5608102679252625 0
0.7159290313720703 0
0.5628107786178589 0
0.7027022242546082 0
0.6441346406936646 1
0.1839977353811264 0
0.17710399627685547 0
0.3309538662433624 0
0.05506861209869385 0
0.5029157400131226 1
0.26084762811660767 0
0.34652864933013916 0
0.36101484298706055 0
0.39027607440948486 0
0.9627201557159424 1
0.05961459130048752 0
0.32989439368247986 0
0.05415496975183487 0
0.35980284214019775 0
0.5841268301010132 1
3.365162046975456e-05 0
0.11432066559791565 0
0.31164875626564026 0
0.0024488510098308325 0
0.6665548086166382 1
0.015534017235040665 0
0.2053404152393341 0
0.32952576875686646 0
0.006955370306968689 0
0.982216477394104 1
0.1338692307472229 0
0.15422183275222778 0
0.533203125 0
0.014246728271245956 0
0.42630499601364136 1
0.33324775099754333 0
0.33338218927383423 0
0.3345286548137665 0
0.2393033802509308 0
0.5369014143943787 1
0.31369829177856445 0
0.33283427357673645 0
0.33424270153045654 0
0.3488742709159851 0
0.5284997224807739 1
0.09274943172931671 0
0.3289019465446472 0
0.05900530517101288 0
0.042807385325431824 0
0.6909050941467285 1
0.2730553150177002 0
0.6542205810546875 0
0.005177713464945555 0
0.01646016724407673 0
0.3425525426864624 1
0.291337788105011 0
0.3345470428466797 0
0.2928251028060913 0
0.007964245975017548 0
0.806492269039154 1
0.6468849182128906 0
0.8678406476974487 0
0.6588365435600281 0
0.1645333468914032 0
0.4069889187812805 1
0.23006248474121094 0
0.08647745102643967 0
0.33363819122314453 0
0.10032664239406586 0
0.5991666913032532 1
0.011896002106368542 0
0.36781442165374756 0
0.3218236267566681 0
0.2097819447517395 0
0.5265982151031494 1
0.04004370793700218 0
0.6240081787109375 0
0.17732666432857513 0
0.06296485662460327 0
0.33317825198173523 1
0.020657110959291458 0
0.032678909599781036 0
0.09840686619281769 0
0.0003735537175089121 0
0.555088996887207 1
0.011670919135212898 0
0.048192333430051804 0
0.320728063583374 0
0.015246598981320858 0
0.6051082611083984 1
0.10681342333555222 0
0.37990087270736694 0
0.5574307441711426 0
0.009113629348576069 0
