0.1993941068649292 1
0.628284752368927 1
0.3421437442302704 1
0.4875703454017639 1
0.2937967777252197 1
0.5421875715255737 1
0.6786990165710449 1
0.013242039829492569 1
0.6961233019828796 1
0.3108382821083069 1
0.5684914588928223 1
0.3237146735191345 1
0.6477299332618713 1
0.7344264388084412 1
0.9405447840690613 1
0.6906523108482361 1
0.02721862867474556 1
0.6320450901985168 1
0.15682685375213623 1
0.7245191335678101 1
0.41841351985931396 1
0.2240704745054245 1
0.7268845438957214 1
0.007504541426897049 0
0.0022497535683214664 0
0.760919988155365 0
0.0005793803138658404 0
0.12143710255622864 0
0.38711708784103394 0
0.0011375151807442307 0
0.003193432930856943 0
0.2551203966140747 0
0.0057741813361644745 0
0.10506227612495422 0
0.7422497272491455 0
0.0008962178835645318 0
0.0004449014668352902 0
0.7550451159477234 0
0.0008395073236897588 0
0.0004409989051055163 0
0.6704680323600769 0
0.0005833326722495258 0
0.0008294149301946163 0
0.6859737634658813 0
0.06350250542163849 0
0.06473962217569351 0
0.5102368593215942 0
0.0021969256922602654 0
0.012123665772378445 0
0.6678907871246338 0
0.0017693055560812354 0
0.0015472442610189319 0
0.38988828659057617 0
0.00685423519462347 0
0.03792893886566162 0
0.48974892497062683 0
0.01411636546254158 0
0.07386443018913269 0
0.5539789199829102 0
0.020890315994620323 0
0.0057457927614450455 0
0.47188398241996765 0
0.0012490215012803674 0
0.03460656479001045 0
0.4954931437969208 0
0.028670063242316246 0
0.011904744431376457 0
0.689809262752533 0
0.01224015187472105 0
0.010595752857625484 0
0.5124662518501282 0
0.006606618873775005 0
0.04386293515563011 0
0.7356886267662048 0
0.0007526522385887802 0
0.12437950074672699 0
0.6322065591812134 0
0.00032171542989090085 0
0.009288119152188301 0
0.6383021473884583 0
0.0031035931315273046 0
0.007964284159243107 0
0.6729145050048828 0
0.0870913416147232 0
0.0805453211069107 0
0.5546220541000366 0
0.0069320062175393105 0
0.026664702221751213 0
0.6944431662559509 0
0.09011706709861755 0
0.0028080102056264877 0
0.6948155760765076 0
0.6952566504478455 1
0.8626915812492371 1
0.4300212264060974 1
0.7656186819076538 1
0.7430295944213867 1
0.7839574217796326 1
0.866134524345398 1
0.9337258338928223 1
0.7889203429222107 1
0.6665211915969849 1
0.6845490336418152 1
0.8940646052360535 1
0.4919731616973877 1
0.6596355438232422 1
0.679975688457489 1
0.3336087167263031 1
0.8717718124389648 1
0.6681954860687256 1
0.6876857280731201 1
0.5915842056274414 1
0.8263532519340515 1
0.6933255195617676 1
0.6042370796203613 1
