0.3568401336669922 1
0.14478245377540588 0
0.2531568706035614 0
0.03392390161752701 0
0.14413906633853912 0
0.47318035364151 1
0.1097925528883934 0
0.1727169007062912 0
0.0906267911195755 0
0.31416404247283936 0
0.4224187731742859 1
0.20862463116645813 0
0.2968740463256836 0
0.14425458014011383 0
0.1658618450164795 0
0.621979832649231 1
0.47773319482803345 0
0.513974666595459 0
0.007224556989967823 0
0.09082593023777008 0
0.7304373979568481 1
0.7025591731071472 0
0.5829378366470337 0
0.42618632316589355 0
0.29494860768318176 0
0.8324908018112183 1
0.5396920442581177 0
0.6606463193893433 0
0.20945028960704803 0
0.17571717500686646 0
0.4258629083633423 1
0.21577367186546326 0
0.5406555533409119 0
0.19281518459320068 0
0.09245206415653229 0
0.37222132086753845 1
0.04567999392747879 0
0.33543023467063904 0
0.24932631850242615 0
0.2696923315525055 0
0.35165366530418396 1
0.16672185063362122 0
0.1825844943523407 0
0.16361023485660553 0
0.04430646449327469 0
0.9007296562194824 1
0.0035130332689732313 0
0.1761249154806137 0
0.006998432334512472 0
0.1159188374876976 0
0.5428920984268188 1
0.04419291019439697 0
0.0654984563589096 0
0.07466547936201096 0
0.17220883071422577 0
0.8419545888900757 1
0.12478133291006088 0
0.17525836825370789 0
0.1540597528219223 0
0.3009875416755676 0
0.5590398907661438 1
0.2542690932750702 0
0.2737220823764801 0
0.007209618575870991 0
0.02767210453748703 0
0.5939379930496216 1
0.5849416255950928 0
0.6917856931686401 0
0.17621342837810516 0
0.5978193283081055 0
0.4102693796157837 1
0.27035337686538696 0
0.31775587797164917 0
0.333589643239975 0
0.26733797788619995 0
0.4259210228919983 1
0.07949241250753403 0
0.19689373672008514 0
0.008846491575241089 0
0.019377054646611214 0
0.5519018173217773 1
0.4371795654296875 0
0.49332302808761597 0
0.5221638083457947 0
0.14345356822013855 0
0.6242607235908508 1
0.033121511340141296 0
0.15193675458431244 0
0.23313793540000916 0
0.0588151216506958 0
0.28974688053131104 1
0.0023987996391952038 0
0.029822058975696564 0
0.05165339261293411 0
0.026695294305682182 0
0.2921987473964691 1
0.001538127544336021 0
0.035900939255952835 0
0.003791971830651164 0
0.0060202330350875854 0
0.3029428720474243 1
0.0010648330207914114 0
0.025072388350963593 0
0.010027840733528137 0
0.010737467557191849 0
0.4756051003932953 1
0.060525547713041306 0
0.5040690302848816 0
0.052261702716350555 0
0.0141364187002182 0
0.4271239638328552 1
0.039210811257362366 0
0.33173614740371704 0
0.018662624061107635 0
0.005915192887187004 0
0.3052811920642853 1
0.07313549518585205 0
0.31901371479034424 0
0.01163291186094284 0
0.014157170429825783 0
0.2673337757587433 1
0.012100845575332642 0
0.06022953242063522 0
0.18879297375679016 0
0.06304794549942017 0
0.3516589105129242 1
0.0021743110846728086 0
0.03367042914032936 0
0.12471285462379456 0
0.19097302854061127 0
0.24753092229366302 1
0.019028348848223686 0
0.1055501326918602 0
0.009433578699827194 0
0.12178213894367218 0
0.39929091930389404 1
0.0035935556516051292 0
0.01735459640622139 0
0.09547001123428345 0
0.2802496552467346 0
0.3365374505519867 1
0.0019295732490718365 0
0.056401096284389496 0
0.024608511477708817 0
0.03813951089978218 0
0.16603942215442657 1
0.001342324772849679 0
0.01313871517777443 0
0.04613981768488884 0
0.13726431131362915 0
0.478188157081604 1
0.004712062422186136 0
0.14449450373649597 0
0.0013423188356682658 0
0.008989540860056877 0
0.3339020013809204 1
0.03423742949962616 0
0.1189156100153923 0
0.004496214911341667 0
0.002529734279960394 0
0.33931049704551697 1
0.01714557595551014 0
0.022971175611019135 0
0.007567364256829023 0
0.020791497081518173 0
0.25407811999320984 1
0.030163463205099106 0
0.10594122111797333 0
0.05107240378856659 0
0.0062507870607078075 0
0.22896812856197357 1
0.003298839321359992 0
0.011024488136172295 0
0.003406333737075329 0
0.005734571721404791 0
0.08848194777965546 1
0.011286554858088493 0
0.026119552552700043 0
0.012100993655622005 0
0.013084370642900467 0
0.3303500711917877 1
0.06438213586807251 0
0.23392203450202942 0
0.18628117442131042 0
0.001770960632711649 0
0.32060909271240234 1
0.012792354449629784 0
0.21585629880428314 0
0.28845974802970886 0
0.01727179065346718 0
0.1980431079864502 1
0.033811766654253006 0
0.25626495480537415 0
0.015795350074768066 0
0.020120440050959587 0
0.24377670884132385 1
0.00742291659116745 0
0.13743437826633453 0
0.045863859355449677 0
0.001141019631177187 0
0.3147992789745331 1
0.003342309035360813 0
0.04700859636068344 0
0.1786981225013733 0
0.0038283353205770254 0
0.3079127073287964 1
0.010364541783928871 0
0.0833464115858078 0
0.11115454137325287 0
0.004417893011122942 0
0.6217212080955505 1
0.356336772441864 0
0.543764591217041 0
0.3131616711616516 0
0.003131494391709566 0
0.7448562979698181 1
0.29735565185546875 0
0.5047149658203125 0
0.19582390785217285 0
0.17585235834121704 0
0.5659319162368774 1
0.29985034465789795 0
0.3392655849456787 0
0.005383845418691635 0
0.031068406999111176 0
0.4304848909378052 1
0.2725411355495453 0
0.2645127773284912 0
0.08123080432415009 0
0.0013425990473479033 0
0.420379638671875 1
0.11772420257329941 0
0.4570312201976776 0
0.306054949760437 0
0.002144657773897052 0
0.6938360929489136 1
0.2511172890663147 0
0.5247803330421448 0
0.15905463695526123 0
0.008205271326005459 0
0.32837021350860596 1
0.0020884370896965265 0
0.0016898654866963625 0
0.026399007067084312 0
0.032581258565187454 0
0.3130837082862854 1
0.00692073255777359 0
0.018654458224773407 0
0.06296443194150925 0
0.10660874843597412 0
0.2624098062515259 1
0.03510047122836113 0
0.19617855548858643 0
0.18626117706298828 0
0.019618477672338486 0
0.3182891607284546 1
0.002947216620668769 0
0.006686610635370016 0
0.020496916025877 0
0.00925539806485176 0
0.330698698759079 1
0.008919822052121162 0
0.030708283185958862 0
0.04334980249404907 0
0.0017469297163188457 0
0.3494311273097992 1
0.04409594461321831 0
0.1712055653333664 0
0.007691146340221167 0
0.18596726655960083 0
0.6044216156005859 1
0.008881553076207638 0
0.08385150879621506 0
0.18732842803001404 0
0.004612601362168789 0
0.6130366325378418 1
0.017998017370700836 0
0.25724005699157715 0
0.09263451397418976 0
0.23797951638698578 0
0.7929725050926208 1
0.0063816821202635765 0
0.03965140879154205 0
0.002762993797659874 0
0.12778934836387634 0
0.3756069839000702 1
0.001078896806575358 0
0.0901557207107544 0
0.08786796033382416 0
0.0011753388680517673 0
0.358040988445282 1
0.006784352473914623 0
0.2752010226249695 0
0.1829729527235031 0
0.004814314655959606 0
0.8352664709091187 1
0.03292572498321533 0
0.07299210131168365 0
0.03647258132696152 0
0.0041863806545734406 0
0.3477476239204407 1
0.34452664852142334 0
0.3217495381832123 0
0.2842542231082916 0
0.016947172582149506 0
0.38453349471092224 1
0.22521770000457764 0
0.23116737604141235 0
0.1808559000492096 0
0.2794330418109894 0
0.4699404835700989 1
0.040535129606723785 0
0.2817537784576416 0
0.011602370999753475 0
0.019879695028066635 0
0.35450541973114014 1
0.062164902687072754 0
0.10841540992259979 0
0.003943869844079018 0
0.0045319050550460815 0
0.28388768434524536 1
0.1809329241514206 0
0.24695931375026703 0
0.17532780766487122 0
0.007440279703587294 0
0.5651160478591919 1
0.2758823037147522 0
0.36853837966918945 0
0.06276701390743256 0
0.021274639293551445 0
0.21852990984916687 1
0.004504630342125893 0
0.013292721472680569 0
0.05248672887682915 0
0.0008254311396740377 0
0.3712279498577118 1
0.015813056379556656 0
0.10126462578773499 0
0.2123100459575653 0
0.009696022607386112 0
0.23197758197784424 1
0.01541537418961525 0
0.22133684158325195 0
0.041376713663339615 0
0.03647297993302345 0
0.11220431327819824 1
0.003450252115726471 0
0.006119044031947851 0
0.0059639932587742805 0
0.00015050568617880344 0
0.25762587785720825 1
0.0016585227567702532 0
0.09373478591442108 0
0.05922713875770569 0
0.0023989365436136723 0
0.19660869240760803 1
0.007973382249474525 0
0.09927307814359665 0
0.07656555622816086 0
0.006152363494038582 0
