0.7115124464035034 1
0.3604162633419037 0
0.3597979247570038 0
0.3105979263782501 0
0.6000115871429443 0
0.5982457995414734 1
0.3453370928764343 0
0.3869839906692505 0
0.35351282358169556 0
0.6030888557434082 0
0.5791372656822205 1
0.3520028293132782 0
0.35787567496299744 0
0.34862932562828064 0
0.3763095736503601 0
0.8456257581710815 1
0.5498205423355103 0
0.5173382759094238 0
0.26132407784461975 0
0.6520699262619019 0
0.8712069988250732 1
0.8895282745361328 0
0.8125262260437012 0
0.418596476316452 0
0.7275714874267578 0
0.9045044779777527 1
0.6487632989883423 0
0.48881101608276367 0
0.3553723692893982 0
0.6748917102813721 0
0.48639559745788574 1
0.6392351984977722 0
0.8472932577133179 0
0.36159345507621765 0
0.4422447085380554 0
0.49321550130844116 1
0.5599357485771179 0
0.35124367475509644 0
0.3378390073776245 0
0.37467771768569946 0
0.35493549704551697 1
0.6118559837341309 0
0.8555543422698975 0
0.3409297466278076 0
0.3763805329799652 0
0.909648597240448 1
0.254245400428772 0
0.3464084565639496 0
0.2799122929573059 0
0.6749329566955566 0
0.9030682444572449 1
0.34078988432884216 0
0.23908838629722595 0
0.6102165579795837 0
0.5618997812271118 0
0.8656110167503357 1
0.3411996364593506 0
0.3426364064216614 0
0.47734498977661133 0
0.7405678629875183 0
0.7161574363708496 1
0.38457274436950684 0
0.3558237552642822 0
0.31135255098342896 0
0.4405737519264221 0
0.7330173254013062 1
0.9545992612838745 0
0.9194506406784058 0
0.3545818328857422 0
0.835570752620697 0
0.7118591070175171 1
0.35648298263549805 0
0.3534335792064667 0
0.35411500930786133 0
0.6561808586120605 0
0.7435626983642578 1
0.6512043476104736 0
0.7541271448135376 0
0.36254724860191345 0
0.5335357189178467 0
0.8221753835678101 1
0.6612122058868408 0
0.6724965572357178 0
0.8917158842086792 0
0.6821032762527466 0
0.8609949946403503 1
0.5995356440544128 0
0.7474796772003174 0
0.4852030277252197 0
0.6846407651901245 0
0.6647422909736633 1
0.025023428723216057 0
0.22143809497356415 0
0.3088618218898773 0
0.4489384889602661 0
0.6004119515419006 1
0.11083095520734787 0
0.3541404902935028 0
0.25342172384262085 0
0.45428550243377686 0
0.6210156083106995 1
0.0701955035328865 0
0.3567424714565277 0
0.22993260622024536 0
0.28559887409210205 0
0.682382345199585 1
0.6034101843833923 0
0.8299657702445984 0
0.5608076453208923 0
0.3098222613334656 0
0.6789047718048096 1
0.574614405632019 0
0.6812977194786072 0
0.32808735966682434 0
0.49391502141952515 0
0.558606743812561 1
0.5009829998016357 0
0.6558746099472046 0
0.19729387760162354 0
0.1899794340133667 0
0.6722384691238403 1
0.6295601725578308 0
0.9266334772109985 0
0.6541265249252319 0
0.4512036442756653 0
0.6227229833602905 1
0.30246812105178833 0
0.7992669939994812 0
0.643081545829773 0
0.6439299583435059 0
0.5012192726135254 1
0.7266583442687988 0
0.8506481647491455 0
0.40443679690361023 0
0.6300243139266968 0
0.6878291964530945 1
0.18682020902633667 0
0.524254560470581 0
0.6540161967277527 0
0.8098317384719849 0
0.6941251754760742 1
0.28402766585350037 0
0.3468974828720093 0
0.41180330514907837 0
0.6454613208770752 0
0.6246445178985596 1
0.07197315990924835 0
0.3439907729625702 0
0.3359297513961792 0
0.5082711577415466 0
0.7311114072799683 1
0.480846643447876 0
0.6563799381256104 0
0.11970620602369308 0
0.47574910521507263 0
0.6979710459709167 1
0.47121915221214294 0
0.6460632085800171 0
0.14332722127437592 0
0.03395302593708038 0
0.676010012626648 1
0.48448583483695984 0
0.5038739442825317 0
0.027264997363090515 0
0.2668904662132263 0
0.6569023728370667 1
0.2556275427341461 0
0.5210249423980713 0
0.545823335647583 0
0.4704861640930176 0
0.662524938583374 1
0.046361636370420456 0
0.3618508577346802 0
0.10136322677135468 0
0.12752676010131836 0
0.35321924090385437 1
0.1816476285457611 0
0.2922007143497467 0
0.019813328981399536 0
0.05961504206061363 0
0.5307227373123169 1
0.31785476207733154 0
0.33045685291290283 0
0.34514495730400085 0
0.07852998375892639 0
0.5173365473747253 1
0.36021775007247925 0
0.33773350715637207 0
0.3633355498313904 0
0.5071874856948853 0
0.3638229966163635 1
0.34357917308807373 0
0.3419623076915741 0
0.3221260905265808 0
0.33510586619377136 0
0.36115002632141113 1
0.0637233704328537 0
0.33291003108024597 0
0.344839870929718 0
0.017830297350883484 0
0.5034133195877075 1
0.0991365909576416 0
0.22185149788856506 0
0.3302561044692993 0
0.2560388445854187 0
0.6164692044258118 1
0.0941707119345665 0
0.3393242359161377 0
0.3558550775051117 0
0.42260417342185974 0
0.8388961553573608 1
0.7436549067497253 0
0.7046625018119812 0
0.5497855544090271 0
0.2310192584991455 0
0.8809056282043457 1
0.5775165557861328 0
0.4669094681739807 0
0.42972931265830994 0
0.648885190486908 0
0.8721678256988525 1
0.4395913779735565 0
0.39660438895225525 0
0.24114888906478882 0
0.38969850540161133 0
0.685166597366333 1
0.4931904077529907 0
0.5252556800842285 0
0.5989315509796143 0
0.03946353495121002 0
0.8126861453056335 1
0.575387179851532 0
0.5448601245880127 0
0.35583144426345825 0
0.280516654253006 0
0.870750904083252 1
0.7503279447555542 0
0.8040356636047363 0
0.6681947112083435 0
0.5526760816574097 0
0.34478920698165894 1
0.596962034702301 0
0.5199317932128906 0
0.5539886951446533 0
0.6554588079452515 0
0.3746996819972992 1
0.45481032133102417 0
0.7637042999267578 0
0.3572111129760742 0
0.5799661874771118 0
0.469371497631073 1
0.5527598857879639 0
0.7707811594009399 0
0.3248198628425598 0
0.6063791513442993 0
0.42650455236434937 1
0.5652782917022705 0
0.6968166828155518 0
0.6422128677368164 0
0.4977528750896454 0
0.39329105615615845 1
0.23651918768882751 0
0.6333664059638977 0
0.3100802004337311 0
0.28213614225387573 0
0.5873366594314575 1
0.5021020770072937 0
0.6268266439437866 0
0.6290872097015381 0
0.7915355563163757 0
0.7085111141204834 1
0.2741597592830658 0
0.33436381816864014 0
0.6411388516426086 0
0.26020878553390503 0
0.7494439482688904 1
0.3645709156990051 0
0.3444271981716156 0
0.5419877171516418 0
0.6495598554611206 0
0.9300486445426941 1
0.2287749946117401 0
0.328757107257843 0
0.3165183961391449 0
0.6006232500076294 0
0.6041432619094849 1
0.0011461196700111032 0
0.33336031436920166 0
0.600288450717926 0
0.05407354235649109 0
0.7064923048019409 1
0.1534309834241867 0
0.33144864439964294 0
0.3451940715312958 0
0.46271011233329773 0
0.919508159160614 1
0.3273725211620331 0
0.33800625801086426 0
0.6585955619812012 0
0.3834713399410248 0
0.37390071153640747 1
0.3997998833656311 0
0.3398519456386566 0
0.6049844026565552 0
0.44361433386802673 0
0.6130082607269287 1
0.4298344850540161 0
0.3810783624649048 0
0.4099174439907074 0
0.5186666250228882 0
0.503159761428833 1
0.30397921800613403 0
0.3367614150047302 0
0.13578321039676666 0
0.34609419107437134 0
0.6473603248596191 1
0.35791799426078796 0
0.6448711156845093 0
0.1490008533000946 0
0.07065869122743607 0
0.4718586206436157 1
0.3378114104270935 0
0.3629082441329956 0
0.33696115016937256 0
0.5027172565460205 0
0.7894353866577148 1
0.7776716947555542 0
0.8881624937057495 0
0.676452100276947 0
0.6551111936569214 0
0.6539717316627502 1
0.31104975938796997 0
0.10902224481105804 0
0.5653916001319885 0
0.10456060618162155 0
0.7061206698417664 1
0.2803294062614441 0
0.5580057501792908 0
0.35791468620300293 0
0.4299553334712982 0
0.5733320713043213 1
0.3205842971801758 0
0.8118106722831726 0
0.22083011269569397 0
0.1477741301059723 0
0.5672670602798462 1
0.08359132707118988 0
0.23137465119361877 0
0.2619733512401581 0
0.0004147914587520063 0
0.7346869707107544 1
0.13193559646606445 0
0.5218755006790161 0
0.3555103540420532 0
0.059857793152332306 0
0.7993404269218445 1
0.32020509243011475 0
0.5871996879577637 0
0.6417962312698364 0
0.4598596692085266 0
