0.6628527641296387 1
0.3283505439758301 0
0.32797420024871826 0
0.07511772215366364 0
0.3653063178062439 0
0.6332934498786926 1
0.05157903581857681 0
0.34714287519454956 0
0.2584270238876343 0
0.6001673340797424 0
0.6020470857620239 1
0.3237081468105316 0
0.3342854976654053 0
0.297107070684433 0
0.32798993587493896 0
0.924659252166748 1
0.47658514976501465 0
0.7660410404205322 0
0.28002655506134033 0
0.6193316578865051 0
0.810090184211731 1
0.6821550726890564 0
0.7586901187896729 0
0.5658267736434937 0
0.6438910961151123 0
0.9778682589530945 1
0.8675681948661804 0
0.8317005038261414 0
0.30375003814697266 0
0.6250147223472595 0
0.7161105871200562 1
0.5495579242706299 0
0.95937579870224 0
0.2816184163093567 0
0.5135807991027832 0
0.6668230295181274 1
0.8539279699325562 0
0.36194273829460144 0
0.32770898938179016 0
0.5995471477508545 0
0.4184134602546692 1
0.8404048681259155 0
0.9884540438652039 0
0.24475990235805511 0
0.330582857131958 0
0.9866909980773926 1
0.07245802134275436 0
0.3278348445892334 0
0.03259853646159172 0
0.638602614402771 0
0.941598653793335 1
0.05310070514678955 0
0.11724111437797546 0
0.3685813546180725 0
0.6266846060752869 0
0.7236596345901489 1
0.31485700607299805 0
0.30891481041908264 0
0.3346228301525116 0
0.6790004968643188 0
0.928131103515625 1
0.27029910683631897 0
0.33320891857147217 0
0.15909214317798615 0
0.24113820493221283 0
0.7634924650192261 1
0.9771808981895447 0
0.952582061290741 0
0.36210212111473083 0
0.8939316272735596 0
0.6863669753074646 1
0.3077884316444397 0
0.33547043800354004 0
0.3335804343223572 0
0.5896888971328735 0
0.7057555913925171 1
0.13406848907470703 0
0.6663031578063965 0
0.21437381207942963 0
0.21401290595531464 0
0.7483391761779785 1
0.6603764891624451 0
0.6634882688522339 0
0.8474830985069275 0
0.6054103374481201 0
0.8205822706222534 1
0.16429626941680908 0
0.5857926607131958 0
0.3341609835624695 0
0.4626353681087494 0
0.5902425050735474 1
0.0013042784994468093 0
0.020114697515964508 0
0.1314229816198349 0
0.0410299189388752 0
0.5411564707756042 1
0.005132707767188549 0
0.25897932052612305 0
0.10928896069526672 0
0.21941357851028442 0
0.6482827067375183 1
0.030565209686756134 0
0.31539177894592285 0
0.18971505761146545 0
0.18939964473247528 0
0.669926106929779 1
0.052427954971790314 0
0.6788835525512695 0
0.328215092420578 0
0.003299118485301733 0
0.6671862602233887 1
0.07895459234714508 0
0.6334600448608398 0
0.1856713593006134 0
0.11150915920734406 0
0.6433956623077393 1
0.26591503620147705 0
0.5978652834892273 0
0.10551919043064117 0
0.132091224193573 0
0.6554198861122131 1
0.0415385402739048 0
0.9530029296875 0
0.5697659254074097 0
0.405181348323822 0
0.6797792315483093 1
0.08757326006889343 0
0.9612864851951599 0
0.38622891902923584 0
0.5417094826698303 0
0.611258864402771 1
0.24294047057628632 0
0.9920681715011597 0
0.22344970703125 0
0.2821768522262573 0
0.6399801969528198 1
0.040130726993083954 0
0.30161285400390625 0
0.5774896144866943 0
0.2647995352745056 0
0.6728236079216003 1
0.0018853528890758753 0
0.33465880155563354 0
0.3618882894515991 0
0.24800246953964233 0
0.670691967010498 1
0.028574956580996513 0
0.3175451457500458 0
0.18588726222515106 0
0.28766533732414246 0
0.7036800384521484 1
0.06359491497278214 0
0.2925150692462921 0
0.16950106620788574 0
0.2868407368659973 0
0.6669998168945312 1
0.09252633899450302 0
0.3322222828865051 0
0.08595892786979675 0
0.0023052499163895845 0
0.6788737773895264 1
0.21382920444011688 0
0.3447577953338623 0
0.0471041202545166 0
0.03815773129463196 0
0.6020255088806152 1
0.004252285696566105 0
0.07922529429197311 0
0.26497846841812134 0
0.13278642296791077 0
0.6255022287368774 1
0.004230549093335867 0
0.01309725921601057 0
0.04030880331993103 0
0.010811178013682365 0
0.3658154010772705 1
0.013021326623857021 0
0.19742140173912048 0
0.009141958318650723 0
0.006950452923774719 0
0.34023937582969666 1
0.3149777054786682 0
0.331667423248291 0
0.3332177400588989 0
0.1449580192565918 0
0.3473900556564331 1
0.2336903065443039 0
0.33325088024139404 0
0.33233749866485596 0
0.31562936305999756 0
0.33899563550949097 1
0.322837233543396 0
0.33286088705062866 0
0.08844280242919922 0
0.31971004605293274 0
0.33453187346458435 1
0.04539525508880615 0
0.32193058729171753 0
0.3143835663795471 0
0.016377508640289307 0
0.3774917721748352 1
0.02079194039106369 0
0.0660749226808548 0
0.2574029266834259 0
0.09853062033653259 0
0.6376582980155945 1
0.010064980015158653 0
0.1115119680762291 0
0.3269364535808563 0
0.20438061654567719 0
0.6733852624893188 1
0.5657633543014526 0
0.6555700898170471 0
0.3416658043861389 0
0.200311541557312 0
0.678322434425354 1
0.2976164221763611 0
0.5834354162216187 0
0.3337599039077759 0
0.34502851963043213 0
0.8116316199302673 1
0.33056899905204773 0
0.3424922227859497 0
0.22633934020996094 0
0.23761723935604095 0
0.671118438243866 1
0.23854729533195496 0
0.3451816737651825 0
0.353855699300766 0
0.04047928750514984 0
0.6766412258148193 1
0.29502618312835693 0
0.5802329778671265 0
0.33038949966430664 0
0.08528407663106918 0
0.9072417616844177 1
0.6400920152664185 0
0.8459272384643555 0
0.6619405746459961 0
0.03138391673564911 0
0.33347994089126587 1
0.6735081672668457 0
0.960375189781189 0
0.33744996786117554 0
0.429929256439209 0
0.3471648097038269 1
0.47969183325767517 0
0.9852025508880615 0
0.20200125873088837 0
0.3398689925670624 0
0.48913177847862244 1
0.4760812520980835 0
0.9905356168746948 0
0.2784947156906128 0
0.05651994049549103 0
0.3370676040649414 1
0.9450680613517761 0
0.9656201601028442 0
0.34761369228363037 0
0.13142263889312744 0
0.39987534284591675 1
0.5010676383972168 0
0.9375390410423279 0
0.2923293113708496 0
0.07276743650436401 0
0.6392537951469421 1
0.5839261412620544 0
0.8716880083084106 0
0.6096018552780151 0
0.7668365240097046 0
0.6629083752632141 1
0.25860804319381714 0
0.17897938191890717 0
0.33626723289489746 0
0.20872682332992554 0
0.6642855405807495 1
0.30763012170791626 0
0.34157031774520874 0
0.3301026225090027 0
0.5056707859039307 0
0.9766172170639038 1
0.04080355912446976 0
0.33248671889305115 0
0.20230548083782196 0
0.35373446345329285 0
0.5445119142532349 1
0.00019439071184024215 0
0.2564593255519867 0
0.3376769423484802 0
0.01871410571038723 0
0.6605044603347778 1
0.03006806969642639 0
0.2772919833660126 0
0.3309710919857025 0
0.011356562376022339 0
0.9792951345443726 1
0.2163919061422348 0
0.1206476241350174 0
0.6497129201889038 0
0.027630096301436424 0
0.4516369104385376 1
0.33489519357681274 0
0.33334749937057495 0
0.3380119204521179 0
0.3096124529838562 0
0.6539499759674072 1
0.24419263005256653 0
0.34124159812927246 0
0.33788639307022095 0
0.3642931878566742 0
0.5855602622032166 1
0.16446608304977417 0
0.33314573764801025 0
0.20748093724250793 0
0.21401330828666687 0
0.6700857877731323 1
0.32455116510391235 0
0.4933357834815979 0
0.024840964004397392 0
0.07712158560752869 0
0.6012541055679321 1
0.32591554522514343 0
0.3351808786392212 0
0.33248358964920044 0
0.016379276290535927 0
0.8265703916549683 1
0.6938176155090332 0
0.9515156745910645 0
0.6682009696960449 0
0.5089468359947205 0
0.4059807062149048 1
0.32927405834198 0
0.10593482106924057 0
0.34168821573257446 0
0.138861283659935 0
0.6690227389335632 1
0.026117688044905663 0
0.4140743613243103 0
0.2477797567844391 0
0.24356764554977417 0
0.6256744265556335 1
0.09469466656446457 0
0.6249539852142334 0
0.21482424437999725 0
0.04109014570713043 0
0.34911033511161804 1
0.12309970706701279 0
0.01278059370815754 0
0.23521345853805542 0
0.0006569989491254091 0
0.5799322128295898 1
0.042775388807058334 0
0.0844610258936882 0
0.32687583565711975 0
0.011721178889274597 0
0.6003672480583191 1
0.14609980583190918 0
0.5217539072036743 0
0.616952121257782 0
0.01197593193501234 0
