0.9849879145622253 1
0.060929976403713226 0
0.2736796736717224 0
0.14319992065429688 0
0.5619685649871826 0
0.9300991296768188 1
0.041364625096321106 0
0.5427749156951904 0
0.1577029675245285 0
0.8761014938354492 0
0.9857461452484131 1
0.08013598620891571 0
0.5033324360847473 0
0.18354690074920654 0
0.12588517367839813 0
0.9989127516746521 1
0.7237703204154968 0
0.9024510383605957 0
0.37529075145721436 0
0.6502552032470703 0
0.9867891073226929 1
0.852728545665741 0
0.7130236625671387 0
0.8392963409423828 0
0.9690510034561157 0
0.9995876550674438 1
0.86296546459198 0
0.9875199198722839 0
0.3049410581588745 0
0.7966737151145935 0
0.9854305982589722 1
0.48166534304618835 0
0.9571360349655151 0
0.044086799025535583 0
0.15006566047668457 0
0.9777402877807617 1
0.854324996471405 0
0.17254939675331116 0
0.20833364129066467 0
0.44502636790275574 0
0.9795219898223877 1
0.7193779945373535 0
0.9369727373123169 0
0.028191417455673218 0
0.09995248913764954 0
0.9991347193717957 1
0.033956438302993774 0
0.3494071364402771 0
0.02293696627020836 0
0.4499574303627014 0
0.9821871519088745 1
0.10453631728887558 0
0.08204706013202667 0
0.11171131581068039 0
0.8697526454925537 0
0.9948481917381287 1
0.04411296173930168 0
0.4647044837474823 0
0.09994962066411972 0
0.9434625506401062 0
0.996266782283783 1
0.17388039827346802 0
0.11058533191680908 0
0.16131867468357086 0
0.22290751338005066 0
0.988432765007019 1
0.9714771509170532 0
0.9766029119491577 0
0.8832199573516846 0
0.9939193725585938 0
0.9948471784591675 1
0.31325408816337585 0
0.37727174162864685 0
0.265535831451416 0
0.5974634289741516 0
0.9917266368865967 1
0.026030566543340683 0
0.5987246632575989 0
0.3177559971809387 0
0.6145510077476501 0
0.97911536693573 1
0.73073810338974 0
0.12178119271993637 0
0.9861215353012085 0
0.9280855655670166 0
0.9937978982925415 1
0.05330252647399902 0
0.7659783363342285 0
0.9556434154510498 0
0.8935978412628174 0
0.9745635390281677 1
0.0007267898181453347 0
0.004343351349234581 0
0.16322073340415955 0
0.07787717133760452 0
0.9799603819847107 1
0.002504273783415556 0
0.02364945039153099 0
0.008402270264923573 0
0.06838881969451904 0
0.630510687828064 1
0.002568998374044895 0
0.018878351897001266 0
0.01608908921480179 0
0.01993635669350624 0
0.9985707998275757 1
0.052577342838048935 0
0.9909455180168152 0
0.4777957797050476 0
0.033967796713113785 0
0.9916259050369263 1
0.017541339620947838 0
0.8299837112426758 0
0.03724865987896919 0
0.15339252352714539 0
0.9471172094345093 1
0.02798849157989025 0
0.8097413778305054 0
0.01780204102396965 0
0.018700355663895607 0
0.991104781627655 1
0.014019547030329704 0
0.5242503881454468 0
0.7316483855247498 0
0.6843303442001343 0
0.9967738389968872 1
0.07580312341451645 0
0.9312826991081238 0
0.3602313995361328 0
0.5479649305343628 0
0.8900939226150513 1
0.11098983883857727 0
0.916543185710907 0
0.032515998929739 0
0.25231146812438965 0
0.9904748201370239 1
0.0042111994698643684 0
0.2802502512931824 0
0.8177683353424072 0
0.45427405834198 0
0.9963344931602478 1
0.0069276075810194016 0
0.7815987467765808 0
0.2534591853618622 0
0.07698515057563782 0
0.9237363338470459 1
0.0022425311617553234 0
0.056914448738098145 0
0.07886621356010437 0
0.1130695790052414 0
0.9990924596786499 1
0.026984650641679764 0
0.22808700799942017 0
0.013319607824087143 0
0.09687995165586472 0
0.9921355247497559 1
0.009271896444261074 0
0.1282009780406952 0
0.042354874312877655 0
0.003534108866006136 0
0.993276059627533 1
0.008756110444664955 0
0.16459950804710388 0
0.0038281544111669064 0
0.016428332775831223 0
0.6671007871627808 1
0.004381649196147919 0
0.25482016801834106 0
0.14950355887413025 0
0.023821379989385605 0
0.9025006294250488 1
0.0012065324699506164 0
0.0071179065853357315 0
0.017657127231359482 0
0.028430698439478874 0
0.2715083360671997 1
0.001587523496709764 0
0.0643264427781105 0
0.0023877634666860104 0
0.00201680650934577 0
0.6897191405296326 1
0.002116149989888072 0
0.21884241700172424 0
0.12430816143751144 0
0.005356353707611561 0
0.8510494232177734 1
0.004757142160087824 0
0.508054792881012 0
0.6454249024391174 0
0.14262960851192474 0
0.7379469275474548 1
0.16960637271404266 0
0.7976584434509277 0
0.1479000449180603 0
0.5786823034286499 0
0.14165686070919037 1
0.000596865953411907 0
0.02406780794262886 0
0.02714981511235237 0
0.002322369022294879 0
0.8178170919418335 1
0.0018522520549595356 0
0.004299398045986891 0
0.01013300009071827 0
5.101475107949227e-05 0
0.9440543055534363 1
0.000624052481725812 0
0.029435088858008385 0
0.013942684046924114 0
0.007637133356183767 0
0.9978658556938171 1
0.38906654715538025 0
0.9798039793968201 0
0.5526793003082275 0
8.916693332139403e-05 0
0.999774694442749 1
0.07820983976125717 0
0.9903339147567749 0
0.8491961359977722 0
0.2626606523990631 0
0.9991689920425415 1
0.6757878065109253 0
0.9544976949691772 0
0.0715482234954834 0
0.104479119181633 0
0.9837085604667664 1
0.0003178029437549412 0
0.010369917377829552 0
0.18718916177749634 0
0.0009874950628727674 0
0.9982495307922363 1
0.006651484407484531 0
0.9491733312606812 0
0.26886019110679626 0
0.0013769902288913727 0
0.9777829051017761 1
0.2829251289367676 0
0.9758610725402832 0
0.6726097464561462 0
0.0029646686743944883 0
0.8603339195251465 1
0.05322468280792236 0
0.3366759419441223 0
0.4579412639141083 0
0.1943400502204895 0
0.630984365940094 1
0.7792716026306152 0
0.9039864540100098 0
0.026934294030070305 0
0.3956669270992279 0
0.6205860376358032 1
0.4334188401699066 0
0.8892859816551208 0
0.3652345538139343 0
0.09405620396137238 0
0.9089014530181885 1
0.43314608931541443 0
0.6295897960662842 0
0.09411466121673584 0
0.003426683135330677 0
0.8331550359725952 1
0.5288635492324829 0
0.9375407099723816 0
0.0073027415201067924 0
0.002230142941698432 0
0.9670836329460144 1
0.635233998298645 0
0.9065816402435303 0
0.3616867661476135 0
0.6142259836196899 0
0.9822518229484558 1
0.00210191635414958 0
0.3847201466560364 0
0.128788560628891 0
0.00013954078895039856 0
0.9743608832359314 1
0.021955598145723343 0
0.8993777632713318 0
0.862426221370697 0
0.6413992643356323 0
0.9991275072097778 1
0.09305883944034576 0
0.7489757537841797 0
0.13986989855766296 0
0.86942458152771 0
0.6304433345794678 1
0.0009996619774028659 0
0.0158972330391407 0
0.1912495344877243 0
0.00028739916160702705 0
0.9861255884170532 1
0.0014353481819853187 0
0.2055267095565796 0
0.09035927057266235 0
2.3581247660331428e-05 0
0.9981517195701599 1
0.005690143909305334 0
0.2717882990837097 0
0.05712830647826195 0
0.0002688924432732165 0
0.9755393862724304 1
0.5280489921569824 0
0.5982450842857361 0
0.10956443846225739 0
0.006334166508167982 0
0.9953235387802124 1
0.1244596391916275 0
0.521034300327301 0
0.27408093214035034 0
0.23461024463176727 0
0.993377685546875 1
0.044022899121046066 0
0.6634778380393982 0
0.13694722950458527 0
0.1368250548839569 0
0.9688729047775269 1
0.0006925947964191437 0
0.6888066530227661 0
0.00015573306882288307 0
0.008746668696403503 0
0.9439111948013306 1
0.005178270861506462 0
0.7469063997268677 0
0.0077621000818908215 0
9.927033534040675e-05 0
0.9827613830566406 1
0.5058296918869019 0
0.9212779998779297 0
0.29065290093421936 0
0.06145380064845085 0
0.710279107093811 1
0.0014033307088539004 0
0.3924649655818939 0
0.039805032312870026 0
4.835138315684162e-05 0
0.9975608587265015 1
0.006027067080140114 0
0.8352057337760925 0
0.5489377975463867 0
0.13550719618797302 0
0.9437462687492371 1
0.014152241870760918 0
0.8769601583480835 0
0.08966703712940216 0
0.2805710732936859 0
0.05627698451280594 1
0.0002350435097469017 0
0.005296050570905209 0
0.022904515266418457 0
3.0768216674914584e-05 0
0.8292855620384216 1
0.004757363349199295 0
0.03291822224855423 0
0.046598561108112335 0
0.0009456400293856859 0
0.9486686587333679 1
0.08319716155529022 0
0.15062366425991058 0
0.3544567823410034 0
0.0026976405642926693 0
