0.6658748388290405 1
0.3217238187789917 0
0.3224954307079315 0
0.10908254235982895 0
0.37140655517578125 0
0.6492682695388794 1
0.04874049872159958 0
0.3741912841796875 0
0.30362552404403687 0
0.6047834753990173 0
0.6184452176094055 1
0.3226734399795532 0
0.33622750639915466 0
0.32188844680786133 0
0.35063955187797546 0
0.9140984416007996 1
0.5777645707130432 0
0.7899736166000366 0
0.04013565182685852 0
0.5402076244354248 0
0.8662656545639038 1
0.8318869471549988 0
0.8695160150527954 0
0.471219003200531 0
0.7681891322135925 0
0.9760035276412964 1
0.9126323461532593 0
0.8938604593276978 0
0.34003520011901855 0
0.6082624197006226 0
0.7181183695793152 1
0.4404192864894867 0
0.9197301864624023 0
0.2739346921443939 0
0.3704628646373749 0
0.6355222463607788 1
0.8197067975997925 0
0.3489263951778412 0
0.3185410797595978 0
0.6302694082260132 0
0.37850189208984375 1
0.6802710294723511 0
0.9450728297233582 0
0.3113068640232086 0
0.34180983901023865 0
0.9834588766098022 1
0.17180924117565155 0
0.2889633774757385 0
0.034640103578567505 0
0.6372087001800537 0
0.9376119375228882 1
0.19105416536331177 0
0.08895312249660492 0
0.5155149698257446 0
0.6695332527160645 0
0.8316332697868347 1
0.32890719175338745 0
0.3220984637737274 0
0.37532636523246765 0
0.7050511240959167 0
0.8735203146934509 1
0.3125394582748413 0
0.33070969581604004 0
0.15183959901332855 0
0.362589567899704 0
0.8044559359550476 1
0.9846593141555786 0
0.9829163551330566 0
0.38821086287498474 0
0.914801836013794 0
0.6840978860855103 1
0.3221186697483063 0
0.33583444356918335 0
0.3407942056655884 0
0.6261356472969055 0
0.6982492804527283 1
0.1627662032842636 0
0.6734753847122192 0
0.28705939650535583 0
0.23884716629981995 0
0.8975123167037964 1
0.677801787853241 0
0.6716575622558594 0
0.9328702688217163 0
0.6881258487701416 0
0.8718299865722656 1
0.3129672706127167 0
0.7333575487136841 0
0.46123215556144714 0
0.5717782378196716 0
0.6349959373474121 1
0.0014934046193957329 0
0.01714147813618183 0
0.22138124704360962 0
0.13187499344348907 0
0.5391972064971924 1
0.021948549896478653 0
0.3158174157142639 0
0.1551591157913208 0
0.30074867606163025 0
0.5878280401229858 1
0.13940665125846863 0
0.3365008234977722 0
0.25017642974853516 0
0.27169352769851685 0
0.6665244102478027 1
0.1878553032875061 0
0.6774390935897827 0
0.3340514898300171 0
0.017772573977708817 0
0.6674708127975464 1
0.23077431321144104 0
0.6648390889167786 0
0.28708553314208984 0
0.2537269592285156 0
0.6233342885971069 1
0.310621440410614 0
0.59902423620224 0
0.26782017946243286 0
0.21433886885643005 0
0.6614585518836975 1
0.04082603380084038 0
0.8997249007225037 0
0.5903750658035278 0
0.4043806493282318 0
0.6803328990936279 1
0.07959046959877014 0
0.9208666682243347 0
0.622665524482727 0
0.5972193479537964 0
0.5876160860061646 1
0.1031825840473175 0
0.9234768748283386 0
0.30518442392349243 0
0.5354635119438171 0
0.6573145985603333 1
0.0025480829644948244 0
0.33985304832458496 0
0.5627806782722473 0
0.43687522411346436 0
0.6775118708610535 1
0.12044839560985565 0
0.33399277925491333 0
0.3918467164039612 0
0.4328721761703491 0
0.6135993003845215 1
0.09372736513614655 0
0.333588570356369 0
0.29548072814941406 0
0.3607853353023529 0
0.6823486089706421 1
0.15757842361927032 0
0.465680330991745 0
0.06291370093822479 0
0.2842254042625427 0
0.6715974807739258 1
0.2541981339454651 0
0.4137013852596283 0
0.0989575982093811 0
0.005816341377794743 0
0.6780427694320679 1
0.29643112421035767 0
0.3253648281097412 0
0.12018799036741257 0
0.23645851016044617 0
0.5624042749404907 1
0.01750500313937664 0
0.26138901710510254 0
0.31287455558776855 0
0.061143677681684494 0
0.622624397277832 1
0.014969520270824432 0
0.030483221635222435 0
0.05724657326936722 0
0.019369347020983696 0
0.37144726514816284 1
0.12241198122501373 0
0.29242855310440063 0
0.04470135271549225 0
0.05119051784276962 0
0.34820687770843506 1
0.32586437463760376 0
0.33290132880210876 0
0.3333233594894409 0
0.10745310038328171 0
0.34190571308135986 1
0.21553784608840942 0
0.3341904878616333 0
0.32477712631225586 0
0.3258156180381775 0
0.3607637882232666 1
0.3130762577056885 0
0.33291542530059814 0
0.10686574876308441 0
0.3057025074958801 0
0.35094258189201355 1
0.012342328205704689 0
0.3161613941192627 0
0.33067992329597473 0
0.014447309076786041 0
0.3823789060115814 1
0.02734493277966976 0
0.10415329784154892 0
0.2912670969963074 0
0.09814261645078659 0
0.6444198489189148 1
0.04010113701224327 0
0.2009587287902832 0
0.329875111579895 0
0.17363975942134857 0
0.7390350103378296 1
0.5596733689308167 0
0.6100494861602783 0
0.4206371307373047 0
0.12737299501895905 0
0.7082383632659912 1
0.22191974520683289 0
0.6215051412582397 0
0.3461446762084961 0
0.37006935477256775 0
0.8456889390945435 1
0.399977445602417 0
0.36555883288383484 0
0.10056990385055542 0
0.34595736861228943 0
0.6651492714881897 1
0.20276227593421936 0
0.3481842875480652 0
0.4318568706512451 0
0.02921164408326149 0
0.6712732315063477 1
0.257194459438324 0
0.6054612398147583 0
0.33272331953048706 0
0.09205010533332825 0
0.8028360605239868 1
0.5896126627922058 0
0.806280255317688 0
0.6621360182762146 0
0.040898777544498444 0
0.33370909094810486 1
0.22317445278167725 0
0.5905677080154419 0
0.3807852268218994 0
0.5629091262817383 0
0.3368343114852905 1
0.17910926043987274 0
0.5918239951133728 0
0.14581483602523804 0
0.3309115767478943 0
0.5449516773223877 1
0.3085610270500183 0
0.9647525548934937 0
0.33661991357803345 0
0.3787282705307007 0
0.4311055839061737 1
0.5977581739425659 0
0.7664334177970886 0
0.48498353362083435 0
0.07055368274450302 0
0.4844932556152344 1
0.08432535827159882 0
0.7343816757202148 0
0.28026852011680603 0
0.10658855736255646 0
0.6669003963470459 1
0.4261326789855957 0
0.7412431240081787 0
0.5319338440895081 0
0.6543802618980408 0
0.6703494787216187 1
0.27039316296577454 0
0.3193278908729553 0
0.34035441279411316 0
0.07276425510644913 0
0.666242778301239 1
0.28779616951942444 0
0.344047486782074 0
0.32571300864219666 0
0.5099712014198303 0
0.9862476587295532 1
0.016255728900432587 0
0.3298315107822418 0
0.25659772753715515 0
0.42162594199180603 0
0.4298746585845947 1
0.0003609020495787263 0
0.3266258239746094 0
0.34170782566070557 0
0.009544465690851212 0
0.66382896900177 1
0.051895976066589355 0
0.31711867451667786 0
0.33259519934654236 0
0.01409925427287817 0
0.9796120524406433 1
0.24166655540466309 0
0.33811724185943604 0
0.6060734987258911 0
0.0010775746777653694 0
0.5088531970977783 1
0.34133395552635193 0
0.33347755670547485 0
0.3673514723777771 0
0.3029112219810486 0
0.64320969581604 1
0.3259947896003723 0
0.33691269159317017 0
0.3426813781261444 0
0.37477660179138184 0
0.6477372646331787 1
0.16584338247776031 0
0.3325670659542084 0
0.28520655632019043 0
0.14350250363349915 0
0.6672991514205933 1
0.3143776059150696 0
0.6099512577056885 0
0.022473089396953583 0
0.08159202337265015 0
0.602359414100647 1
0.3238605558872223 0
0.335831880569458 0
0.3310624063014984 0
0.046174854040145874 0
0.7205740809440613 1
0.658339262008667 0
0.9336530566215515 0
0.6607362031936646 0
0.20706377923488617 0
0.49364978075027466 1
0.28342488408088684 0
0.2510667145252228 0
0.34585022926330566 0
0.14460179209709167 0
0.6291692852973938 1
0.03330681100487709 0
0.45817065238952637 0
0.26799169182777405 0
0.20292173326015472 0
0.6337544322013855 1
0.12719428539276123 0
0.635424792766571 0
0.301258385181427 0
0.08802971243858337 0
0.3338879346847534 1
0.08129275590181351 0
0.025590315461158752 0
0.18638378381729126 0
0.0007473758305422962 0
0.5765897631645203 1
0.011714929714798927 0
0.12829670310020447 0
0.30668479204177856 0
0.023575223982334137 0
0.6852366328239441 1
0.15431156754493713 0
0.5317163467407227 0
0.5439926385879517 0
0.0068687694147229195 0
