0.9996113777160645 1
0.03436867892742157 0
0.11370374262332916 0
0.027403980493545532 0
0.3605952858924866 0
0.9959393739700317 1
0.016374006867408752 0
0.652246356010437 0
0.33879053592681885 0
0.8851446509361267 0
0.99961256980896 1
0.04569777101278305 0
0.4352303147315979 0
0.33792513608932495 0
0.2708413898944855 0
0.9999079704284668 1
0.6662181615829468 0
0.980966329574585 0
0.506420373916626 0
0.929885745048523 0
0.9952809810638428 1
0.500982940196991 0
0.9248709678649902 0
0.9923906326293945 0
0.9941262602806091 0
0.9999898672103882 1
0.9611823558807373 0
0.9974157810211182 0
0.7538646459579468 0
0.9948201179504395 0
0.9966155886650085 1
0.2844156324863434 0
0.9740933775901794 0
0.04181869328022003 0
0.0163461584597826 0
0.9995293021202087 1
0.279507040977478 0
0.04496698081493378 0
0.06486082077026367 0
0.5060175657272339 0
0.9950717687606812 1
0.954033613204956 0
0.9949790835380554 0
0.0037787887267768383 0
0.2666308283805847 0
0.9998821020126343 1
0.06395663321018219 0
0.5751952528953552 0
0.020931076258420944 0
0.5725160241127014 0
0.9982459545135498 1
0.27198153734207153 0
0.1670634001493454 0
0.9756650924682617 0
0.9763630628585815 0
0.9999350309371948 1
0.31414422392845154 0
0.8404525518417358 0
0.8901510238647461 0
0.9971679449081421 0
0.9991881251335144 1
0.04451952502131462 0
0.01342102326452732 0
0.09849419444799423 0
0.424381822347641 0
0.9993867874145508 1
0.9864263534545898 0
0.9987237453460693 0
0.8809695243835449 0
0.9976793527603149 0
0.9999365210533142 1
0.6050831079483032 0
0.11313439905643463 0
0.8587312698364258 0
0.9514186382293701 0
0.9993823766708374 1
0.03670208156108856 0
0.09032940864562988 0
0.6071775555610657 0
0.694731593132019 0
0.9985129237174988 1
0.44431596994400024 0
0.09857746213674545 0
0.9995080828666687 0
0.9105418920516968 0
0.9997209310531616 1
0.0018039554124698043 0
0.32602718472480774 0
0.9677661657333374 0
0.4285212755203247 0
0.9788309931755066 1
0.00021298106003087014 0
0.000905978842638433 0
0.016550447791814804 0
0.006336358841508627 0
0.9787086248397827 1
0.0011196116684004664 0
0.02060174196958542 0
0.0026942600961774588 0
0.02110973559319973 0
0.3777892589569092 1
0.00103013648185879 0
0.014386105351150036 0
0.004922962281852961 0
0.013480259105563164 0
0.9998810291290283 1
0.008193887770175934 0
0.9926321506500244 0
0.04666592925786972 0
0.0018586430232971907 0
0.9989867210388184 1
0.007081534713506699 0
0.8814197778701782 0
0.011320318095386028 0
0.00584807712584734 0
0.9939326047897339 1
0.026518521830439568 0
0.9164233207702637 0
0.002450739499181509 0
0.006837114226073027 0
0.9928346872329712 1
0.0076913246884942055 0
0.792664647102356 0
0.41515907645225525 0
0.04537653923034668 0
0.9974402189254761 1
0.005693395622074604 0
0.7989988327026367 0
0.13623620569705963 0
0.14715039730072021 0
0.1460420787334442 1
0.18595163524150848 0
0.9938896894454956 0
0.013236002996563911 0
0.05538404732942581 0
0.9940370321273804 1
0.00434089032933116 0
0.42178627848625183 0
0.5835670232772827 0
0.06315828859806061 0
0.9990195631980896 1
0.003803101135417819 0
0.14114812016487122 0
0.12239070981740952 0
0.026367977261543274 0
0.9798898696899414 1
0.000789283774793148 0
0.02393532358109951 0
0.01795300841331482 0
0.078249491751194 0
0.9991893768310547 1
0.0016489814734086394 0
0.056266456842422485 0
0.0009491154924035072 0
0.009577891789376736 0
0.9984187483787537 1
0.0033051210921257734 0
0.06470496952533722 0
0.03957781568169594 0
0.0007737502455711365 0
0.9988173842430115 1
0.004234956577420235 0
0.03987421095371246 0
0.0009878658456727862 0
0.001976125640794635 0
0.546396017074585 1
0.0004959384677931666 0
0.017717555165290833 0
0.009721990674734116 0
0.0010559081565588713 0
0.9130502939224243 1
4.6181929064914584e-05 0
0.0002973622758872807 0
0.006990945897996426 0
0.0021360781975090504 0
0.5119980573654175 1
0.0003560823097359389 0
0.009276922792196274 0
0.0004936878103762865 0
0.0012772586196660995 0
0.9742847681045532 1
0.0018264095997437835 0
0.835277259349823 0
0.26366493105888367 0
0.0007087849080562592 0
0.9306098222732544 1
0.004423663951456547 0
0.8211342692375183 0
0.3637683391571045 0
0.12981081008911133 0
0.9403203725814819 1
0.24029433727264404 0
0.8732625246047974 0
0.29104506969451904 0
0.35954639315605164 0
0.25923091173171997 1
0.00010933795419987291 0
0.009328758344054222 0
0.05005727335810661 0
0.0003005669277627021 0
0.9115740060806274 1
0.00015228908159770072 0
0.0011345926905050874 0
0.002921095583587885 0
1.4868863217998296e-05 0
0.891623854637146 1
0.00016946831601671875 0
0.0136239780113101 0
0.0033078277483582497 0
0.0034393719397485256 0
0.9997437000274658 1
0.9349707365036011 0
0.9999175071716309 0
0.9771209955215454 0
0.0007452780846506357 0
0.9999841451644897 1
0.13496972620487213 0
0.9992399215698242 0
0.9818605780601501 0
0.091268390417099 0
0.9997296333312988 1
0.7576300501823425 0
0.9670182466506958 0
0.8117334842681885 0
0.42907965183258057 0
0.9999297857284546 1
0.0013013165444135666 0
0.04773561283946037 0
0.6638741493225098 0
0.00011143612209707499 0
0.9997329711914062 1
0.0019920128397643566 0
0.9925962686538696 0
0.06714583933353424 0
9.158016473520547e-05 0
0.9988707900047302 1
0.2748258709907532 0
0.9724624156951904 0
0.962631106376648 0
0.00503800343722105 0
0.9583100080490112 1
0.7515611052513123 0
0.8477866053581238 0
0.5690270662307739 0
0.6725046038627625 0
0.7849224805831909 1
0.9620029926300049 0
0.9814696311950684 0
0.029847856611013412 0
0.17148451507091522 0
0.5138829350471497 1
0.27909380197525024 0
0.9958096742630005 0
0.12999755144119263 0
0.08483605086803436 0
0.9354991912841797 1
0.9785411357879639 0
0.9558408260345459 0
0.016534630209207535 0
0.01369000505656004 0
0.5705299377441406 1
0.5418853759765625 0
0.9844462275505066 0
0.0008596791885793209 0
0.00010873100836761296 0
0.9941992163658142 1
0.6938344836235046 0
0.9662753939628601 0
0.10216834396123886 0
0.753021240234375 0
0.9999374151229858 1
0.002521196845918894 0
0.050335511565208435 0
0.9520303010940552 0
0.008183537982404232 0
0.9957050681114197 1
0.017844993621110916 0
0.995987594127655 0
0.9803187847137451 0
0.7715487480163574 0
0.9996256828308105 1
0.26800230145454407 0
0.8315709829330444 0
0.6145646572113037 0
0.6959041357040405 0
0.9283996820449829 1
2.1411349734989926e-05 0
0.009074310772120953 0
0.8509550094604492 0
0.00013901485363021493 0
0.9971818327903748 1
0.00026642385637387633 0
0.0657607913017273 0
0.05816996097564697 0
0.00014235741400625557 0
0.9984318017959595 1
0.0033975173719227314 0
0.1147926077246666 0
0.4267653822898865 0
0.01536012627184391 0
0.9993440508842468 1
0.9175521731376648 0
0.8760935664176941 0
0.9098813533782959 0
0.010565832257270813 0
0.9999181628227234 1
0.042637795209884644 0
0.398415744304657 0
0.8639588356018066 0
0.2592039108276367 0
0.998839259147644 1
0.017849575728178024 0
0.5970662236213684 0
0.5178630352020264 0
0.11716511100530624 0
0.9987128973007202 1
0.002093074144795537 0
0.8551534414291382 0
2.3917147700558417e-05 0
0.00037803020677529275 0
0.9796155691146851 1
0.0008502698037773371 0
0.32720935344696045 0
0.0009927256032824516 0
0.0013286442263051867 0
0.9950075149536133 1
0.8471423387527466 0
0.9992966651916504 0
0.8030910491943359 0
0.0831652358174324 0
0.8527981638908386 1
0.00021615982404910028 0
0.4946215748786926 0
0.5315709114074707 0
4.5698667236138135e-05 0
0.9977728724479675 1
0.0006767589366063476 0
0.6502730250358582 0
0.08867504447698593 0
0.005787958856672049 0
0.9778439402580261 1
0.012924442067742348 0
0.936798095703125 0
0.3715949058532715 0
0.0921572893857956 0
0.014387238770723343 1
2.2731966964784078e-05 0
0.00034002121537923813 0
0.006403185427188873 0
1.604900148777233e-06 0
0.8937151432037354 1
7.496761827496812e-05 0
0.001106865587644279 0
0.0005081314593553543 0
3.359396578161977e-05 0
0.9902779459953308 1
0.0022841638419777155 0
0.01674017310142517 0
0.08989918231964111 0
0.010471268557012081 0
