0.02020912431180477 1
0.38567525148391724 1
0.3137761354446411 1
0.25583380460739136 1
0.24327710270881653 1
0.24669145047664642 1
0.6604467630386353 1
0.017276452854275703 1
0.6559237837791443 1
0.27644675970077515 1
0.37300965189933777 1
0.13005518913269043 1
0.5045685768127441 1
0.6312357783317566 1
0.9591831564903259 1
0.6216692924499512 1
0.001056880340911448 1
0.6065199375152588 1
0.13201338052749634 1
0.7822215557098389 1
0.3241100311279297 1
0.2608017325401306 1
0.7136143445968628 1
0.002487669698894024 0
0.00041575610521249473 0
0.43260830640792847 0
0.0004295452672522515 0
0.10966984927654266 0
0.25279343128204346 0
0.000403534562792629 0
0.0008651043754070997 0
0.2695411443710327 0
0.010499397292733192 0
0.05316032096743584 0
0.8404263854026794 0
5.278120079310611e-05 0
0.00010581773676676676 0
0.6278778314590454 0
0.0006434542592614889 0
0.00014854951587039977 0
0.6383234858512878 0
0.0002275701699545607 0
0.011311497539281845 0
0.6632735133171082 0
0.014478880912065506 0
0.0015411123167723417 0
0.33955496549606323 0
0.0014708539238199592 0
0.006494102533906698 0
0.2886202037334442 0
0.0009419448906555772 0
0.004014800302684307 0
0.3298606872558594 0
0.009331818670034409 0
0.00900584738701582 0
0.29941287636756897 0
0.0028192116878926754 0
0.012035798281431198 0
0.33757278323173523 0
0.013016636483371258 0
0.004449859261512756 0
0.3430398106575012 0
0.0003956207656301558 0
0.006021402310580015 0
0.3326040506362915 0
0.12358088791370392 0
0.002339509781450033 0
0.6493228077888489 0
0.0037218518555164337 0
0.005097593180835247 0
0.3470717668533325 0
0.030625328421592712 0
0.01863456703722477 0
0.5332513451576233 0
0.00029079726664349437 0
0.03246787190437317 0
0.3082987666130066 0
0.000341591308824718 0
0.0012091106036677957 0
0.43702325224876404 0
0.002587792929261923 0
0.008436579257249832 0
0.5983169674873352 0
0.033004775643348694 0
0.025434298440814018 0
0.3659008741378784 0
0.002797271590679884 0
0.002784338779747486 0
0.6688411235809326 0
0.2169739007949829 0
0.0008020527893677354 0
0.6872801780700684 0
0.6823210120201111 1
0.861872673034668 1
0.517997682094574 1
0.697257399559021 1
0.7205061316490173 1
0.8825793266296387 1
0.8657175898551941 1
0.9398936033248901 1
0.8298406600952148 1
0.3795752227306366 1
0.47122105956077576 1
0.7502613067626953 1
0.42324158549308777 1
0.4891436994075775 1
0.6754302382469177 1
0.3667122721672058 1
0.8098753690719604 1
0.4028743505477905 1
0.3749013841152191 1
0.3352069854736328 1
0.4044336974620819 1
0.660905122756958 1
0.6044704914093018 1
