0.9996809959411621 1
0.14993944764137268 0
0.3832492232322693 0
0.0365043543279171 0
0.9110984802246094 0
0.9636742472648621 1
0.025879811495542526 0
0.45608043670654297 0
0.44180434942245483 0
0.9746142625808716 0
0.9999319314956665 1
0.2104516327381134 0
0.8099834322929382 0
0.504011332988739 0
0.34149956703186035 0
0.999980628490448 1
0.3448672890663147 0
0.9453021883964539 0
0.208238422870636 0
0.9808289408683777 0
0.9899986982345581 1
0.6083886623382568 0
0.8432873487472534 0
0.7782713770866394 0
0.9121456146240234 0
0.9999804496765137 1
0.9036673903465271 0
0.9971935749053955 0
0.9436203837394714 0
0.9970499277114868 0
0.9967591166496277 1
0.5396771430969238 0
0.9490797519683838 0
0.06407023966312408 0
0.49152085185050964 0
0.9996160268783569 1
0.5676754713058472 0
0.03583168983459473 0
0.028392963111400604 0
0.9139100313186646 0
0.9984707236289978 1
0.9788925647735596 0
0.9967535734176636 0
0.005112135782837868 0
0.27264395356178284 0
0.9998332858085632 1
0.09511326998472214 0
0.3901611268520355 0
0.027861211448907852 0
0.9939604997634888 0
0.9511350393295288 1
0.0450773686170578 0
0.03165660798549652 0
0.5565630197525024 0
0.9494724273681641 0
0.9997557401657104 1
0.5570690631866455 0
0.8944569826126099 0
0.9188008308410645 0
0.9980149269104004 0
0.9999512434005737 1
0.06326228380203247 0
0.009713752195239067 0
0.2032587230205536 0
0.134395033121109 0
0.9987410306930542 1
0.9896038770675659 0
0.9961891174316406 0
0.9531255960464478 0
0.9799086451530457 0
0.9999605417251587 1
0.38048475980758667 0
0.4399092197418213 0
0.9812198877334595 0
0.9990231990814209 0
0.9977002143859863 1
0.060755304992198944 0
0.1039656326174736 0
0.9403716325759888 0
0.6597331762313843 0
0.9971520304679871 1
0.050391197204589844 0
0.00667540542781353 0
0.9978155493736267 0
0.7925577163696289 0
0.9997751712799072 1
0.0010043082293123007 0
0.2790166735649109 0
0.9712293148040771 0
0.881194531917572 0
0.9937145709991455 1
0.0001645541487960145 0
0.0031841611489653587 0
0.2089170515537262 0
0.030598893761634827 0
0.9998108744621277 1
0.001398212043568492 0
0.09075933694839478 0
0.015040273778140545 0
0.13595587015151978 0
0.9065026640892029 1
0.0018223782535642385 0
0.05692922696471214 0
0.015175092034041882 0
0.03769509866833687 0
0.9999527931213379 1
0.02356955222785473 0
0.9863080978393555 0
0.10130038857460022 0
0.004158372990787029 0
0.9994159936904907 1
0.025139397010207176 0
0.9646801352500916 0
0.06836184859275818 0
0.007116813212633133 0
0.9993119239807129 1
0.044939618557691574 0
0.9566475749015808 0
0.002562996931374073 0
0.005315129645168781 0
0.9997920989990234 1
0.011718301102519035 0
0.9829100966453552 0
0.9306358098983765 0
0.11647097766399384 0
0.999794602394104 1
0.0422467403113842 0
0.9788823127746582 0
0.21296116709709167 0
0.3774193227291107 0
0.9882332682609558 1
0.45724260807037354 0
0.9953440427780151 0
0.014402968809008598 0
0.027353864163160324 0
0.9958915114402771 1
0.001531217247247696 0
0.27892741560935974 0
0.7521688938140869 0
0.022961732000112534 0
0.9996203184127808 1
0.01631222665309906 0
0.8186264038085938 0
0.9616415500640869 0
0.04380194842815399 0
0.9981774687767029 1
0.0015440506394952536 0
0.06340046972036362 0
0.11095073819160461 0
0.0636083334684372 0
0.9999272227287292 1
0.0043668900616467 0
0.1510070115327835 0
0.0016922912327572703 0
0.02854984998703003 0
0.9999226331710815 1
0.021570933982729912 0
0.10176142305135727 0
0.023905441164970398 0
0.0003986373485531658 0
0.9996858835220337 1
0.015218494459986687 0
0.37187331914901733 0
0.0006255647167563438 0
0.0021958404686301947 0
0.8472267985343933 1
0.0007856811280362308 0
0.013693462125957012 0
0.015209496021270752 0
0.003048436716198921 0
0.994450032711029 1
0.0001996663340833038 0
0.0025375965051352978 0
0.04436813294887543 0
0.001706945477053523 0
0.8465007543563843 1
0.001107749529182911 0
0.022843260318040848 0
0.00023155983944889158 0
0.0002407942374702543 0
0.9979425668716431 1
0.013251143507659435 0
0.6076712012290955 0
0.691809892654419 0
0.0038423333317041397 0
0.9975537061691284 1
0.00582571467384696 0
0.9567279815673828 0
0.9859773516654968 0
0.6746399402618408 0
0.9784790873527527 1
0.8185462951660156 0
0.9797703623771667 0
0.9164823889732361 0
0.9131523370742798 0
0.97586989402771 1
0.0006845532916486263 0
0.02104148641228676 0
0.655430018901825 0
0.002623851876705885 0
0.9965669512748718 1
0.0007601377437822521 0
0.004431250970810652 0
0.11461079120635986 0
0.00018716134945861995 0
0.9811979532241821 1
8.866836287779734e-05 0
0.019187144935131073 0
0.003369454760104418 0
0.017303988337516785 0
0.9963353872299194 1
0.4605512320995331 0
0.9988964796066284 0
0.9605060815811157 0
0.0007765353657305241 0
0.9998480677604675 1
0.02147946134209633 0
0.998712420463562 0
0.9877409934997559 0
0.6578664183616638 0
0.9992873668670654 1
0.9071173071861267 0
0.9775936007499695 0
0.16393017768859863 0
0.45878899097442627 0
0.9995085597038269 1
0.0002497623208910227 0
0.012901252135634422 0
0.8469356298446655 0
2.8633459805860184e-05 0
0.9984614253044128 1
0.003019942669197917 0
0.9787951707839966 0
0.7871149778366089 0
0.00019837295985780656 0
0.973857581615448 1
0.0740857720375061 0
0.982884407043457 0
0.9707496166229248 0
0.004491073079407215 0
0.9972867965698242 1
0.7842386960983276 0
0.7637560367584229 0
0.17679166793823242 0
0.08281081914901733 0
0.9779278635978699 1
0.9911593198776245 0
0.9949449896812439 0
0.02755855582654476 0
0.3663286864757538 0
0.9316705465316772 1
0.9248961806297302 0
0.997119665145874 0
0.09972725808620453 0
0.16663238406181335 0
0.9877614974975586 1
0.9315325617790222 0
0.8543021082878113 0
0.05880732089281082 0
0.002969195134937763 0
0.9774739146232605 1
0.5289130210876465 0
0.9930822849273682 0
0.0023907723370939493 0
0.0007473192526958883 0
0.9995476007461548 1
0.7400147318840027 0
0.9277452826499939 0
0.021682901307940483 0
0.1625857800245285 0
0.9890088438987732 1
0.0028461627662181854 0
0.4460162818431854 0
0.9636129140853882 0
0.006243390496820211 0
0.9609030485153198 1
0.07373622059822083 0
0.9963433146476746 0
0.9774720072746277 0
0.9560842514038086 0
0.9944583773612976 1
0.3632269501686096 0
0.9286082983016968 0
0.7549186944961548 0
0.9741743803024292 0
0.8652940988540649 1
0.00014169867790769786 0
0.013302752748131752 0
0.8580073714256287 0
0.001111130928620696 0
0.9991030693054199 1
0.0009710779413580894 0
0.06786777079105377 0
0.8252894282341003 0
1.794564741430804e-05 0
0.9976891875267029 1
0.0013328747591003776 0
0.09151502698659897 0
0.42158243060112 0
0.0016448521055281162 0
0.9998301267623901 1
0.5609841346740723 0
0.7101463675498962 0
0.9026104807853699 0
0.029160406440496445 0
0.9999808669090271 1
0.16634488105773926 0
0.6056498885154724 0
0.9890149831771851 0
0.9799259901046753 0
0.9992412328720093 1
0.38074013590812683 0
0.7859020233154297 0
0.594929575920105 0
0.7843431830406189 0
0.9984561204910278 1
0.0007908855332061648 0
0.9420614242553711 0
3.2533498597331345e-05 0
0.0007235905504785478 0
0.9842712879180908 1
0.004327302798628807 0
0.3317553699016571 0
0.06221619248390198 0
8.643424371257424e-05 0
0.9948077201843262 1
0.25848492980003357 0
0.9397610425949097 0
0.6561780571937561 0
0.03176386281847954 0
0.7810306549072266 1
0.001440499210730195 0
0.4846251904964447 0
0.3434031009674072 0
0.00025432734400965273 0
0.9919373393058777 1
0.0019649784080684185 0
0.9350006580352783 0
0.743939995765686 0
0.23234614729881287 0
0.9927624464035034 1
0.03783652186393738 0
0.7236413955688477 0
0.5836495161056519 0
0.09282998740673065 0
0.16056357324123383 1
0.0003383618895895779 0
0.0009577288292348385 0
0.04837341234087944 0
6.563584065588657e-06 0
0.7266402244567871 1
0.00023876645718701184 0
0.002427745144814253 0
0.05261693149805069 0
0.0015114450361579657 0
0.9327220320701599 1
0.015457354485988617 0
0.0016811622772365808 0
0.2132197618484497 0
0.007894768379628658 0
