0.20794950425624847 1
0.4114148020744324 1
0.31278708577156067 1
0.39717769622802734 1
0.03858368098735809 1
0.5358734130859375 1
0.5699359774589539 1
0.05874593183398247 1
0.4495337903499603 1
0.25544238090515137 1
0.3416406810283661 1
0.3446096181869507 1
0.5019041299819946 1
0.502424418926239 1
0.8529455065727234 1
0.3332587778568268 1
0.08960189670324326 1
0.34985673427581787 1
0.3023563325405121 1
0.6798972487449646 1
0.3582790791988373 1
0.13648925721645355 1
0.7585266828536987 1
0.00623845960944891 0
0.0058575882576406 0
0.8023128509521484 0
0.003617072943598032 0
0.04913528263568878 0
0.3332255482673645 0
0.009057600051164627 0
0.0018735078629106283 0
0.16413699090480804 0
0.0266803577542305 0
0.12054905295372009 0
0.8152956962585449 0
0.0007266823085956275 0
0.000844688038341701 0
0.9409956932067871 0
0.0009560396429151297 0
0.00032112342887558043 0
0.6519560813903809 0
0.0005107020842842758 0
0.0047419448383152485 0
0.6477901935577393 0
0.018095172941684723 0
0.006388595327734947 0
0.3837382197380066 0
0.0008644949411973357 0
0.005103018134832382 0
0.5433518886566162 0
0.005936923436820507 0
0.009972017258405685 0
0.3769703805446625 0
0.015696797519922256 0
0.012361648492515087 0
0.45544278621673584 0
0.051918577402830124 0
0.05229488015174866 0
0.5283578634262085 0
0.006206807680428028 0
0.004010721575468779 0
0.5976343750953674 0
0.0018428564071655273 0
0.010411426424980164 0
0.4807928502559662 0
0.04505235701799393 0
0.0158818531781435 0
0.7892643213272095 0
0.018694506958127022 0
0.0062157828360795975 0
0.655305027961731 0
0.132883220911026 0
0.03732031583786011 0
0.7951140403747559 0
0.002430146327242255 0
0.021837864071130753 0
0.49353429675102234 0
0.000589243951253593 0
0.010051303543150425 0
0.5585585236549377 0
0.01735704392194748 0
0.018245864659547806 0
0.5812114477157593 0
0.0107323182746768 0
0.04346879571676254 0
0.45511552691459656 0
0.013833073899149895 0
0.00721537321805954 0
0.7372748851776123 0
0.16005411744117737 0
0.0018955355044454336 0
0.8255578279495239 0
0.7192270755767822 1
0.8737620115280151 1
0.5307084321975708 1
0.7310874462127686 1
0.8697642087936401 1
0.8912198543548584 1
0.9771735072135925 1
0.9877049326896667 1
0.8978568315505981 1
0.4538753032684326 1
0.716241717338562 1
0.8828975558280945 1
0.5408305525779724 1
0.6693180799484253 1
0.6183786392211914 1
0.4639909267425537 1
0.9036142230033875 1
0.5995764136314392 1
0.7266997694969177 1
0.6051276922225952 1
0.8251668214797974 1
0.7848871946334839 1
0.5685049295425415 1
