0.7081954479217529 1
0.33598777651786804 0
0.3442947268486023 0
0.19380176067352295 0
0.3712143301963806 0
0.6703797578811646 1
0.04801061376929283 0
0.38717561960220337 0
0.287997841835022 0
0.6632760167121887 0
0.644676923751831 1
0.333394855260849 0
0.34265434741973877 0
0.31480109691619873 0
0.3322468101978302 0
0.9326519966125488 1
0.561975359916687 0
0.8691713213920593 0
0.26971715688705444 0
0.6111932992935181 0
0.9354937076568604 1
0.8655552864074707 0
0.8958107233047485 0
0.6176756620407104 0
0.7197985649108887 0
0.9908396601676941 1
0.9654765129089355 0
0.9628068804740906 0
0.3357844054698944 0
0.6711671352386475 0
0.8057122230529785 1
0.6806725263595581 0
0.9905972480773926 0
0.3743587136268616 0
0.2675337791442871 0
0.7473527789115906 1
0.9943435192108154 0
0.46534866094589233 0
0.344662606716156 0
0.6289356350898743 0
0.44713324308395386 1
0.9829802513122559 0
0.9982285499572754 0
0.3169980049133301 0
0.3346671760082245 0
0.9969969987869263 1
0.2494182586669922 0
0.34116965532302856 0
0.18236708641052246 0
0.6824266910552979 0
0.9826536178588867 1
0.4360867142677307 0
0.25048863887786865 0
0.6692370772361755 0
0.6668996214866638 0
0.8973087072372437 1
0.3345901370048523 0
0.34164512157440186 0
0.44485557079315186 0
0.7260634899139404 0
0.9244654178619385 1
0.3388388156890869 0
0.36289140582084656 0
0.18403500318527222 0
0.3612357974052429 0
0.8637028932571411 1
0.9866535067558289 0
0.9879361987113953 0
0.4296359717845917 0
0.976714015007019 0
0.7865893840789795 1
0.3252824544906616 0
0.34301525354385376 0
0.3509995937347412 0
0.5346398949623108 0
0.7039549350738525 1
0.3648083209991455 0
0.6501607894897461 0
0.26087334752082825 0
0.14877232909202576 0
0.8672808408737183 1
0.6658245921134949 0
0.6655683517456055 0
0.9331749677658081 0
0.628175675868988 0
0.9080166816711426 1
0.41124415397644043 0
0.6339514255523682 0
0.5358112454414368 0
0.6583864092826843 0
0.6214004755020142 1
0.005339844152331352 0
0.10188010334968567 0
0.35208961367607117 0
0.2978990972042084 0
0.6358899474143982 1
0.06672465801239014 0
0.3288118839263916 0
0.1879931390285492 0
0.34034642577171326 0
0.6669442057609558 1
0.13506458699703217 0
0.34549617767333984 0
0.20215818285942078 0
0.24970786273479462 0
0.7120382189750671 1
0.39666497707366943 0
0.8461880087852478 0
0.3824118375778198 0
0.05170595645904541 0
0.6715070009231567 1
0.3810719847679138 0
0.6776282787322998 0
0.3019113540649414 0
0.26105284690856934 0
0.6539880633354187 1
0.3315593898296356 0
0.6550048589706421 0
0.29310473799705505 0
0.2508038878440857 0
0.6763343214988708 1
0.30610373616218567 0
0.9657604098320007 0
0.6531969904899597 0
0.46155211329460144 0
0.7852388620376587 1
0.2248355597257614 0
0.9774168729782104 0
0.6506384611129761 0
0.6197383403778076 0
0.635108232498169 1
0.6601678729057312 0
0.997596263885498 0
0.31721097230911255 0
0.598464846611023 0
0.6981362104415894 1
0.1963474154472351 0
0.5506937503814697 0
0.6381016969680786 0
0.5955946445465088 0
0.7229637503623962 1
0.2463989108800888 0
0.33912310004234314 0
0.41862422227859497 0
0.4544996917247772 0
0.6680681109428406 1
0.14839228987693787 0
0.346497505903244 0
0.32452988624572754 0
0.45332929491996765 0
0.8896584510803223 1
0.28280001878738403 0
0.5596303343772888 0
0.2865033745765686 0
0.32647550106048584 0
0.6846461296081543 1
0.19107115268707275 0
0.4373543858528137 0
0.18422341346740723 0
0.011298265308141708 0
0.770155668258667 1
0.3289329409599304 0
0.38484057784080505 0
0.08046106994152069 0
0.1691381186246872 0
0.6537827849388123 1
0.01865704357624054 0
0.33107292652130127 0
0.4403197765350342 0
0.1948162317276001 0
0.6581748723983765 1
0.030216006562113762 0
0.12941603362560272 0
0.16281665861606598 0
0.016660185530781746 0
0.3419594466686249 1
0.1774480938911438 0
0.34603798389434814 0
0.036764178425073624 0
0.02536945790052414 0
0.4323767125606537 1
0.33216220140457153 0
0.3333188593387604 0
0.33352646231651306 0
0.23053598403930664 0
0.3697173595428467 1
0.33070120215415955 0
0.33899933099746704 0
0.3354426324367523 0
0.3398364186286926 0
0.3805443048477173 1
0.3346759080886841 0
0.34163281321525574 0
0.07270903140306473 0
0.29150763154029846 0
0.3578951954841614 1
0.09909432381391525 0
0.32665103673934937 0
0.33257174491882324 0
0.03560718521475792 0
0.45416247844696045 1
0.17667776346206665 0
0.2430814951658249 0
0.32951927185058594 0
0.21687553822994232 0
0.650178849697113 1
0.17685425281524658 0
0.3332650661468506 0
0.34379148483276367 0
0.4216328263282776 0
0.7445194721221924 1
0.6455982327461243 0
0.6639044880867004 0
0.598258912563324 0
0.31306004524230957 0
0.8420921564102173 1
0.44737422466278076 0
0.6655913591384888 0
0.46918296813964844 0
0.4677025079727173 0
0.9348756670951843 1
0.401506632566452 0
0.44261449575424194 0
0.27181732654571533 0
0.13590659201145172 0
0.6829239726066589 1
0.33767208456993103 0
0.46245524287223816 0
0.5336789488792419 0
0.12179204076528549 0
0.7545422911643982 1
0.38483697175979614 0
0.6739836931228638 0
0.34445294737815857 0
0.26076120138168335 0
0.9399551153182983 1
0.6865317821502686 0
0.9696943163871765 0
0.6701616644859314 0
0.26544949412345886 0
0.33926960825920105 1
0.7391552925109863 0
0.8939007520675659 0
0.5672224164009094 0
0.6475445628166199 0
0.3557940423488617 1
0.8351253867149353 0
0.9674906134605408 0
0.3265949487686157 0
0.4138330817222595 0
0.561034083366394 1
0.7424324750900269 0
0.9968792200088501 0
0.34620174765586853 0
0.14256232976913452 0
0.404073566198349 1
0.8876022100448608 0
0.9595892429351807 0
0.4745972156524658 0
0.4176582992076874 0
0.46264156699180603 1
0.570824146270752 0
0.9915773272514343 0
0.32361963391304016 0
0.23882775008678436 0
0.7610239386558533 1
0.9276794195175171 0
0.9827374219894409 0
0.6631922721862793 0
0.8882579803466797 0
0.6705710291862488 1
0.3107137084007263 0
0.3316916823387146 0
0.45643001794815063 0
0.3233857750892639 0
0.6688480377197266 1
0.35322272777557373 0
0.3605310916900635 0
0.5974839329719543 0
0.6235708594322205 0
0.9942251443862915 1
0.22665610909461975 0
0.338017076253891 0
0.3213457465171814 0
0.5103038549423218 0
0.5707829594612122 1
0.00034910603426396847 0
0.3308160901069641 0
0.3726343512535095 0
0.04936991259455681 0
0.681581974029541 1
0.18320831656455994 0
0.332319974899292 0
0.3586474359035492 0
0.036989305168390274 0
0.9874836206436157 1
0.49666541814804077 0
0.42759501934051514 0
0.664710521697998 0
0.054541341960430145 0
0.5346113443374634 1
0.36913609504699707 0
0.3357093334197998 0
0.3982454538345337 0
0.3386474847793579 0
0.7948426008224487 1
0.3397256135940552 0
0.39532706141471863 0
0.3447485566139221 0
0.4988324046134949 0
0.6510398387908936 1
0.28664401173591614 0
0.3387260138988495 0
0.187809556722641 0
0.26355695724487305 0
0.6877751350402832 1
0.32526975870132446 0
0.6821498870849609 0
0.04475895315408707 0
0.11425592750310898 0
0.6119017601013184 1
0.3329956829547882 0
0.37537893652915955 0
0.3354201912879944 0
0.05831637233495712 0
0.9120466709136963 1
0.7105090022087097 0
0.9838017225265503 0
0.6687355041503906 0
0.6357288360595703 0
0.5205734968185425 1
0.3339920938014984 0
0.2335452437400818 0
0.37006112933158875 0
0.2975214123725891 0
0.6653772592544556 1
0.24281960725784302 0
0.4953456521034241 0
0.34513601660728455 0
0.31307682394981384 0
0.6514458060264587 1
0.2988908886909485 0
0.6574848294258118 0
0.3230138421058655 0
0.142033189535141 0
0.37003418803215027 1
0.28081685304641724 0
0.11576278507709503 0
0.2604721784591675 0
0.001732317148707807 0
0.6285302639007568 1
0.09306754171848297 0
0.2601349651813507 0
0.3335164189338684 0
0.1187165230512619 0
0.7759240865707397 1
0.47975000739097595 0
0.5508049726486206 0
0.6640008687973022 0
0.13959291577339172 0
