0.6667418479919434 1
0.3260161578655243 0
0.33490872383117676 0
0.12756985425949097 0
0.3961744010448456 0
0.6881978511810303 1
0.10901547968387604 0
0.3517509698867798 0
0.26210924983024597 0
0.6479779481887817 0
0.6552616953849792 1
0.33225899934768677 0
0.33483177423477173 0
0.32292595505714417 0
0.3359343409538269 0
0.8810316920280457 1
0.4756234884262085 0
0.6729263663291931 0
0.28150761127471924 0
0.6118687391281128 0
0.8139939308166504 1
0.865520179271698 0
0.7881261110305786 0
0.5984185934066772 0
0.7150131464004517 0
0.9218580722808838 1
0.9126787185668945 0
0.8436019420623779 0
0.3332754075527191 0
0.6633309125900269 0
0.7343949675559998 1
0.7602248191833496 0
0.9867994785308838 0
0.30751049518585205 0
0.3620728850364685 0
0.6589531898498535 1
0.9486235976219177 0
0.3879869878292084 0
0.33444321155548096 0
0.6428977251052856 0
0.44455522298812866 1
0.9739875793457031 0
0.9893369674682617 0
0.32505014538764954 0
0.3320617377758026 0
0.989490270614624 1
0.30027252435684204 0
0.33065855503082275 0
0.17897801101207733 0
0.6658116579055786 0
0.9414507150650024 1
0.24229702353477478 0
0.11762134730815887 0
0.6352769732475281 0
0.6640794277191162 0
0.7889165282249451 1
0.3253142237663269 0
0.33285725116729736 0
0.4596855044364929 0
0.7189366817474365 0
0.8763593435287476 1
0.32862669229507446 0
0.33921629190444946 0
0.25450021028518677 0
0.2881126403808594 0
0.714596688747406 1
0.9883270263671875 0
0.9653773307800293 0
0.45212429761886597 0
0.929705798625946 0
0.6889469027519226 1
0.32298487424850464 0
0.3419268727302551 0
0.3458254933357239 0
0.6712253093719482 0
0.7076367735862732 1
0.42142459750175476 0
0.6946176290512085 0
0.2853636145591736 0
0.29443663358688354 0
0.8703312277793884 1
0.6566663980484009 0
0.6618876457214355 0
0.9782825708389282 0
0.6494368314743042 0
0.8163914680480957 1
0.37027785181999207 0
0.6703376173973083 0
0.5151503682136536 0
0.6750012636184692 0
0.5694988369941711 1
0.0018512102542445064 0
0.02025623247027397 0
0.1618465632200241 0
0.3593164384365082 0
0.5694157481193542 1
0.005222966428846121 0
0.13572391867637634 0
0.10214926302433014 0
0.19234338402748108 0
0.6145391464233398 1
0.026932235807180405 0
0.3278924822807312 0
0.13266047835350037 0
0.11431097984313965 0
0.6707393527030945 1
0.07664353400468826 0
0.7088761329650879 0
0.34099897742271423 0
0.0053054592572152615 0
0.6677014231681824 1
0.11660641431808472 0
0.6604666113853455 0
0.20598387718200684 0
0.07131980359554291 0
0.6564699411392212 1
0.27709096670150757 0
0.6377765536308289 0
0.10600583255290985 0
0.07599245756864548 0
0.6651663184165955 1
0.04539428651332855 0
0.9719613790512085 0
0.6399917602539062 0
0.48255258798599243 0
0.668584942817688 1
0.06640788912773132 0
0.9860946536064148 0
0.6134757995605469 0
0.6124972105026245 0
0.6636271476745605 1
0.7430274486541748 0
0.9887401461601257 0
0.19837164878845215 0
0.29057765007019043 0
0.6658000946044922 1
0.038361623883247375 0
0.4123597741127014 0
0.5997194051742554 0
0.39797157049179077 0
0.6725125312805176 1
0.025594379752874374 0
0.3344112038612366 0
0.3423948884010315 0
0.29268497228622437 0
0.6623729467391968 1
0.02372729405760765 0
0.34669238328933716 0
0.2948013246059418 0
0.29239457845687866 0
0.6902444362640381 1
0.10539171099662781 0
0.4742969274520874 0
0.05845858156681061 0
0.2890585660934448 0
0.6716419458389282 1
0.052644431591033936 0
0.31130412220954895 0
0.0888119637966156 0
0.00903782807290554 0
0.6786494255065918 1
0.25721657276153564 0
0.34948593378067017 0
0.04039899259805679 0
0.08940141648054123 0
0.6506031155586243 1
0.00965840183198452 0
0.23184101283550262 0
0.31473055481910706 0
0.10395663976669312 0
0.6597578525543213 1
0.002806043950840831 0
0.04533395916223526 0
0.07108470797538757 0
0.0038979125674813986 0
0.43522077798843384 1
0.07142487168312073 0
0.29001888632774353 0
0.012430574744939804 0
0.008207587525248528 0
0.3604065179824829 1
0.325423926115036 0
0.3331705629825592 0
0.3332709074020386 0
0.08049363642930984 0
0.36190634965896606 1
0.2462807148694992 0
0.3395810127258301 0
0.3349505662918091 0
0.34686893224716187 0
0.3717430531978607 1
0.33202940225601196 0
0.3346220850944519 0
0.04893098026514053 0
0.26695311069488525 0
0.33964020013809204 1
0.038512520492076874 0
0.3233308494091034 0
0.33159956336021423 0
0.007492104545235634 0
0.45841309428215027 1
0.04534859582781792 0
0.1353902369737625 0
0.32182037830352783 0
0.22689394652843475 0
0.6491206288337708 1
0.04495535045862198 0
0.3193175196647644 0
0.3330429792404175 0
0.26605236530303955 0
0.6779031157493591 1
0.678055465221405 0
0.6807901859283447 0
0.50636225938797 0
0.1642870157957077 0
0.6757646799087524 1
0.486270546913147 0
0.6396685242652893 0
0.3406860828399658 0
0.4805235266685486 0
0.7630996108055115 1
0.39801377058029175 0
0.3588463068008423 0
0.19907552003860474 0
0.2308720201253891 0
0.6773465871810913 1
0.24719688296318054 0
0.3771969974040985 0
0.531277060508728 0
0.01418028213083744 0
0.6944736838340759 1
0.3473791480064392 0
0.7726048827171326 0
0.33640679717063904 0
0.07367793470621109 0
0.869464635848999 1
0.6718363165855408 0
0.9183884859085083 0
0.6669987440109253 0
0.028221052139997482 0
0.33684226870536804 1
0.9661204218864441 0
0.9748706221580505 0
0.6138643622398376 0
0.5170518159866333 0
0.40109679102897644 1
0.8329346179962158 0
0.9892048835754395 0
0.30726492404937744 0
0.34551119804382324 0
0.498372882604599 1
0.8350763320922852 0
0.9931280016899109 0
0.3253636360168457 0
0.2101282775402069 0
0.5034188628196716 1
0.8241555690765381 0
0.9902561902999878 0
0.4814726710319519 0
0.06438843905925751 0
0.5248994827270508 1
0.7624909281730652 0
0.9450594782829285 0
0.28858426213264465 0
0.09062574803829193 0
0.6523106098175049 1
0.6982978582382202 0
0.8061016798019409 0
0.6183491349220276 0
0.7425681948661804 0
0.6753039360046387 1
0.3119128346443176 0
0.33111923933029175 0
0.3551504611968994 0
0.1940334439277649 0
0.6514148116111755 1
0.33552080392837524 0
0.3398183286190033 0
0.6430308818817139 0
0.6299980878829956 0
0.9594789743423462 1
0.18288666009902954 0
0.3318708837032318 0
0.30802053213119507 0
0.412042498588562 0
0.6387871503829956 1
0.0003250328009016812 0
0.32358241081237793 0
0.3478342294692993 0
0.004074313677847385 0
0.6820361018180847 1
0.05104262754321098 0
0.3318924009799957 0
0.33873412013053894 0
0.03065630793571472 0
0.9720568656921387 1
0.3312636613845825 0
0.3027808666229248 0
0.6467944383621216 0
0.027545727789402008 0
0.4849124550819397 1
0.34800493717193604 0
0.33515363931655884 0
0.36882954835891724 0
0.3199051022529602 0
0.6988710165023804 1
0.33369964361190796 0
0.38990792632102966 0
0.3694429099559784 0
0.5339365005493164 0
0.6150472164154053 1
0.1597060114145279 0
0.3339688181877136 0
0.21736761927604675 0
0.22996380925178528 0
0.673109233379364 1
0.32487916946411133 0
0.6887668371200562 0
0.004397396929562092 0
0.0951041504740715 0
0.6539888978004456 1
0.33199799060821533 0
0.385852575302124 0
0.3331069350242615 0
0.09881117194890976 0
0.7920442819595337 1
0.6753334999084473 0
0.9406492114067078 0
0.6825459003448486 0
0.46252912282943726 0
0.6410115957260132 1
0.3266998529434204 0
0.322492390871048 0
0.38101625442504883 0
0.026146678254008293 0
0.6763023138046265 1
0.1215282678604126 0
0.6242620944976807 0
0.3476186990737915 0
0.27592933177948 0
0.6607159376144409 1
0.19594770669937134 0
0.6697115302085876 0
0.3292714059352875 0
0.1535535454750061 0
0.3652834892272949 1
0.177762970328331 0
0.029368756338953972 0
0.2261561006307602 0
0.00022151716984808445 0
0.6807434558868408 1
0.05912395939230919 0
0.36638376116752625 0
0.3290743827819824 0
0.03447406366467476 0
0.808177649974823 1
0.3026266396045685 0
0.7178159952163696 0
0.6626707315444946 0
0.03541196137666702 0
