0.9989385604858398 1
0.19882957637310028 0
0.3625081479549408 0
0.049291081726551056 0
0.3256775140762329 0
0.9532331228256226 1
0.1173313558101654 0
0.7396408319473267 0
0.4350593090057373 0
0.9629811644554138 0
0.9999334216117859 1
0.5794826745986938 0
0.912273108959198 0
0.2871602773666382 0
0.2674800753593445 0
0.9996647238731384 1
0.624619722366333 0
0.7737187743186951 0
0.6361064910888672 0
0.9109705686569214 0
0.9935886263847351 1
0.7304141521453857 0
0.9323107004165649 0
0.9848417639732361 0
0.9929863810539246 0
0.9998552799224854 1
0.9728319048881531 0
0.9971083402633667 0
0.9380716681480408 0
0.9672845602035522 0
0.9865517020225525 1
0.8951837420463562 0
0.9852360486984253 0
0.08320466428995132 0
0.08754851669073105 0
0.9948129653930664 1
0.6522675156593323 0
0.08209853619337082 0
0.062173500657081604 0
0.8642518520355225 0
0.9879132509231567 1
0.9953440427780151 0
0.9981412887573242 0
0.021821236237883568 0
0.140239417552948 0
0.9996251463890076 1
0.2702294588088989 0
0.7852064967155457 0
0.22755327820777893 0
0.8625099658966064 0
0.9929242134094238 1
0.6586363315582275 0
0.578941822052002 0
0.8331508636474609 0
0.9589409232139587 0
0.9996719360351562 1
0.9072627425193787 0
0.8945791125297546 0
0.8697001338005066 0
0.9955883026123047 0
0.9976686239242554 1
0.04565881937742233 0
0.027814146131277084 0
0.043153535574674606 0
0.04244726896286011 0
0.9981757402420044 1
0.9687187671661377 0
0.9991111755371094 0
0.9658340811729431 0
0.9969472885131836 0
0.9998600482940674 1
0.4175224304199219 0
0.16330760717391968 0
0.36934882402420044 0
0.9807512164115906 0
0.9976109266281128 1
0.06282567232847214 0
0.06610137969255447 0
0.6244748830795288 0
0.8079594373703003 0
0.9975942969322205 1
0.11873260140419006 0
0.005097642540931702 0
0.999203085899353 0
0.7522599101066589 0
0.9999434351921082 1
0.0072017512284219265 0
0.4309045672416687 0
0.9651793837547302 0
0.6881229877471924 0
0.853731632232666 1
0.00022440704924520105 0
0.0005543743609450758 0
0.015826281160116196 0
0.008445722050964832 0
0.9839209318161011 1
0.004393201787024736 0
0.1129232868552208 0
0.004796462133526802 0
0.013309753499925137 0
0.9395865201950073 1
0.006116627715528011 0
0.06799718737602234 0
0.013301233761012554 0
0.06084328517317772 0
0.9996747374534607 1
0.004405667074024677 0
0.9196832180023193 0
0.04835095629096031 0
0.0026013271417468786 0
0.9967285394668579 1
0.006203996948897839 0
0.9212363958358765 0
0.028395935893058777 0
0.05153536796569824 0
0.9815844297409058 1
0.052083056420087814 0
0.7762452960014343 0
0.008886005729436874 0
0.01297052949666977 0
0.9899395704269409 1
0.008839404210448265 0
0.6067983508110046 0
0.4248247742652893 0
0.09138606488704681 0
0.9981168508529663 1
0.022088799625635147 0
0.9530856013298035 0
0.09865733236074448 0
0.22246575355529785 0
0.935843825340271 1
0.6338187456130981 0
0.9965147376060486 0
0.02954898402094841 0
0.05093621835112572 0
0.9751687049865723 1
0.0038687479682266712 0
0.11220800876617432 0
0.48541638255119324 0
0.013683721423149109 0
0.999488353729248 1
0.015605418011546135 0
0.3964036703109741 0
0.40015095472335815 0
0.01172217633575201 0
0.995297908782959 1
0.005617890506982803 0
0.07628332078456879 0
0.082675039768219 0
0.10010360926389694 0
0.998616635799408 1
0.0016712857177481055 0
0.03770707547664642 0
0.001209205249324441 0
0.012709795497357845 0
0.9977344870567322 1
0.0065768505446612835 0
0.07640910893678665 0
0.05117466300725937 0
0.0021564196795225143 0
0.988010823726654 1
0.009663503617048264 0
0.11197921633720398 0
0.0023431112058460712 0
0.026561882346868515 0
0.103736013174057 1
0.0007071553263813257 0
0.003891690168529749 0
0.009969785809516907 0
0.005125476513057947 0
0.8899548053741455 1
0.00017026746354531497 0
0.0020601858850568533 0
0.0491027906537056 0
0.004425400402396917 0
0.9326348304748535 1
0.001079828361980617 0
0.007946997880935669 0
0.009397851303219795 0
0.005562114994972944 0
0.9210171103477478 1
0.02663714438676834 0
0.8681082725524902 0
0.2133135050535202 0
0.0074773021042346954 0
0.7793731689453125 1
0.015828898176550865 0
0.9094761610031128 0
0.8564625978469849 0
0.0243969913572073 0
0.9678119421005249 1
0.7224151492118835 0
0.8678941130638123 0
0.38340210914611816 0
0.5228923559188843 0
0.46442633867263794 1
0.0006737721851095557 0
0.0427427664399147 0
0.20033083856105804 0
0.0032806878443807364 0
0.5516209602355957 1
0.0008247512741945684 0
0.0056529114954173565 0
0.003705056384205818 0
0.00034875149140134454 0
0.943414568901062 1
0.0004000400076620281 0
0.021796565502882004 0
0.007521017920225859 0
0.006276813801378012 0
0.9988373517990112 1
0.4115431308746338 0
0.9965814352035522 0
0.9037289023399353 0
0.0005728650721721351 0
0.9998856782913208 1
0.06510841101408005 0
0.9873375296592712 0
0.9614614844322205 0
0.2062987983226776 0
0.998349666595459 1
0.7534739375114441 0
0.9309672117233276 0
0.5171799063682556 0
0.10866940021514893 0
0.9989584684371948 1
0.00042707653483375907 0
0.007414927240461111 0
0.5257461071014404 0
0.0004426008672453463 0
0.9979643821716309 1
0.000702311284840107 0
0.8056559562683105 0
0.0577196404337883 0
4.758748400490731e-05 0
0.9880799651145935 1
0.10494702309370041 0
0.8978528380393982 0
0.9578298330307007 0
0.002975412644445896 0
0.899116039276123 1
0.9230141639709473 0
0.6637910604476929 0
0.8373949527740479 0
0.19912020862102509 0
0.4479145407676697 1
0.987980842590332 0
0.9958197474479675 0
0.03909986466169357 0
0.15058641135692596 0
0.5990296006202698 1
0.8322361707687378 0
0.9974327087402344 0
0.665369987487793 0
0.23311620950698853 0
0.9064595103263855 1
0.9694795608520508 0
0.8506542444229126 0
0.1400463879108429 0
0.006068284623324871 0
0.3933905065059662 1
0.22116497159004211 0
0.9946808218955994 0
0.0026283187326043844 0
0.0008461385732516646 0
0.9702897071838379 1
0.7684986591339111 0
0.9816234111785889 0
0.1718302071094513 0
0.47937291860580444 0
0.9982866644859314 1
0.0023264859337359667 0
0.9799524545669556 0
0.2220335602760315 0
8.691236143931746e-05 0
0.8748875856399536 1
0.07279698550701141 0
0.9945293664932251 0
0.44257986545562744 0
0.7818248271942139 0
0.9963963031768799 1
0.5119231939315796 0
0.8266245722770691 0
0.7898526191711426 0
0.9601344466209412 0
0.7689865827560425 1
0.00038531061727553606 0
0.08077052235603333 0
0.5392715334892273 0
0.0002034008939517662 0
0.9699358940124512 1
0.0013328476343303919 0
0.19032585620880127 0
0.0013292073272168636 0
5.206769492360763e-05 0
0.9967822432518005 1
0.0014303887728601694 0
0.8143806457519531 0
0.11599110811948776 0
0.0027375873178243637 0
0.9953028559684753 1
0.5259952545166016 0
0.6988150477409363 0
0.42724868655204773 0
0.024782320484519005 0
0.9972048997879028 1
0.06182639300823212 0
0.5985404849052429 0
0.9093491435050964 0
0.7758146524429321 0
0.9762773513793945 1
0.23365795612335205 0
0.5148830413818359 0
0.6756719350814819 0
0.10705222189426422 0
0.9995059370994568 1
0.0026510474272072315 0
0.8431755900382996 0
0.00010846139048226178 0
0.0017989275511354208 0
0.931757390499115 1
0.0014178636483848095 0
0.05583816021680832 0
0.002111424459144473 0
0.00021379676763899624 0
0.9654058814048767 1
0.27556151151657104 0
0.9283088445663452 0
0.2303783893585205 0
0.015518171712756157 0
0.07622171938419342 1
0.0007288737688213587 0
0.9039595127105713 0
0.05304960533976555 0
9.50988833210431e-05 0
0.974050760269165 1
0.0007297075353562832 0
0.8718841075897217 0
0.3423689305782318 0
0.05414150655269623 0
0.9942161440849304 1
0.03441572189331055 0
0.8976002931594849 0
0.8278438448905945 0
0.38241323828697205 0
0.005741472356021404 1
8.416605851380154e-05 0
0.00027088605565950274 0
0.08715300261974335 0
8.10095589258708e-05 0
0.2739744782447815 1
0.0007304685423150659 0
0.001763364765793085 0
0.0017378183547407389 0
6.101385224610567e-05 0
0.669691801071167 1
0.0011789477430284023 0
0.0045153191313147545 0
0.0313878059387207 0
0.0011426685377955437 0
