0.6868807077407837 1
0.3099556863307953 0
0.3323395550251007 0
0.04140893742442131 0
0.330574095249176 0
0.644497811794281 1
0.06558392196893692 0
0.3604181408882141 0
0.2663057744503021 0
0.5349754095077515 0
0.4933333396911621 1
0.3211893141269684 0
0.3363454341888428 0
0.28508320450782776 0
0.3326413631439209 0
0.9463056325912476 1
0.5727522373199463 0
0.8419885039329529 0
0.1558377593755722 0
0.5932562947273254 0
0.9684297442436218 1
0.8714706301689148 0
0.8361899256706238 0
0.45897290110588074 0
0.8205264806747437 0
0.9897387027740479 1
0.9476078748703003 0
0.9106979370117188 0
0.32651835680007935 0
0.6276196241378784 0
0.767457127571106 1
0.5724321007728577 0
0.9709583520889282 0
0.304628849029541 0
0.22675156593322754 0
0.6805092692375183 1
0.9042625427246094 0
0.4437691867351532 0
0.3282007873058319 0
0.6441640257835388 0
0.470119446516037 1
0.8097612261772156 0
0.9789633750915527 0
0.3155321478843689 0
0.33541569113731384 0
0.9944688677787781 1
0.12632732093334198 0
0.3172101378440857 0
0.049939557909965515 0
0.660325288772583 0
0.981278657913208 1
0.18925385177135468 0
0.09761570394039154 0
0.6163137555122375 0
0.6894716620445251 0
0.9496651887893677 1
0.3281669616699219 0
0.3330136835575104 0
0.35003793239593506 0
0.7325577139854431 0
0.91845703125 1
0.3345874547958374 0
0.34260016679763794 0
0.09320728480815887 0
0.3389708995819092 0
0.8871108293533325 1
0.9911772608757019 0
0.9929579496383667 0
0.3556761145591736 0
0.9603518843650818 0
0.7205035090446472 1
0.32226210832595825 0
0.3454286456108093 0
0.3357696235179901 0
0.4957142472267151 0
0.6941789388656616 1
0.22225110232830048 0
0.6061326265335083 0
0.26370829343795776 0
0.08739562332630157 0
0.9194158911705017 1
0.7049330472946167 0
0.6643835306167603 0
0.9434930682182312 0
0.7082147002220154 0
0.881139874458313 1
0.2399011254310608 0
0.6028397679328918 0
0.3788694143295288 0
0.567233681678772 0
0.6392253041267395 1
0.0015151966363191605 0
0.025599420070648193 0
0.1839248389005661 0
0.31857550144195557 0
0.6067491769790649 1
0.02805352210998535 0
0.3187457323074341 0
0.08474823832511902 0
0.29681313037872314 0
0.5086731314659119 1
0.09112980961799622 0
0.3366886079311371 0
0.24901390075683594 0
0.2236832082271576 0
0.6676856279373169 1
0.1649181842803955 0
0.7167212963104248 0
0.3303057849407196 0
0.03232196718454361 0
0.6708592772483826 1
0.1433844119310379 0
0.661665141582489 0
0.24627374112606049 0
0.19808457791805267 0
0.5777439475059509 1
0.30780932307243347 0
0.6502944827079773 0
0.23902229964733124 0
0.2327532023191452 0
0.6583633422851562 1
0.1515667736530304 0
0.9494390487670898 0
0.6317822337150574 0
0.45018309354782104 0
0.6965372562408447 1
0.13684985041618347 0
0.9673025012016296 0
0.5472791194915771 0
0.5584594011306763 0
0.36630529165267944 1
0.20612727105617523 0
0.9807779788970947 0
0.3136771321296692 0
0.5306602120399475 0
0.6625279188156128 1
0.06543562561273575 0
0.41724926233291626 0
0.5525703430175781 0
0.5372624397277832 0
0.6996204853057861 1
0.13425755500793457 0
0.33523473143577576 0
0.35401472449302673 0
0.3587256669998169 0
0.660822868347168 1
0.0466819666326046 0
0.3387475609779358 0
0.28654584288597107 0
0.3522959351539612 0
0.7223409414291382 1
0.17451179027557373 0
0.43204960227012634 0
0.14564573764801025 0
0.3032895624637604 0
0.6757006645202637 1
0.15669016540050507 0
0.3812333345413208 0
0.22169409692287445 0
0.009982822462916374 0
0.7239524722099304 1
0.28840383887290955 0
0.3193022608757019 0
0.10000862926244736 0
0.14978036284446716 0
0.6057350635528564 1
0.010734441690146923 0
0.20284514129161835 0
0.32542604207992554 0
0.11388205736875534 0
0.633686900138855 1
0.01228797622025013 0
0.0271456278860569 0
0.10984872281551361 0
0.025423210114240646 0
0.35475611686706543 1
0.06859564781188965 0
0.2935752272605896 0
0.030464915558695793 0
0.030922293663024902 0
0.3707340359687805 1
0.32596555352211 0
0.332542359828949 0
0.3333970010280609 0
0.1466771811246872 0
0.3435535430908203 1
0.1582818329334259 0
0.3333154320716858 0
0.24366813898086548 0
0.3198743760585785 0
0.3529127836227417 1
0.31248319149017334 0
0.3357027471065521 0
0.06567138433456421 0
0.287631094455719 0
0.3404385447502136 1
0.013350806199014187 0
0.27305537462234497 0
0.32932576537132263 0
0.028287818655371666 0
0.45808979868888855 1
0.03202154487371445 0
0.08960326761007309 0
0.28062593936920166 0
0.10886552929878235 0
0.6415285468101501 1
0.02721085399389267 0
0.30720770359039307 0
0.32363229990005493 0
0.39630305767059326 0
0.785307765007019 1
0.6428960561752319 0
0.6779055595397949 0
0.4614808261394501 0
0.23033955693244934 0
0.7356745004653931 1
0.2757680118083954 0
0.6407715082168579 0
0.38197049498558044 0
0.3481322228908539 0
0.9507458209991455 1
0.3992171287536621 0
0.4757431745529175 0
0.21512573957443237 0
0.25717467069625854 0
0.6753883361816406 1
0.1967391073703766 0
0.36128056049346924 0
0.4672757089138031 0
0.03811118006706238 0
0.6874182224273682 1
0.27388590574264526 0
0.6872879266738892 0
0.33280467987060547 0
0.06768956780433655 0
0.9068690538406372 1
0.6605578660964966 0
0.9387717247009277 0
0.6636117696762085 0
0.19832567870616913 0
0.33411282300949097 1
0.6582599878311157 0
0.880425214767456 0
0.5773996710777283 0
0.5889387130737305 0
0.3448048532009125 1
0.5143432021141052 0
0.8861260414123535 0
0.22432059049606323 0
0.3657812774181366 0
0.47152024507522583 1
0.5004150867462158 0
0.9896824359893799 0
0.05522490292787552 0
0.12275956571102142 0
0.4429038465023041 1
0.7472049593925476 0
0.9662261009216309 0
0.4875555634498596 0
0.4210464656352997 0
0.38027724623680115 1
0.5768847465515137 0
0.8404703140258789 0
0.2988748550415039 0
0.08056491613388062 0
0.6796154975891113 1
0.6771342158317566 0
0.8374789953231812 0
0.6548145413398743 0
0.6990439295768738 0
0.7965549826622009 1
0.31076139211654663 0
0.15248216688632965 0
0.606072187423706 0
0.24200354516506195 0
0.6933741569519043 1
0.3068106472492218 0
0.3496096134185791 0
0.4985139071941376 0
0.5358434915542603 0
0.9964264631271362 1
0.030732907354831696 0
0.33273959159851074 0
0.30629515647888184 0
0.4282369017601013 0
0.6453673839569092 1
0.00012083520414307714 0
0.3254547119140625 0
0.4908687472343445 0
0.014443991705775261 0
0.6845735311508179 1
0.048660680651664734 0
0.3285541534423828 0
0.3335483968257904 0
0.024534359574317932 0
0.9869896769523621 1
0.2938231825828552 0
0.11446513235569 0
0.6605291366577148 0
0.05395221710205078 0
0.45540761947631836 1
0.34302258491516113 0
0.33448106050491333 0
0.36615416407585144 0
0.3346026539802551 0
0.7292194366455078 1
0.31601482629776 0
0.3483887314796448 0
0.34745192527770996 0
0.3866833448410034 0
0.6309295892715454 1
0.09054022282361984 0
0.3332805931568146 0
0.2530200481414795 0
0.2594095468521118 0
0.6804807186126709 1
0.3167405128479004 0
0.6895334720611572 0
0.033271823078393936 0
0.09576120227575302 0
0.6468781232833862 1
0.32225286960601807 0
0.38988444209098816 0
0.332396000623703 0
0.03148123621940613 0
0.8203485012054443 1
0.706303596496582 0
0.9813920259475708 0
0.6625818014144897 0
0.6313027143478394 0
0.4820730686187744 1
0.32492688298225403 0
0.2534402906894684 0
0.3555030822753906 0
0.0772334635257721 0
0.7567088603973389 1
0.021901261061429977 0
0.3722163438796997 0
0.28385141491889954 0
0.20541642606258392 0
0.5050091743469238 1
0.08557528257369995 0
0.6497921943664551 0
0.278087317943573 0
0.10010015219449997 0
0.3799249827861786 1
0.08415874093770981 0
0.02096775732934475 0
0.23627738654613495 0
0.0007860404439270496 0
0.6350545287132263 1
0.013628227636218071 0
0.12799674272537231 0
0.33030083775520325 0
0.025143835693597794 0
0.7570163011550903 1
0.17131301760673523 0
0.6017928123474121 0
0.583196222782135 0
0.03074657917022705 0
