0.11473610252141953 1
0.4008193910121918 1
0.07048502564430237 1
0.25839659571647644 1
0.0310668982565403 1
0.4724879860877991 1
0.6538379788398743 1
0.03561973571777344 1
0.4632258117198944 1
0.13023515045642853 1
0.37179362773895264 1
0.3163844347000122 1
0.3965035080909729 1
0.5988647937774658 1
0.977065920829773 1
0.6364212036132812 1
0.006892673671245575 1
0.3968222141265869 1
0.09136378020048141 1
0.9224457740783691 1
0.31546729803085327 1
0.7879931926727295 1
0.6341043710708618 1
0.0013514551101252437 0
0.0009553495328873396 0
0.3705871105194092 0
0.0005417956854216754 0
0.010253330692648888 0
0.32782042026519775 0
0.00032701806048862636 0
0.00047401624033227563 0
0.10331114381551743 0
0.020471081137657166 0
0.0014969345647841692 0
0.7951540350914001 0
0.00010457812459208071 0
0.00016007415251806378 0
0.6512765288352966 0
0.00026191602228209376 0
0.00017865208792500198 0
0.3632614016532898 0
0.00015950779197737575 0
0.002235918305814266 0
0.41722163558006287 0
0.0026380838826298714 0
0.0010324260219931602 0
0.33014577627182007 0
0.000201906354050152 0
0.004247493110597134 0
0.32183876633644104 0
0.0004456736787687987 0
0.0009805860463529825 0
0.31349486112594604 0
0.0008760148193687201 0
0.003294833702966571 0
0.3210330605506897 0
0.005746742244809866 0
0.008097043260931969 0
0.3395676016807556 0
0.001963364891707897 0
0.0010085657704621553 0
0.3061451315879822 0
0.001229904592037201 0
0.0034988182596862316 0
0.33550411462783813 0
0.0021300995722413063 0
0.0020165429450571537 0
0.3660834729671478 0
0.003035780508071184 0
0.0015470631187781692 0
0.3690398633480072 0
0.014170780777931213 0
0.002781084505841136 0
0.39959943294525146 0
0.00019191250612493604 0
0.008331422694027424 0
0.33231836557388306 0
0.00019064906518906355 0
0.0003920135204680264 0
0.34281396865844727 0
0.004309931769967079 0
0.002559588523581624 0
0.5316421985626221 0
0.0024721925146877766 0
0.008274681866168976 0
0.2505534291267395 0
0.0019908652175217867 0
0.0020542398560792208 0
0.6929430961608887 0
0.05176969990134239 0
0.0005917453090660274 0
0.6205337643623352 0
0.703812301158905 1
0.7861325740814209 1
0.29248708486557007 1
0.6787168979644775 1
0.7896968126296997 1
0.7419125437736511 1
0.9516991376876831 1
0.9500596523284912 1
0.7986820936203003 1
0.3256932199001312 1
0.38750380277633667 1
0.8136436343193054 1
0.32514825463294983 1
0.34141096472740173 1
0.3543616235256195 1
0.31715863943099976 1
0.8479458093643188 1
0.20974984765052795 1
0.2841258645057678 1
0.2618539333343506 1
0.6624929308891296 1
0.4377104640007019 1
0.5938992500305176 1
