0.9990898966789246 1
0.10304706543684006 0
0.14306402206420898 0
0.07571867108345032 0
0.7551120519638062 0
0.9826834201812744 1
0.06388603895902634 0
0.8087341785430908 0
0.28452736139297485 0
0.9984159469604492 0
0.9997996091842651 1
0.10008350014686584 0
0.6772341132164001 0
0.23793727159500122 0
0.2638915181159973 0
0.9999394416809082 1
0.23676469922065735 0
0.9588683843612671 0
0.18710476160049438 0
0.975378155708313 0
0.9806062579154968 1
0.7152289748191833 0
0.8825362920761108 0
0.9459545612335205 0
0.9813153743743896 0
0.9999338984489441 1
0.9337334632873535 0
0.9981233477592468 0
0.6213730573654175 0
0.9983074069023132 0
0.9760338664054871 1
0.01256396621465683 0
0.7010578513145447 0
0.015185978263616562 0
0.14479130506515503 0
0.9996542930603027 1
0.01459421869367361 0
0.0030829343013465405 0
0.00460410863161087 0
0.8727066516876221 0
0.9990834593772888 1
0.4245816171169281 0
0.8538122177124023 0
0.000248640775680542 0
0.3452278971672058 0
0.9999431371688843 1
0.04527192562818527 0
0.5153177976608276 0
0.019622202962636948 0
0.976677656173706 0
0.9936774969100952 1
0.6116349101066589 0
0.08465909957885742 0
0.9121360778808594 0
0.962491512298584 0
0.9997941255569458 1
0.4424266815185547 0
0.3551637828350067 0
0.7179092764854431 0
0.9981060028076172 0
0.9997572898864746 1
0.01923638954758644 0
0.0019686261657625437 0
0.19345250725746155 0
0.3479684591293335 0
0.9987449645996094 1
0.9947208762168884 0
0.9968717098236084 0
0.9792858958244324 0
0.9981932640075684 0
0.9999614953994751 1
0.7842144966125488 0
0.026747368276119232 0
0.9463066458702087 0
0.9730241298675537 0
0.9990503191947937 1
0.14060574769973755 0
0.7803553342819214 0
0.8709170818328857 0
0.8514739871025085 0
0.9951063394546509 1
0.14829431474208832 0
0.022093264386057854 0
0.9997438192367554 0
0.7027075290679932 0
0.9998328685760498 1
0.004745606333017349 0
0.3343612551689148 0
0.9718770980834961 0
0.5201009511947632 0
0.9971460103988647 1
0.00010331982048228383 0
0.012347323819994926 0
0.37860381603240967 0
0.04553617537021637 0
0.9994022846221924 1
0.0010339678265154362 0
0.24925068020820618 0
0.03286406397819519 0
0.033397089689970016 0
0.9882644414901733 1
0.0010077334009110928 0
0.0520944707095623 0
0.014270300976932049 0
0.016016393899917603 0
0.9999750852584839 1
0.029334429651498795 0
0.9901837110519409 0
0.16055786609649658 0
0.0070869335904717445 0
0.999544084072113 1
0.026461854577064514 0
0.9754461646080017 0
0.022265871986746788 0
0.025628915056586266 0
0.9994598627090454 1
0.02517618052661419 0
0.9267279505729675 0
0.0021797269582748413 0
0.006182413548231125 0
0.9994608759880066 1
0.0029318914748728275 0
0.9808516502380371 0
0.8589080572128296 0
0.29413941502571106 0
0.9998934268951416 1
0.010580891743302345 0
0.9068394899368286 0
0.5610100030899048 0
0.8719085454940796 0
0.994703471660614 1
0.08654137700796127 0
0.9855048656463623 0
0.014386052265763283 0
0.043623968958854675 0
0.999158501625061 1
0.003143445122987032 0
0.86041259765625 0
0.8830946683883667 0
0.048921551555395126 0
0.9999328851699829 1
0.0077078379690647125 0
0.4686175286769867 0
0.8655753135681152 0
0.05058581382036209 0
0.9983987212181091 1
0.002052574884146452 0
0.06756757944822311 0
0.04622248560190201 0
0.05462805554270744 0
0.9999303817749023 1
0.00822493713349104 0
0.20585095882415771 0
0.001431422308087349 0
0.0582197830080986 0
0.9999250769615173 1
0.04408847540616989 0
0.16396312415599823 0
0.08007556945085526 0
0.00023613280791323632 0
0.9996881484985352 1
0.008700946345925331 0
0.12719720602035522 0
0.0008414617041125894 0
0.001462126150727272 0
0.9634017944335938 1
0.0007331023225560784 0
0.09135287255048752 0
0.02105017378926277 0
0.002349721034988761 0
0.9968352317810059 1
0.00016030835104174912 0
0.0013092340668663383 0
0.028003085404634476 0
0.0024871453642845154 0
0.9420686960220337 1
0.001045921235345304 0
0.027606576681137085 0
0.00014051439939066768 0
0.00021040436695329845 0
0.994897723197937 1
0.004457890521734953 0
0.39163821935653687 0
0.5369224548339844 0
0.0016200182726606727 0
0.9970630407333374 1
0.002143224235624075 0
0.77496737241745 0
0.9523059725761414 0
0.6412814855575562 0
0.9635404348373413 1
0.6408215761184692 0
0.848879337310791 0
0.6713122725486755 0
0.8779562711715698 0
0.8406804800033569 1
0.00020987979951314628 0
0.014218868687748909 0
0.504997968673706 0
0.0004696263640653342 0
0.9876260757446289 1
0.00041505199624225497 0
0.004273766186088324 0
0.11472037434577942 0
1.848230567702558e-05 0
0.9612786769866943 1
0.00012955615238752216 0
0.02098631113767624 0
0.008204717189073563 0
0.008026257157325745 0
0.9986991286277771 1
0.054334498941898346 0
0.9995826482772827 0
0.9942835569381714 0
0.000191395083675161 0
0.9999102354049683 1
0.024434518069028854 0
0.9965167045593262 0
0.9895824193954468 0
0.33760523796081543 0
0.9993998408317566 1
0.9318558573722839 0
0.970861554145813 0
0.10459663718938828 0
0.6422820687294006 0
0.9999775886535645 1
0.0001394251303281635 0
0.013163413852453232 0
0.9237171411514282 0
1.1322949831082951e-05 0
0.9998060464859009 1
0.0012976543512195349 0
0.9798845052719116 0
0.5065033435821533 0
0.0001692760270088911 0
0.989489734172821 1
0.09085826575756073 0
0.9653255939483643 0
0.9783830046653748 0
0.014368100091814995 0
0.9904441833496094 1
0.0537426695227623 0
0.14260797202587128 0
0.15735074877738953 0
0.10902929306030273 0
0.8452364802360535 1
0.2611451745033264 0
0.6853678226470947 0
0.0019073991570621729 0
0.051308147609233856 0
0.763993501663208 1
0.20148110389709473 0
0.9359844923019409 0
0.3322164714336395 0
0.45902204513549805 0
0.945867657661438 1
0.32728633284568787 0
0.06711192429065704 0
0.04043895751237869 0
0.0031041810289025307 0
0.959227442741394 1
0.03351839631795883 0
0.7673047780990601 0
0.0007486373069696128 0
0.0005150963552296162 0
0.9984166026115417 1
0.11197702586650848 0
0.16453514993190765 0
0.05323592573404312 0
0.6688689589500427 0
0.9923610687255859 1
0.0006660469807684422 0
0.6270405054092407 0
0.7262274026870728 0
0.005530220922082663 0
0.9939154386520386 1
0.0396403893828392 0
0.9918768405914307 0
0.9120323061943054 0
0.8344427943229675 0
0.9986897706985474 1
0.08541262149810791 0
0.719151496887207 0
0.16180911660194397 0
0.9779351949691772 0
0.9089463949203491 1
6.611512071685866e-05 0
0.009477028623223305 0
0.8867523074150085 0
0.0004903305089101195 0
0.9976021647453308 1
0.000444857869297266 0
0.11122123897075653 0
0.797561526298523 0
1.9355509721208364e-05 0
0.9966666102409363 1
0.0011959101539105177 0
0.2533991038799286 0
0.13090574741363525 0
0.0017379773780703545 0
0.9794166088104248 1
0.2346605658531189 0
0.5542529821395874 0
0.2054903358221054 0
0.02631640061736107 0
0.9999284744262695 1
0.37578797340393066 0
0.25153928995132446 0
0.9525121450424194 0
0.7760623693466187 0
0.9987478256225586 1
0.1080370843410492 0
0.2393348664045334 0
0.25259023904800415 0
0.35452359914779663 0
0.9994086027145386 1
0.0010324568720534444 0
0.741239070892334 0
5.6401826441287994e-05 0
0.00024740275694057345 0
0.9990781545639038 1
0.0045167384669184685 0
0.5101730823516846 0
0.02365059033036232 0
5.515603697858751e-05 0
0.9987594485282898 1
0.3716561794281006 0
0.9571112990379333 0
0.7919144034385681 0
0.18733593821525574 0
0.7986332178115845 1
0.0012540991883724928 0
0.8900348544120789 0
0.2408541887998581 0
0.0001053193918778561 0
0.9961020946502686 1
0.0006737824878655374 0
0.8387019038200378 0
0.5122677683830261 0
0.026090040802955627 0
0.9973167181015015 1
0.29597362875938416 0
0.9874874949455261 0
0.924351155757904 0
0.08975796401500702 0
0.15934306383132935 1
5.629216320812702e-05 0
0.00014386436669155955 0
0.015471385791897774 0
2.0740758372994605e-06 0
0.9317131042480469 1
7.547845598310232e-05 0
0.0038388126995414495 0
0.010285875760018826 0
0.00032824533991515636 0
0.9573612213134766 1
0.00281264865770936 0
0.004896020051091909 0
0.0715453177690506 0
0.006566766649484634 0
