0.46141406893730164 1
0.48256930708885193 1
0.15522322058677673 1
0.38067692518234253 1
0.1501329243183136 1
0.31243064999580383 1
0.4286775588989258 1
0.12903548777103424 1
0.3974125385284424 1
0.20022687315940857 1
0.21911847591400146 1
0.1657562553882599 1
0.21431973576545715 1
0.2478373944759369 1
0.2480076551437378 1
0.15712681412696838 1
0.2674494683742523 1
0.26176732778549194 1
0.16018041968345642 1
0.33651432394981384 1
0.3029191792011261 1
0.3252863883972168 1
0.5910097360610962 1
0.03430236130952835 0
0.05221947655081749 0
0.3318389654159546 0
0.012226114980876446 0
0.07490481436252594 0
0.10629668086767197 0
0.01111229695379734 0
0.011760348454117775 0
0.08396933972835541 0
0.06760817021131516 0
0.049464352428913116 0
0.4081058204174042 0
0.009670604020357132 0
0.012919632717967033 0
0.4354102313518524 0
0.01598622091114521 0
0.007171822711825371 0
0.508353590965271 0
0.014400946907699108 0
0.048715740442276 0
0.3800494074821472 0
0.07963647693395615 0
0.020738665014505386 0
0.20811009407043457 0
0.012485137209296227 0
0.029693052172660828 0
0.31461283564567566 0
0.03768549859523773 0
0.039447519928216934 0
0.20569998025894165 0
0.017867369577288628 0
0.0346355065703392 0
0.2335861325263977 0
0.07388731837272644 0
0.0833045095205307 0
0.3932657837867737 0
0.06441929191350937 0
0.04645411670207977 0
0.37628600001335144 0
0.011628462001681328 0
0.04698055237531662 0
0.22814862430095673 0
0.046314455568790436 0
0.07962092757225037 0
0.4154166877269745 0
0.03997782990336418 0
0.051760412752628326 0
0.3141138553619385 0
0.08016272634267807 0
0.14615219831466675 0
0.38949769735336304 0
0.006152763497084379 0
0.05238110572099686 0
0.29348254203796387 0
0.028409041464328766 0
0.06515461951494217 0
0.31844866275787354 0
0.05202625319361687 0
0.023002997040748596 0
0.28857421875 0
0.0300331749022007 0
0.07217332720756531 0
0.21982887387275696 0
0.11187902092933655 0
0.04138500615954399 0
0.5187106132507324 0
0.11403687298297882 0
0.044912513345479965 0
0.5775883197784424 0
0.5088618993759155 1
0.5142655372619629 1
0.14459404349327087 1
0.4466269612312317 1
0.45614179968833923 1
0.5722432136535645 1
0.7667462825775146 1
0.7009468078613281 1
0.537826657295227 1
0.3876907527446747 1
0.36051976680755615 1
0.6450392603874207 1
0.3532348573207855 1
0.12560828030109406 1
0.398833692073822 1
0.22881004214286804 1
0.3798970878124237 1
0.30841684341430664 1
0.38918977975845337 1
0.26760315895080566 1
0.36468249559402466 1
0.3662506341934204 1
0.23492994904518127 1
