0.6347911357879639 1
0.3281537890434265 0
0.33055752515792847 0
0.12189178168773651 0
0.3638295829296112 0
0.6750278472900391 1
0.055924199521541595 0
0.3523845374584198 0
0.27914318442344666 0
0.6529505252838135 0
0.3654714524745941 1
0.3198673725128174 0
0.3341122567653656 0
0.26373007893562317 0
0.3273612856864929 0
0.9398903846740723 1
0.4801594614982605 0
0.7383981943130493 0
0.1947743147611618 0
0.6495300531387329 0
0.784141480922699 1
0.8487366437911987 0
0.7701794505119324 0
0.5068661570549011 0
0.6958087682723999 0
0.9656767845153809 1
0.8321601152420044 0
0.8072395324707031 0
0.3030841052532196 0
0.6511859893798828 0
0.5273219347000122 1
0.5338003635406494 0
0.9552062749862671 0
0.32244807481765747 0
0.332688570022583 0
0.6468689441680908 1
0.8969478011131287 0
0.3669198453426361 0
0.3277198076248169 0
0.6610087156295776 0
0.42054396867752075 1
0.7293314337730408 0
0.9879673719406128 0
0.2714426815509796 0
0.3223227560520172 0
0.9873136878013611 1
0.0838165134191513 0
0.33326369524002075 0
0.015361017547547817 0
0.6650119423866272 0
0.8521999716758728 1
0.24081897735595703 0
0.21264426410198212 0
0.37708771228790283 0
0.6266143321990967 0
0.7989555597305298 1
0.3242064118385315 0
0.3046139180660248 0
0.3064592182636261 0
0.6606623530387878 0
0.8825382590293884 1
0.32861411571502686 0
0.3408525884151459 0
0.13666367530822754 0
0.3352028727531433 0
0.7341663837432861 1
0.9755090475082397 0
0.9374803304672241 0
0.40721994638442993 0
0.9208147525787354 0
0.6891992092132568 1
0.3143240809440613 0
0.33727702498435974 0
0.31657373905181885 0
0.4779910743236542 0
0.6890093684196472 1
0.1455075740814209 0
0.6499150991439819 0
0.23634758591651917 0
0.2669079303741455 0
0.7748216390609741 1
0.6556429862976074 0
0.6589069366455078 0
0.8709093928337097 0
0.6732076406478882 0
0.8202978372573853 1
0.17544782161712646 0
0.6183687448501587 0
0.33830124139785767 0
0.6690360307693481 0
0.5056113004684448 1
0.0018582707270979881 0
0.0383925624191761 0
0.07793518900871277 0
0.11317655444145203 0
0.5554945468902588 1
0.005260990932583809 0
0.2753152549266815 0
0.04990912228822708 0
0.18571917712688446 0
0.37003690004348755 1
0.03327515721321106 0
0.3226475715637207 0
0.1784871220588684 0
0.12708500027656555 0
0.6723529696464539 1
0.07542316615581512 0
0.7179667949676514 0
0.3317360281944275 0
0.005728803109377623 0
0.6704721450805664 1
0.14965298771858215 0
0.6335039138793945 0
0.23831841349601746 0
0.0948684811592102 0
0.6566238403320312 1
0.2751612663269043 0
0.6020327806472778 0
0.07907477021217346 0
0.10649275779724121 0
0.6423129439353943 1
0.0899638831615448 0
0.9216408729553223 0
0.5366985201835632 0
0.47673413157463074 0
0.6589570641517639 1
0.07848523557186127 0
0.894875168800354 0
0.4221233129501343 0
0.5600500106811523 0
0.5973041653633118 1
0.2732884883880615 0
0.9871999621391296 0
0.19051864743232727 0
0.4332183003425598 0
0.6553101539611816 1
0.034955404698848724 0
0.34185492992401123 0
0.6348897218704224 0
0.4800204038619995 0
0.676787257194519 1
0.025018081068992615 0
0.3353296220302582 0
0.36193081736564636 0
0.3090693950653076 0
0.6678943037986755 1
0.05751897022128105 0
0.33317863941192627 0
0.279896080493927 0
0.26448044180870056 0
0.7000067234039307 1
0.1557362675666809 0
0.3604881465435028 0
0.13377566635608673 0
0.18577127158641815 0
0.6706298589706421 1
0.04817350208759308 0
0.3417578935623169 0
0.16497670114040375 0
0.003966905642300844 0
0.6728925704956055 1
0.19228218495845795 0
0.3320622742176056 0
0.03773736208677292 0
0.1562739610671997 0
0.5995296239852905 1
0.007128068245947361 0
0.07040417939424515 0
0.29938191175460815 0
0.07959092408418655 0
0.6472048163414001 1
0.002728074323385954 0
0.01493125595152378 0
0.03366779536008835 0
0.00855889730155468 0
0.4206904172897339 1
0.02528226003050804 0
0.1725672483444214 0
0.005583913531154394 0
0.010238789021968842 0
0.3392091393470764 1
0.3043174743652344 0
0.33126869797706604 0
0.3329114615917206 0
0.10585175454616547 0
0.336014986038208 1
0.28540000319480896 0
0.33307862281799316 0
0.3306487202644348 0
0.32370853424072266 0
0.33790796995162964 1
0.32375165820121765 0
0.3330300450325012 0
0.10201125591993332 0
0.31444820761680603 0
0.3339780569076538 1
0.07505470514297485 0
0.307884156703949 0
0.3256581425666809 0
0.016800709068775177 0
0.3572445809841156 1
0.032823145389556885 0
0.09826001524925232 0
0.295125275850296 0
0.08222673833370209 0
0.6103175282478333 1
0.027756547555327415 0
0.22798633575439453 0
0.32590144872665405 0
0.2661701738834381 0
0.6700848340988159 1
0.4761241674423218 0
0.5821551084518433 0
0.3340320587158203 0
0.1706976294517517 0
0.6790487766265869 1
0.31266486644744873 0
0.5007849931716919 0
0.3380025625228882 0
0.3421437442302704 0
0.8003866076469421 1
0.3618003726005554 0
0.3440935015678406 0
0.2614327669143677 0
0.20336735248565674 0
0.6701689958572388 1
0.282929003238678 0
0.3199307918548584 0
0.35314100980758667 0
0.018092308193445206 0
0.6706857085227966 1
0.279935747385025 0
0.5223252773284912 0
0.33066806197166443 0
0.05478236824274063 0
0.8787695169448853 1
0.6069839000701904 0
0.861855149269104 0
0.6611420512199402 0
0.14321401715278625 0
0.33335059881210327 1
0.868205189704895 0
0.9717602729797363 0
0.3322080373764038 0
0.5344698429107666 0
0.33377617597579956 1
0.45118242502212524 0
0.9721989035606384 0
0.24581950902938843 0
0.31716734170913696 0
0.4606385827064514 1
0.48878487944602966 0
0.9769701957702637 0
0.2838115692138672 0
0.1547652930021286 0
0.34304797649383545 1
0.7963651418685913 0
0.9752632975578308 0
0.3264341354370117 0
0.2106083631515503 0
0.34727200865745544 1
0.5141878128051758 0
0.9016792178153992 0
0.23047813773155212 0
0.08475785702466965 0
0.48019906878471375 1
0.6758967638015747 0
0.813490629196167 0
0.5785719752311707 0
0.7108449339866638 0
0.6632453799247742 1
0.27419817447662354 0
0.2631863057613373 0
0.35105520486831665 0
0.18139944970607758 0
0.6569186449050903 1
0.3200942277908325 0
0.3390201926231384 0
0.40293461084365845 0
0.4387013614177704 0
0.9815291166305542 1
0.0704226866364479 0
0.3313036561012268 0
0.30803626775741577 0
0.38509267568588257 0
0.36524534225463867 1
0.00017488162848167121 0
0.24729463458061218 0
0.3595404624938965 0
0.00912527460604906 0
0.667147159576416 1
0.05060889944434166 0
0.2885003685951233 0
0.17293092608451843 0
0.013851559720933437 0
0.9470524787902832 1
0.21445795893669128 0
0.04075031355023384 0
0.6520448327064514 0
0.027914199978113174 0
0.40430349111557007 1
0.3340565860271454 0
0.33339545130729675 0
0.3448910415172577 0
0.3197533190250397 0
0.5879969000816345 1
0.31943076848983765 0
0.3343850076198578 0
0.3384321331977844 0
0.34478020668029785 0
0.5150524377822876 1
0.07829850167036057 0
0.332882285118103 0
0.17472438514232635 0
0.20651894807815552 0
0.6646950244903564 1
0.3278631269931793 0
0.466480016708374 0
0.022850722074508667 0
0.042395882308483124 0
0.42178094387054443 1
0.33050304651260376 0
0.3333837687969208 0
0.331974059343338 0
0.01912832260131836 0
0.7918834090232849 1
0.6806333065032959 0
0.9215409755706787 0
0.6629197597503662 0
0.41401588916778564 0
0.3945182263851166 1
0.32310330867767334 0
0.10032956302165985 0
0.34115827083587646 0
0.08031021803617477 0
0.6470150947570801 1
0.030038228258490562 0
0.495479553937912 0
0.3052290081977844 0
0.10345014929771423 0
0.6459221839904785 1
0.09246563911437988 0
0.6497186422348022 0
0.29031360149383545 0
0.0463792085647583 0
0.3401963710784912 1
0.14212767779827118 0
0.05413767322897911 0
0.27135413885116577 0
0.00030118058202788234 0
0.6007635593414307 1
0.019551262259483337 0
0.08729609102010727 0
0.3307111859321594 0
0.01745440810918808 0
0.6270774602890015 1
0.20978067815303802 0
0.509736955165863 0
0.6092357635498047 0
0.007676388137042522 0
