0.028237611055374146 1
0.47073933482170105 1
0.2042565643787384 1
0.13600154221057892 1
0.021283823996782303 1
0.22571448981761932 1
0.6115376949310303 1
0.023369502276182175 1
0.43019816279411316 1
0.25414836406707764 1
0.3029485046863556 1
0.13947132229804993 1
0.25248321890830994 1
0.33553367853164673 1
0.8340564966201782 1
0.14838437736034393 1
0.00269531412050128 1
0.2872064411640167 1
0.1122221052646637 1
0.5571091175079346 1
0.20351386070251465 1
0.3296657204627991 1
0.7008876800537109 1
0.004605526104569435 0
0.002696521347388625 0
0.3492316007614136 0
0.0010270437924191356 0
0.08762657642364502 0
0.24424481391906738 0
0.00020305228827055544 0
0.0019167237915098667 0
0.13688544929027557 0
0.00376330129802227 0
0.010769838467240334 0
0.474301278591156 0
0.00012681627413257957 0
0.0006904653273522854 0
0.42415112257003784 0
0.0006821064744144678 0
0.0005744583904743195 0
0.2781570851802826 0
0.0014328387333080173 0
0.0005849212757311761 0
0.4781407117843628 0
0.012572742067277431 0
0.005234360694885254 0
0.3156825304031372 0
0.0019045982044190168 0
0.0062359655275940895 0
0.31555336713790894 0
0.001935451989993453 0
0.02375374361872673 0
0.32235029339790344 0
0.0017690479289740324 0
0.018513664603233337 0
0.33395764231681824 0
0.010414903983473778 0
0.036613088101148605 0
0.37050876021385193 0
0.00965438224375248 0
0.006057226099073887 0
0.32867231965065 0
0.0016030394472181797 0
0.03215876221656799 0
0.3001117706298828 0
0.023968039080500603 0
0.00439060665667057 0
0.49778589606285095 0
0.002059110440313816 0
0.002961295424029231 0
0.3704860210418701 0
0.002055068966001272 0
0.009492799639701843 0
0.5079675912857056 0
0.0017941296100616455 0
0.027351640164852142 0
0.4000682532787323 0
0.00038741191383451223 0
0.003183003980666399 0
0.4704905152320862 0
0.004840581677854061 0
0.002104982500895858 0
0.4445646405220032 0
0.009611940942704678 0
0.019830934703350067 0
0.2829723358154297 0
0.0012663105735555291 0
0.016274644061923027 0
0.5823946595191956 0
0.008836138062179089 0
0.003244748804718256 0
0.6850496530532837 0
0.7034308314323425 1
0.843303382396698 1
0.22175757586956024 1
0.6844422221183777 1
0.7824761867523193 1
0.8910791873931885 1
0.8572558164596558 1
0.916725754737854 1
0.8018400073051453 1
0.3683030307292938 1
0.42123207449913025 1
0.7986582517623901 1
0.4003691077232361 1
0.33189478516578674 1
0.37130793929100037 1
0.25830984115600586 1
0.7506915330886841 1
0.4913986623287201 1
0.6140447854995728 1
0.2578873336315155 1
0.4443589448928833 1
0.6203123331069946 1
0.5762430429458618 1
