0.7814075350761414 1
0.023167870938777924 0
0.08298096060752869 0
0.009897442534565926 0
0.1690901517868042 0
0.655878484249115 1
0.07300546765327454 0
0.290962278842926 0
0.31716644763946533 0
0.40729090571403503 0
0.8660370111465454 1
0.016019757837057114 0
0.197124645113945 0
0.15582752227783203 0
0.09703876823186874 0
0.9746168851852417 1
0.6310445666313171 0
0.712601363658905 0
0.005799517035484314 0
0.22917833924293518 0
0.927051305770874 1
0.51402747631073 0
0.844961404800415 0
0.9654233455657959 0
0.6807475090026855 0
0.9869904518127441 1
0.568835437297821 0
0.9578843116760254 0
0.25414103269577026 0
0.6989304423332214 0
0.9382137656211853 1
0.5250782370567322 0
0.8816367387771606 0
0.17421114444732666 0
0.16233989596366882 0
0.8441896438598633 1
0.38935571908950806 0
0.21231858432292938 0
0.37207669019699097 0
0.44661712646484375 0
0.8123607635498047 1
0.37052273750305176 0
0.49753338098526 0
0.03712133690714836 0
0.3557247519493103 0
0.9731594324111938 1
0.004432921297848225 0
0.003910008352249861 0
0.0058359382674098015 0
0.6746088266372681 0
0.6531685590744019 1
0.11320345848798752 0
0.026199011132121086 0
0.08767995238304138 0
0.2478274405002594 0
0.8875422477722168 1
0.02732076495885849 0
0.160376638174057 0
0.3064020276069641 0
0.8309356570243835 0
0.975283145904541 1
0.08470863103866577 0
0.07454019784927368 0
0.008792129345238209 0
0.09566309303045273 0
0.9267153143882751 1
0.8154129981994629 0
0.984916090965271 0
0.649476945400238 0
0.8697675466537476 0
0.9392794370651245 1
0.12450134754180908 0
0.18318212032318115 0
0.4338700771331787 0
0.6532192230224609 0
0.595444917678833 1
0.010252466425299644 0
0.04975879192352295 0
0.0246924739331007 0
0.05515085160732269 0
0.6349114775657654 1
0.08666577190160751 0
0.03754127770662308 0
0.9402139186859131 0
0.04557037353515625 0
0.7525395154953003 1
0.0036603431217372417 0
0.08533992618322372 0
0.17199280858039856 0
0.06423165649175644 0
0.6851301193237305 1
0.001805200008675456 0
0.014833217486739159 0
0.20682978630065918 0
0.02039901539683342 0
0.7098579406738281 1
0.002090990776196122 0
0.008115353062748909 0
0.026222577318549156 0
0.09364595264196396 0
0.5110478401184082 1
0.0015704133547842503 0
0.00852840207517147 0
0.0067752655595541 0
0.011035159230232239 0
0.8609580993652344 1
0.06555365771055222 0
0.9678618907928467 0
0.431260883808136 0
0.00919381808489561 0
0.8159480094909668 1
0.04093752056360245 0
0.6659455895423889 0
0.013663495890796185 0
0.05889740586280823 0
0.6529158353805542 1
0.0055273594334721565 0
0.39709198474884033 0
0.005754107143729925 0
0.011813618242740631 0
0.7219468355178833 1
0.013665556907653809 0
0.08882597088813782 0
0.4590470790863037 0
0.3046811819076538 0
0.9223861694335938 1
0.038405247032642365 0
0.4138835668563843 0
0.4561137557029724 0
0.6688339710235596 0
0.5864869356155396 1
0.279177188873291 0
0.44035694003105164 0
0.008537979796528816 0
0.13419365882873535 0
0.6729739904403687 1
0.012826248072087765 0
0.11759575456380844 0
0.6762031316757202 0
0.00680389953777194 0
0.7562578916549683 1
0.025947047397494316 0
0.24521133303642273 0
0.3477461040019989 0
0.08243261277675629 0
0.32742613554000854 1
0.003097849665209651 0
0.027066867798566818 0
0.03655872493982315 0
0.07759617269039154 0
0.922961413860321 1
0.012698992155492306 0
0.1314200758934021 0
0.07656309753656387 0
0.07693914324045181 0
0.8515140414237976 1
0.10097455978393555 0
0.21679940819740295 0
0.04397017881274223 0
0.009560821577906609 0
0.7232989072799683 1
0.003997584339231253 0
0.02948177233338356 0
0.01416278537362814 0
0.011008301749825478 0
0.5238822102546692 1
0.005250535439699888 0
0.02019468881189823 0
0.11393748223781586 0
0.009026550687849522 0
0.6045455932617188 1
0.002045706380158663 0
0.005980103742331266 0
0.01461645495146513 0
0.010192323476076126 0
0.13382916152477264 1
0.007406122516840696 0
0.029684633016586304 0
0.005294745787978172 0
0.012770670466125011 0
0.6195216774940491 1
0.0011786448303610086 0
0.054118379950523376 0
0.1845131814479828 0
0.003551045898348093 0
0.6616740226745605 1
0.008612788282334805 0
0.36590859293937683 0
0.47925519943237305 0
0.5300403833389282 0
0.25969499349594116 1
0.03248433768749237 0
0.33972352743148804 0
0.01559458952397108 0
0.22653916478157043 0
0.42558538913726807 1
0.0007128625875338912 0
0.010963103733956814 0
0.04082794860005379 0
0.0028007645159959793 0
0.5872941017150879 1
0.0008066840819083154 0
0.0011444010306149721 0
0.0045064715668559074 0
0.0005554519593715668 0
0.829662561416626 1
0.001537891337648034 0
0.014169196598231792 0
0.13659155368804932 0
0.011258676648139954 0
0.961378276348114 1
0.6637451648712158 0
0.7119848728179932 0
0.5072694420814514 0
0.002003922127187252 0
0.9480236768722534 1
0.23120781779289246 0
0.7621704936027527 0
0.6027020812034607 0
0.6544375419616699 0
0.9676694869995117 1
0.3330185115337372 0
0.7087080478668213 0
0.014413982629776001 0
0.06615942716598511 0
0.7921990156173706 1
0.0091143399477005 0
0.006485776975750923 0
0.21531373262405396 0
0.002010535215958953 0
0.7630361318588257 1
0.0038652229122817516 0
0.45792698860168457 0
0.016803089529275894 0
0.0008949930197559297 0
0.8848042488098145 1
0.24440860748291016 0
0.6774033308029175 0
0.6296567916870117 0
0.017652291804552078 0
0.5607747435569763 1
0.1261797845363617 0
0.055353231728076935 0
0.4359965920448303 0
0.12126698344945908 0
0.5960779190063477 1
0.5766412615776062 0
0.4964916706085205 0
0.07076244801282883 0
0.4287969768047333 0
0.5439695119857788 1
0.18284520506858826 0
0.5662474632263184 0
0.15554071962833405 0
0.3514944314956665 0
0.6470775604248047 1
0.19486939907073975 0
0.18071210384368896 0
0.14119049906730652 0
0.008549867197871208 0
0.6180925369262695 1
0.2744837999343872 0
0.6046029925346375 0
0.022180777043104172 0
0.005149025470018387 0
0.7459288835525513 1
0.4446553587913513 0
0.7340095043182373 0
0.5823133587837219 0
0.4137659966945648 0
0.8013884425163269 1
0.0018230545101687312 0
0.059753552079200745 0
0.35784289240837097 0
0.005015862639993429 0
0.7147623300552368 1
0.023630155250430107 0
0.47944551706314087 0
0.5107921957969666 0
0.6530308723449707 0
0.9186074733734131 1
0.007065254263579845 0
0.025244079530239105 0
0.015402096323668957 0
0.5885068774223328 0
0.17806392908096313 1
0.00487944670021534 0
0.013789933174848557 0
0.272533655166626 0
0.0012743989937007427 0
0.6669999361038208 1
0.0008547329343855381 0
0.048611097037792206 0
0.06532515585422516 0
0.0019768881611526012 0
0.8849779963493347 1
0.010005876421928406 0
0.048777610063552856 0
0.4086710214614868 0
0.010264255106449127 0
0.735328197479248 1
0.5509355068206787 0
0.6548763513565063 0
0.6049444675445557 0
0.03437165915966034 0
0.7567784190177917 1
0.23079940676689148 0
0.34634682536125183 0
0.2725960314273834 0
0.46891433000564575 0
0.9222712516784668 1
0.009171620011329651 0
0.3216667175292969 0
0.02825160324573517 0
0.03164733946323395 0
0.7545104026794434 1
0.0010623803827911615 0
0.10295020043849945 0
0.0006049253279343247 0
0.004006397910416126 0
0.7091078162193298 1
0.0005250833346508443 0
0.02701297216117382 0
0.011122032068669796 0
0.002452449407428503 0
0.8593801856040955 1
0.638283908367157 0
0.4823090434074402 0
0.5286630988121033 0
0.029982399195432663 0
0.2832299470901489 1
0.0007156485226005316 0
0.0034488539677113295 0
0.05037478730082512 0
0.0007642472628504038 0
0.6662698984146118 1
0.00140301079954952 0
0.13958251476287842 0
0.08920560777187347 0
0.11300192773342133 0
0.13362237811088562 1
0.006010792683809996 0
0.3300386071205139 0
0.031306810677051544 0
0.01779482513666153 0
0.05358085781335831 1
0.00023558689281344414 0
0.0006709309527650476 0
0.025610392913222313 0
0.0004897111793980002 0
0.12399270385503769 1
0.000855865073390305 0
0.004483086988329887 0
0.0034244637936353683 0
0.0040754713118076324 0
0.2648724913597107 1
0.010171866044402122 0
0.007198091130703688 0
0.3302621841430664 0
0.003809630870819092 0
