0.6764337420463562 1
0.3027523159980774 0
0.3238203525543213 0
0.11229372024536133 0
0.4353756904602051 0
0.6838617324829102 1
0.10199767351150513 0
0.4125739336013794 0
0.11024405807256699 0
0.590764045715332 0
0.6636738777160645 1
0.2956033945083618 0
0.33722472190856934 0
0.3235238492488861 0
0.3424881398677826 0
0.9484057426452637 1
0.5836385488510132 0
0.853226363658905 0
0.024989871308207512 0
0.4643828868865967 0
0.888851523399353 1
0.7028083801269531 0
0.9465384483337402 0
0.7551270723342896 0
0.748914897441864 0
0.9678230285644531 1
0.9108087420463562 0
0.9395624995231628 0
0.3394761085510254 0
0.6541694402694702 0
0.6606450080871582 1
0.5235803127288818 0
0.979677677154541 0
0.24269267916679382 0
0.2872275412082672 0
0.7007066011428833 1
0.8533007502555847 0
0.363390177488327 0
0.3054301142692566 0
0.6451288461685181 0
0.4603419005870819 1
0.8522191047668457 0
0.964354395866394 0
0.16609755158424377 0
0.3224560022354126 0
0.9946302175521851 1
0.05274098739027977 0
0.29085198044776917 0
0.009371170774102211 0
0.615929901599884 0
0.9454502463340759 1
0.15867792069911957 0
0.12637391686439514 0
0.4644375741481781 0
0.6527194976806641 0
0.9681037664413452 1
0.2796970009803772 0
0.2736190855503082 0
0.39757323265075684 0
0.6903332471847534 0
0.9380836486816406 1
0.2627924084663391 0
0.33611613512039185 0
0.14099231362342834 0
0.3422356843948364 0
0.9219281673431396 1
0.9902739524841309 0
0.9839795827865601 0
0.6062639951705933 0
0.9436396360397339 0
0.6982478499412537 1
0.2989621162414551 0
0.33763188123703003 0
0.3334157168865204 0
0.6352143287658691 0
0.7602924108505249 1
0.17888419330120087 0
0.6741746664047241 0
0.1301855742931366 0
0.21617087721824646 0
0.9583181738853455 1
0.7360467314720154 0
0.6836796998977661 0
0.986054539680481 0
0.7312945127487183 0
0.9392961263656616 1
0.2622354030609131 0
0.6922258138656616 0
0.4034828543663025 0
0.4733128249645233 0
0.5774000883102417 1
0.000842170265968889 0
0.02806086651980877 0
0.08396869897842407 0
0.09558092057704926 0
0.6215900778770447 1
0.0032577072270214558 0
0.24853506684303284 0
0.05855945870280266 0
0.12452638149261475 0
0.6429505348205566 1
0.020037425681948662 0
0.2583060562610626 0
0.14578598737716675 0
0.09408991783857346 0
0.6735708117485046 1
0.06696715950965881 0
0.7293127775192261 0
0.3091711401939392 0
0.019733712077140808 0
0.6724355220794678 1
0.10033407807350159 0
0.6615694165229797 0
0.16724726557731628 0
0.1025376170873642 0
0.5590261220932007 1
0.1800924390554428 0
0.598368227481842 0
0.10620862245559692 0
0.15584789216518402 0
0.6601998805999756 1
0.023035546764731407 0
0.8976675868034363 0
0.49781274795532227 0
0.36734074354171753 0
0.7046985626220703 1
0.022238779813051224 0
0.9215170741081238 0
0.4725990891456604 0
0.5120459794998169 0
0.6452308893203735 1
0.0690263882279396 0
0.819075345993042 0
0.1384308934211731 0
0.3712301254272461 0
0.6549830436706543 1
0.020840920507907867 0
0.14367102086544037 0
0.482019305229187 0
0.4905324876308441 0
0.6703681349754333 1
0.04429371654987335 0
0.340060830116272 0
0.3340786099433899 0
0.2680792808532715 0
0.5799368023872375 1
0.01451987586915493 0
0.196791872382164 0
0.20157697796821594 0
0.2945215702056885 0
0.7152544856071472 1
0.08367832005023956 0
0.3649464547634125 0
0.04437880218029022 0
0.2878529131412506 0
0.6726716756820679 1
0.05264190584421158 0
0.3830706477165222 0
0.06426485627889633 0
0.0022488406393676996 0
0.6566944122314453 1
0.13633614778518677 0
0.2692820429801941 0
0.025423217564821243 0
0.06450271606445312 0
0.51944899559021 1
0.00965122040361166 0
0.0815938264131546 0
0.27819302678108215 0
0.0593932569026947 0
0.566766619682312 1
0.006105625536292791 0
0.016650643199682236 0
0.043849729001522064 0
0.005307390820235014 0
0.345998615026474 1
0.019010042771697044 0
0.19949328899383545 0
0.006913700606673956 0
0.0193056408315897 0
0.3500588834285736 1
0.28701794147491455 0
0.3276589512825012 0
0.3322921395301819 0
0.03888152539730072 0
0.3334922790527344 1
0.12820589542388916 0
0.33471816778182983 0
0.3197910487651825 0
0.2723962962627411 0
0.3395638167858124 1
0.2415478527545929 0
0.32626184821128845 0
0.06898623704910278 0
0.28669965267181396 0
0.34171658754348755 1
0.01783449575304985 0
0.26962393522262573 0
0.3187921643257141 0
0.005946473218500614 0
0.35592198371887207 1
0.0037149586714804173 0
0.027186814695596695 0
0.1550963819026947 0
0.02440178208053112 0
0.6421542167663574 1
0.007471887394785881 0
0.19886022806167603 0
0.2618545889854431 0
0.07092882692813873 0
0.863304615020752 1
0.6266392469406128 0
0.7073655128479004 0
0.3667721748352051 0
0.11080031096935272 0
0.7787951231002808 1
0.38323578238487244 0
0.6646478176116943 0
0.38850224018096924 0
0.42367011308670044 0
0.9283062219619751 1
0.23257945477962494 0
0.4009610116481781 0
0.018041104078292847 0
0.1276368498802185 0
0.6754631996154785 1
0.10620714724063873 0
0.4335331916809082 0
0.4233601689338684 0
0.01007454190403223 0
0.6994645595550537 1
0.15110613405704498 0
0.7662104964256287 0
0.19648335874080658 0
0.0266053956001997 0
0.8863045573234558 1
0.6129209399223328 0
0.9377943873405457 0
0.6577011346817017 0
0.023250143975019455 0
0.3369980752468109 1
0.2722551226615906 0
0.8293935656547546 0
0.6249452233314514 0
0.5634396076202393 0
0.3801800608634949 1
0.3067055940628052 0
0.8835160136222839 0
0.18070851266384125 0
0.39971041679382324 0
0.5114288330078125 1
0.19309192895889282 0
0.970244824886322 0
0.06155795976519585 0
0.07608924806118011 0
0.5265976786613464 1
0.4077053964138031 0
0.8678607940673828 0
0.4471408724784851 0
0.07912623882293701 0
0.48629021644592285 1
0.12553414702415466 0
0.7157341837882996 0
0.16630105674266815 0
0.01664711907505989 0
0.6686250567436218 1
0.5745078921318054 0
0.6928233504295349 0
0.49832409620285034 0
0.641121506690979 0
0.693428635597229 1
0.21797388792037964 0
0.12290292978286743 0
0.547433614730835 0
0.11656162142753601 0
0.6853196024894714 1
0.30782395601272583 0
0.3554118871688843 0
0.5088121891021729 0
0.5205274224281311 0
0.990851104259491 1
0.009725889191031456 0
0.3169957995414734 0
0.07604339718818665 0
0.3702252507209778 0
0.651395857334137 1
0.00016836085706017911 0
0.31493133306503296 0
0.32219529151916504 0
0.0037444611079990864 0
0.6871076822280884 1
0.008614245802164078 0
0.3019409775733948 0
0.31098607182502747 0
0.008454404771327972 0
0.9784950017929077 1
0.26811522245407104 0
0.055269986391067505 0
0.5803240537643433 0
0.014782801270484924 0
0.5495396852493286 1
0.357208788394928 0
0.3352014720439911 0
0.398891806602478 0
0.291560560464859 0
0.7009007930755615 1
0.33831363916397095 0
0.34977632761001587 0
0.3617877960205078 0
0.3704816997051239 0
0.6982160806655884 1
0.13566945493221283 0
0.3225884437561035 0
0.13059616088867188 0
0.14757999777793884 0
0.6715313792228699 1
0.19088491797447205 0
0.7163347601890564 0
0.007116274442523718 0
0.03563873469829559 0
0.554362416267395 1
0.27312761545181274 0
0.33666062355041504 0
0.24120597541332245 0
0.04597993195056915 0
0.7339715361595154 1
0.6450413465499878 0
0.876825749874115 0
0.6531592011451721 0
0.298245370388031 0
0.4896654486656189 1
0.22423017024993896 0
0.20195221900939941 0
0.34741461277008057 0
0.021544378250837326 0
0.6611924171447754 1
0.007139509543776512 0
0.4564703404903412 0
0.2565222680568695 0
0.11895924806594849 0
0.5115485191345215 1
0.025632668286561966 0
0.630380392074585 0
0.14104408025741577 0
0.02688242495059967 0
0.3215106725692749 1
0.03253978118300438 0
0.03467126563191414 0
0.06287787854671478 0
0.0003117077867500484 0
0.6037045121192932 1
0.0015804151771590114 0
0.1533571481704712 0
0.21332292258739471 0
0.006541809067130089 0
0.6589434742927551 1
0.10146155953407288 0
0.6982463598251343 0
0.4693233370780945 0
0.0132876206189394 0
