0.8985129594802856 1
0.14652414619922638 0
0.23999899625778198 0
0.14511051774024963 0
0.432942271232605 0
0.6495085954666138 1
0.05707568675279617 0
0.3201359510421753 0
0.2121669352054596 0
0.8649512529373169 0
0.8806719779968262 1
0.24111315608024597 0
0.4003709554672241 0
0.256580114364624 0
0.357205331325531 0
0.9827171564102173 1
0.455292671918869 0
0.6586827635765076 0
0.2783554792404175 0
0.8137618899345398 0
0.9610245227813721 1
0.5053630471229553 0
0.4191223084926605 0
0.5163100361824036 0
0.9514843821525574 0
0.9919396638870239 1
0.5340605974197388 0
0.6439564824104309 0
0.5179991126060486 0
0.8455740213394165 0
0.7708187103271484 1
0.11473330110311508 0
0.6845988035202026 0
0.10988139361143112 0
0.13839232921600342 0
0.8123865127563477 1
0.6273281574249268 0
0.3117378056049347 0
0.22502446174621582 0
0.33326947689056396 0
0.7914519309997559 1
0.5890876054763794 0
0.8633248209953308 0
0.1555597186088562 0
0.29308176040649414 0
0.9858031272888184 1
0.09344705194234848 0
0.23413711786270142 0
0.07809323817491531 0
0.8053939342498779 0
0.9404816627502441 1
0.37190520763397217 0
0.16178320348262787 0
0.23212656378746033 0
0.8690735101699829 0
0.9837737083435059 1
0.2719879150390625 0
0.4411737322807312 0
0.3949437737464905 0
0.9161752462387085 0
0.9743120670318604 1
0.16693823039531708 0
0.21729803085327148 0
0.1446203589439392 0
0.34293311834335327 0
0.9291133284568787 1
0.8243198394775391 0
0.662566065788269 0
0.6653364896774292 0
0.9590908885002136 0
0.9696005582809448 1
0.32296180725097656 0
0.33322015404701233 0
0.36368486285209656 0
0.7185391187667847 0
0.9085749387741089 1
0.16286714375019073 0
0.6092029809951782 0
0.48055022954940796 0
0.4375426173210144 0
0.7607506513595581 1
0.2718503475189209 0
0.018587268888950348 0
0.9415344595909119 0
0.9118441939353943 0
0.9486491680145264 1
0.12607325613498688 0
0.8313597440719604 0
0.6803998947143555 0
0.8783644437789917 0
0.8932921290397644 1
0.0008602271554991603 0
0.0034394178073853254 0
0.12260942161083221 0
0.4063147008419037 0
0.8376583456993103 1
0.0059511191211640835 0
0.027160506695508957 0
0.035490140318870544 0
0.28691381216049194 0
0.7229313850402832 1
0.00893787108361721 0
0.04155673086643219 0
0.02215297520160675 0
0.04248204454779625 0
0.9930570125579834 1
0.08860301971435547 0
0.9773862361907959 0
0.15941119194030762 0
0.30293574929237366 0
0.9773828983306885 1
0.13137555122375488 0
0.8454157710075378 0
0.0818304568529129 0
0.567302405834198 0
0.7800651788711548 1
0.11419742554426193 0
0.7298948764801025 0
0.03167205676436424 0
0.07726045697927475 0
0.9592885971069336 1
0.021890848875045776 0
0.49170076847076416 0
0.711237907409668 0
0.7850402593612671 0
0.9791327714920044 1
0.09888085722923279 0
0.6632710695266724 0
0.6634911298751831 0
0.7172712087631226 0
0.6261152625083923 1
0.306519478559494 0
0.652340292930603 0
0.05733579397201538 0
0.4474140405654907 0
0.9704686999320984 1
0.00914699025452137 0
0.1122455894947052 0
0.7811630964279175 0
0.8882574439048767 0
0.9857603311538696 1
0.024828851222991943 0
0.49534398317337036 0
0.3750476837158203 0
0.5216413736343384 0
0.8092097043991089 1
0.008024944923818111 0
0.1589076966047287 0
0.11889221519231796 0
0.45857059955596924 0
0.9943730235099792 1
0.028201382607221603 0
0.49026569724082947 0
0.08373422920703888 0
0.3436839282512665 0
0.9606235027313232 1
0.08161219954490662 0
0.44657620787620544 0
0.04394039511680603 0
0.019146978855133057 0
0.8903228640556335 1
0.04485034570097923 0
0.23907628655433655 0
0.010599354282021523 0
0.046851929277181625 0
0.7818917036056519 1
0.023731328547000885 0
0.31258681416511536 0
0.5487685203552246 0
0.18915241956710815 0
0.8522259593009949 1
0.005397594999521971 0
0.039392709732055664 0
0.10737994313240051 0
0.08719438314437866 0
0.3789416551589966 1
0.03147541731595993 0
0.15683941543102264 0
0.007236531935632229 0
0.016347788274288177 0
0.7641720175743103 1
0.018676936626434326 0
0.3060007691383362 0
0.360787570476532 0
0.01322904508560896 0
0.737564206123352 1
0.05502575635910034 0
0.5993510484695435 0
0.5325601100921631 0
0.2829166054725647 0
0.5429223775863647 1
0.1841714233160019 0
0.47623881697654724 0
0.5294084548950195 0
0.3407345414161682 0
0.3509599566459656 1
0.004750101827085018 0
0.11127455532550812 0
0.1130232959985733 0
0.005849241279065609 0
0.5846946239471436 1
0.005632860120385885 0
0.009782823733985424 0
0.010907148942351341 0
0.0062131574377417564 0
0.7861106395721436 1
0.0013883458450436592 0
0.11435098946094513 0
0.10623770952224731 0
0.0616440586745739 0
0.9856812953948975 1
0.6982502341270447 0
0.8041273355484009 0
0.7343330383300781 0
0.004742302466183901 0
0.9961809515953064 1
0.2212035357952118 0
0.900911808013916 0
0.896428108215332 0
0.6759182810783386 0
0.9789395332336426 1
0.473665326833725 0
0.6953754425048828 0
0.3026682734489441 0
0.15953493118286133 0
0.9631258845329285 1
0.0661846473813057 0
0.2025417983531952 0
0.529292643070221 0
0.024729294702410698 0
0.9751987457275391 1
0.03264063596725464 0
0.6744331121444702 0
0.43658745288848877 0
0.008599452674388885 0
0.9766277074813843 1
0.4092214107513428 0
0.8024665713310242 0
0.6694632768630981 0
0.20532432198524475 0
0.6120131611824036 1
0.04661119729280472 0
0.06267321109771729 0
0.2778615653514862 0
0.6540418863296509 0
0.5491528511047363 1
0.41969913244247437 0
0.6207651495933533 0
0.0721551775932312 0
0.4607681632041931 0
0.46614664793014526 1
0.10796850174665451 0
0.49081894755363464 0
0.12654130160808563 0
0.2139546126127243 0
0.7469426989555359 1
0.16737620532512665 0
0.4444432854652405 0
0.24465492367744446 0
0.04515044018626213 0
0.5983402729034424 1
0.16684870421886444 0
0.5191551446914673 0
0.01502563338726759 0
0.01671190746128559 0
0.7278270125389099 1
0.25638702511787415 0
0.5074884295463562 0
0.32722556591033936 0
0.8573063611984253 0
0.9438232779502869 1
0.024151239544153214 0
0.47827503085136414 0
0.6187986135482788 0
0.019851932302117348 0
0.8088826537132263 1
0.2023109495639801 0
0.8553125858306885 0
0.6680796146392822 0
0.6374146342277527 0
0.9645397067070007 1
0.18135932087898254 0
0.5093041658401489 0
0.3557574152946472 0
0.7459968328475952 0
0.31142377853393555 1
0.012285986915230751 0
0.10671590268611908 0
0.6536397933959961 0
0.02257988601922989 0
0.9311212301254272 1
0.017160538583993912 0
0.4325927197933197 0
0.09705504029989243 0
0.008812002837657928 0
0.9831693172454834 1
0.011582843028008938 0
0.3747100830078125 0
0.4988340139389038 0
0.0696658045053482 0
0.7010653018951416 1
0.593633770942688 0
0.38109833002090454 0
0.6504573225975037 0
0.29224058985710144 0
0.9026279449462891 1
0.12440015375614166 0
0.553412914276123 0
0.5303844809532166 0
0.5573931336402893 0
0.7265405058860779 1
0.08679872006177902 0
0.5380865335464478 0
0.03834126144647598 0
0.1612023562192917 0
0.8947321772575378 1
0.08493562042713165 0
0.5053589344024658 0
0.004652666859328747 0
0.02541954815387726 0
0.7756084203720093 1
0.03662993758916855 0
0.3974604606628418 0
0.10683834552764893 0
0.028858480975031853 0
0.9742072820663452 1
0.7724974155426025 0
0.900505006313324 0
0.7597992420196533 0
0.41327711939811707 0
0.7590099573135376 1
0.07327406853437424 0
0.5182225108146667 0
0.6411176919937134 0
0.004456050228327513 0
0.9682044982910156 1
0.04117513447999954 0
0.7421637773513794 0
0.5801277160644531 0
0.23466670513153076 0
0.8867635726928711 1
0.03008592128753662 0
0.8874880075454712 0
0.3457939028739929 0
0.07173942029476166 0
0.5404492616653442 1
0.001710719196125865 0
0.013116937130689621 0
0.09572766721248627 0
0.0005069536855444312 0
0.8211392760276794 1
0.016276173293590546 0
0.022140581160783768 0
0.15639933943748474 0
0.0063073905184865 0
0.9646449089050293 1
0.11133702844381332 0
0.04568348452448845 0
0.27800458669662476 0
0.09036922454833984 0
