0.2473258078098297 1
0.3925144076347351 1
0.04783287271857262 1
0.40209585428237915 1
0.03519533947110176 1
0.2756405770778656 1
0.6975669264793396 1
0.007535602431744337 1
0.6410284638404846 1
0.2900106906890869 1
0.4689393937587738 1
0.32522839307785034 1
0.6743010878562927 1
0.6286864280700684 1
0.9486144781112671 1
0.32166460156440735 1
0.0349525511264801 1
0.6452459692955017 1
0.014877073466777802 1
0.6826450824737549 1
0.33749401569366455 1
0.06927695870399475 1
0.8957135677337646 1
0.003428070340305567 0
0.0007289856439456344 0
0.338328093290329 0
0.0018577789887785912 0
0.08246520906686783 0
0.2640089988708496 0
0.00028974132146686316 0
0.0018700690707191825 0
0.3076929450035095 0
0.01463974080979824 0
0.029852766543626785 0
0.8148483037948608 0
8.203382458304986e-05 0
0.00010901728819590062 0
0.6666962504386902 0
0.012793868780136108 0
0.00010102640226250514 0
0.673395574092865 0
0.00031814799876883626 0
0.00042367924470454454 0
0.6264742612838745 0
0.05558443069458008 0
0.004436454735696316 0
0.3369622826576233 0
0.0024636699818074703 0
0.009643220342695713 0
0.3214585483074188 0
0.0007895693997852504 0
0.005825280677527189 0
0.33084648847579956 0
0.004921385087072849 0
0.01323749776929617 0
0.31813037395477295 0
0.0026337215676903725 0
0.009758823551237583 0
0.3390722870826721 0
0.007033478002995253 0
0.006164963822811842 0
0.3435865044593811 0
0.00015196492313407362 0
0.0270400308072567 0
0.37689095735549927 0
0.04425674304366112 0
0.005849230103194714 0
0.5028012990951538 0
0.0036289277486503124 0
0.0027960510924458504 0
0.38603949546813965 0
0.007488979026675224 0
0.009992728941142559 0
0.516260027885437 0
0.00024052380467765033 0
0.039373841136693954 0
0.3141496181488037 0
0.0005376897752285004 0
0.0017905065324157476 0
0.4002399146556854 0
0.001882582320831716 0
0.022289663553237915 0
0.6409734487533569 0
0.007086641155183315 0
0.028415359556674957 0
0.39499497413635254 0
0.0021636548917740583 0
0.002284238114953041 0
0.6622241735458374 0
0.21094664931297302 0
0.0008362685330212116 0
0.6835978031158447 0
0.6947289705276489 1
0.8554854393005371 1
0.6397798657417297 1
0.7161350250244141 1
0.6935141086578369 1
0.784970223903656 1
0.9165932536125183 1
0.9040424227714539 1
0.7518512606620789 1
0.5115514397621155 1
0.6640321016311646 1
0.7478224039077759 1
0.4146581292152405 1
0.3404751420021057 1
0.6723707914352417 1
0.3439694046974182 1
0.7424854040145874 1
0.46214431524276733 1
0.588921844959259 1
0.3395755887031555 1
0.7311187982559204 1
0.6908721923828125 1
0.6211694478988647 1
