0.3001575171947479 1
0.4339830279350281 1
0.19250313937664032 1
0.5395934581756592 1
0.01145247183740139 1
0.6429526805877686 1
0.8031196594238281 1
0.037396494299173355 1
0.671136736869812 1
0.3093651533126831 1
0.40160784125328064 1
0.32196685671806335 1
0.5066806077957153 1
0.7194575071334839 1
0.9867693185806274 1
0.29239726066589355 1
0.02980406954884529 1
0.6459888815879822 1
0.06487712264060974 1
0.838432252407074 1
0.32182323932647705 1
0.7693849802017212 1
0.927655816078186 1
0.0035100202076137066 0
0.0013919693883508444 0
0.7519134879112244 0
0.0008785502286627889 0
0.04464266821742058 0
0.2707937955856323 0
0.00029962771805003285 0
0.0004896800382994115 0
0.20032750070095062 0
0.004349258728325367 0
0.025615952908992767 0
0.8319829702377319 0
5.574980968958698e-05 0
0.00035346086951904 0
0.5020121335983276 0
0.0018650148995220661 0
9.905017213895917e-05 0
0.6353209614753723 0
0.00047382930642925203 0
0.004978816956281662 0
0.6819319128990173 0
0.005273984279483557 0
0.0020232980605214834 0
0.3386790454387665 0
0.0017537707462906837 0
0.008038794621825218 0
0.4537021815776825 0
0.0005407711723819375 0
0.0015191378770396113 0
0.3333382308483124 0
0.0019986932165920734 0
0.005952041130512953 0
0.31447914242744446 0
0.0012005092576146126 0
0.009881196543574333 0
0.35674628615379333 0
0.009471068158745766 0
0.0027402006089687347 0
0.39009249210357666 0
0.00017992312496062368 0
0.010974894277751446 0
0.3499904274940491 0
0.020677872002124786 0
0.003578741569072008 0
0.6143168807029724 0
0.0012649513082578778 0
0.002840326866135001 0
0.43215590715408325 0
0.00652165524661541 0
0.03751259297132492 0
0.53120356798172 0
0.0002178047434426844 0
0.015798624604940414 0
0.3198342025279999 0
0.0006809988408349454 0
0.0020617481786757708 0
0.4648624360561371 0
0.002511013764888048 0
0.0026180092245340347 0
0.5036088824272156 0
0.007511730305850506 0
0.010205580852925777 0
0.3512514531612396 0
0.003756605088710785 0
0.0023562912829220295 0
0.6985683441162109 0
0.018883083015680313 0
0.0007229456095956266 0
0.7387473583221436 0
0.7090951800346375 1
0.8583277463912964 1
0.2933792173862457 1
0.7161890864372253 1
0.8757994174957275 1
0.9501656293869019 1
0.9579744338989258 1
0.967943549156189 1
0.8300786018371582 1
0.3496938943862915 1
0.690982460975647 1
0.8388411402702332 1
0.434701144695282 1
0.2215338945388794 1
0.6712155342102051 1
0.3682630658149719 1
0.7787367105484009 1
0.3035748600959778 1
0.34944388270378113 1
0.27412575483322144 1
0.6872235536575317 1
0.7160325050354004 1
0.6133997440338135 1
