0.6971622705459595 1
0.31340429186820984 0
0.3415694236755371 0
0.11932890862226486 0
0.37453991174697876 0
0.7209314703941345 1
0.11406691372394562 0
0.37653136253356934 0
0.25633424520492554 0
0.6484580636024475 0
0.6187190413475037 1
0.3251781165599823 0
0.353548526763916 0
0.31713393330574036 0
0.43102824687957764 0
0.9747247695922852 1
0.6254674196243286 0
0.9194076061248779 0
0.11415614932775497 0
0.52336585521698 0
0.9134184718132019 1
0.7191981077194214 0
0.9229295253753662 0
0.7697330713272095 0
0.7920465469360352 0
0.9930377006530762 1
0.952906608581543 0
0.9437950849533081 0
0.36571067571640015 0
0.643897533416748 0
0.7540440559387207 1
0.7266637682914734 0
0.9902269840240479 0
0.19932565093040466 0
0.34389179944992065 0
0.7225028872489929 1
0.9006866812705994 0
0.4460682272911072 0
0.2867312729358673 0
0.6137121915817261 0
0.3675256371498108 1
0.8320762515068054 0
0.9861525297164917 0
0.3246566653251648 0
0.3324123024940491 0
0.9968203902244568 1
0.20161329209804535 0
0.3294127285480499 0
0.052509285509586334 0
0.6472374200820923 0
0.945853590965271 1
0.19440089166164398 0
0.12500590085983276 0
0.42611491680145264 0
0.6777830123901367 0
0.9697195887565613 1
0.3304383158683777 0
0.34511420130729675 0
0.4666762053966522 0
0.7561537027359009 0
0.9673153758049011 1
0.345741868019104 0
0.3710012435913086 0
0.23842063546180725 0
0.3539585471153259 0
0.9199950098991394 1
0.993198573589325 0
0.9866158366203308 0
0.4800838232040405 0
0.9678529500961304 0
0.7993883490562439 1
0.328201562166214 0
0.35868212580680847 0
0.34394776821136475 0
0.49557703733444214 0
0.7329913973808289 1
0.23288002610206604 0
0.787580668926239 0
0.21102401614189148 0
0.1587369441986084 0
0.9131133556365967 1
0.7251124382019043 0
0.6771120429039001 0
0.9867029190063477 0
0.5009010434150696 0
0.9563997983932495 1
0.14171674847602844 0
0.73621666431427 0
0.3796454071998596 0
0.4600774943828583 0
0.6417095065116882 1
0.0004833662824239582 0
0.033555157482624054 0
0.10657411813735962 0
0.1316778063774109 0
0.6380445957183838 1
0.0025976370088756084 0
0.27969488501548767 0
0.07044042646884918 0
0.24418246746063232 0
0.6451758146286011 1
0.03517109155654907 0
0.30629944801330566 0
0.09888820350170135 0
0.0977434441447258 0
0.6748372912406921 1
0.10442687571048737 0
0.8203251361846924 0
0.29476234316825867 0
0.029444221407175064 0
0.738356351852417 1
0.11378729343414307 0
0.7092618346214294 0
0.1813937872648239 0
0.09925596415996552 0
0.6041914820671082 1
0.24891674518585205 0
0.6497705578804016 0
0.0826026052236557 0
0.12266960740089417 0
0.6700409650802612 1
0.11248891800642014 0
0.9838268160820007 0
0.6262612342834473 0
0.3471683859825134 0
0.7930123805999756 1
0.13675254583358765 0
0.9866902828216553 0
0.5447728633880615 0
0.6229516863822937 0
0.657070517539978 1
0.2739446759223938 0
0.9857532382011414 0
0.1614200919866562 0
0.4109484553337097 0
0.668123722076416 1
0.017098169773817062 0
0.2898649573326111 0
0.5233042240142822 0
0.517095685005188 0
0.735182523727417 1
0.12051941454410553 0
0.3376689851284027 0
0.37390172481536865 0
0.43467581272125244 0
0.6434242129325867 1
0.025773106142878532 0
0.3371170163154602 0
0.23529694974422455 0
0.27363821864128113 0
0.7851861715316772 1
0.09106572717428207 0
0.38622915744781494 0
0.06260489672422409 0
0.18587154150009155 0
0.7511808276176453 1
0.13732224702835083 0
0.5499612092971802 0
0.18466883897781372 0
0.003576892428100109 0
0.6867002248764038 1
0.2049553394317627 0
0.32762908935546875 0
0.05732058733701706 0
0.14210107922554016 0
0.5845282077789307 1
0.009189222939312458 0
0.13354648649692535 0
0.2547599673271179 0
0.04075860232114792 0
0.6407520771026611 1
0.009473664686083794 0
0.05410294234752655 0
0.11752661317586899 0
0.01988678053021431 0
0.31831198930740356 1
0.022697260603308678 0
0.2026156634092331 0
0.010344489477574825 0
0.013736099004745483 0
0.34520086646080017 1
0.2953410744667053 0
0.33294445276260376 0
0.3326646685600281 0
0.10299002379179001 0
0.3477749824523926 1
0.25644928216934204 0
0.33651015162467957 0
0.3347333073616028 0
0.33987826108932495 0
0.3599204421043396 1
0.3182314336299896 0
0.34332117438316345 0
0.1781296730041504 0
0.2715896666049957 0
0.3669131398200989 1
0.036299701780080795 0
0.3168536126613617 0
0.33028095960617065 0
0.014098932966589928 0
0.42278382182121277 1
0.026112671941518784 0
0.0796649158000946 0
0.27527767419815063 0
0.025746813043951988 0
0.6668183207511902 1
0.012096097692847252 0
0.3111247420310974 0
0.2733156085014343 0
0.07771952450275421 0
0.9005028605461121 1
0.6757309436798096 0
0.7962707877159119 0
0.6489965319633484 0
0.19492694735527039 0
0.8524736166000366 1
0.5671377778053284 0
0.67192542552948 0
0.462103933095932 0
0.4298456907272339 0
0.9277254343032837 1
0.43388354778289795 0
0.41470181941986084 0
0.07405157387256622 0
0.31814974546432495 0
0.7614951133728027 1
0.1487872302532196 0
0.39318418502807617 0
0.4533725380897522 0
0.0279804989695549 0
0.7911846041679382 1
0.16085457801818848 0
0.8905215263366699 0
0.33519303798675537 0
0.04171168431639671 0
0.8999984264373779 1
0.5824563503265381 0
0.9777076244354248 0
0.6635500192642212 0
0.014350492507219315 0
0.3372247815132141 1
0.8841080069541931 0
0.9717644453048706 0
0.6668040752410889 0
0.6585917472839355 0
0.35187801718711853 1
0.7761330604553223 0
0.9664555788040161 0
0.1700352281332016 0
0.5230703949928284 0
0.45951569080352783 1
0.7958292961120605 0
0.9918273687362671 0
0.2564103603363037 0
0.29154157638549805 0
0.6152311563491821 1
0.825150191783905 0
0.9691490530967712 0
0.615180253982544 0
0.2804144620895386 0
0.45981109142303467 1
0.7521006464958191 0
0.9074069857597351 0
0.26463615894317627 0
0.04562097787857056 0
0.748897910118103 1
0.675105094909668 0
0.7768166065216064 0
0.625635027885437 0
0.7064520120620728 0
0.756371259689331 1
0.31792205572128296 0
0.32452255487442017 0
0.3533703684806824 0
0.10070516914129257 0
0.6875734329223633 1
0.3348314166069031 0
0.3520730137825012 0
0.5276585817337036 0
0.6226595044136047 0
0.9961999654769897 1
0.09588110446929932 0
0.33305200934410095 0
0.26297616958618164 0
0.43041202425956726 0
0.6552368402481079 1
0.0002626488567329943 0
0.332945317029953 0
0.40099096298217773 0
0.008100258186459541 0
0.8396312594413757 1
0.01860860548913479 0
0.3279404044151306 0
0.3399449586868286 0
0.01713733933866024 0
0.9947115182876587 1
0.1774469017982483 0
0.3123764991760254 0
0.6135638952255249 0
0.02050655335187912 0
0.5129882097244263 1
0.4309609532356262 0
0.3426433801651001 0
0.5662063360214233 0
0.32945168018341064 0
0.8249703645706177 1
0.34786003828048706 0
0.36035966873168945 0
0.34420204162597656 0
0.4446266293525696 0
0.7923702001571655 1
0.22143003344535828 0
0.334416925907135 0
0.20553970336914062 0
0.2488398551940918 0
0.7429831027984619 1
0.2977359890937805 0
0.9088287353515625 0
0.02308933436870575 0
0.0603463277220726 0
0.6280215978622437 1
0.3219250440597534 0
0.5808136463165283 0
0.3154989778995514 0
0.025859324261546135 0
0.8428678512573242 1
0.6588125228881836 0
0.9843220114707947 0
0.6551750898361206 0
0.4180828034877777 0
0.6327015161514282 1
0.2669600546360016 0
0.25360268354415894 0
0.39564210176467896 0
0.053792402148246765 0
0.683280885219574 1
0.010933350771665573 0
0.4200241267681122 0
0.3243170380592346 0
0.18613629043102264 0
0.49399638175964355 1
0.06581033766269684 0
0.6415822505950928 0
0.30616623163223267 0
0.08624648302793503 0
0.34841668605804443 1
0.01730668917298317 0
0.03533736616373062 0
0.11295079439878464 0
0.0004472167929634452 0
0.6548256874084473 1
0.0020678250584751368 0
0.24314936995506287 0
0.20577099919319153 0
0.0070457677356898785 0
0.6916028261184692 1
0.0812155157327652 0
0.6688805818557739 0
0.5372121930122375 0
0.014416932128369808 0
