0.5645370483398438 1
0.39168596267700195 1
0.2756408751010895 1
0.20915506780147552 1
0.26654165983200073 1
0.5216727256774902 1
0.4557212293148041 1
0.027954809367656708 1
0.5053020119667053 1
0.08620359003543854 1
0.2558536231517792 1
0.3072170913219452 1
0.2232169508934021 1
0.52285236120224 1
0.7606199979782104 1
0.3328467607498169 1
0.006299514323472977 1
0.28939732909202576 1
0.2579162120819092 1
0.6511539220809937 1
0.3002696931362152 1
0.543053925037384 1
0.7619436979293823 1
0.0046066176146268845 0
0.010211508721113205 0
0.5945353507995605 0
0.0014056548243388534 0
0.15859586000442505 0
0.28363728523254395 0
0.0016676242230460048 0
0.001400219975039363 0
0.11059433221817017 0
0.09035607427358627 0
0.015518225729465485 0
0.5022565126419067 0
0.00039702997310087085 0
0.0006424374878406525 0
0.46064096689224243 0
0.0030122436583042145 0
0.00043290527537465096 0
0.5172669887542725 0
0.0024007391184568405 0
0.0012619675835594535 0
0.5654004812240601 0
0.034672509878873825 0
0.005709409713745117 0
0.28307342529296875 0
0.001245982595719397 0
0.008808737620711327 0
0.4232867658138275 0
0.00467859348282218 0
0.03191433101892471 0
0.3351203203201294 0
0.006285745184868574 0
0.006353919859975576 0
0.35164737701416016 0
0.06913124769926071 0
0.07120862603187561 0
0.4682489335536957 0
0.0744500681757927 0
0.012586882337927818 0
0.3947764039039612 0
0.005052302964031696 0
0.08501429855823517 0
0.38162851333618164 0
0.10432203114032745 0
0.0357111394405365 0
0.4981212615966797 0
0.02860362082719803 0
0.017229413613677025 0
0.4829016923904419 0
0.08752190321683884 0
0.03652885556221008 0
0.6035341024398804 0
0.0017857539933174849 0
0.020490039139986038 0
0.46059972047805786 0
0.006280006840825081 0
0.014529134146869183 0
0.5911092758178711 0
0.045163851231336594 0
0.005770561285316944 0
0.5303258895874023 0
0.004183517303317785 0
0.04514695703983307 0
0.40521323680877686 0
0.012550562620162964 0
0.009301913902163506 0
0.7488788962364197 0
0.13334360718727112 0
0.014863698743283749 0
0.8371583819389343 0
0.7839003801345825 1
0.9264388084411621 1
0.2648307681083679 1
0.6860672235488892 1
0.9270123243331909 1
0.9649052619934082 1
0.9634734392166138 1
0.9712536334991455 1
0.9226807355880737 1
0.447751522064209 1
0.4084017872810364 1
0.9029495120048523 1
0.5454217791557312 1
0.39230281114578247 1
0.44574689865112305 1
0.3158402442932129 1
0.8451793193817139 1
0.4321633279323578 1
0.5370482802391052 1
0.3513445556163788 1
0.4483821392059326 1
0.7374037504196167 1
0.5313405990600586 1
