0.06076331064105034 1
0.3459141254425049 1
0.17212747037410736 1
0.3419916331768036 1
0.009684835560619831 1
0.46192604303359985 1
0.5886187553405762 1
0.03432353585958481 1
0.49853989481925964 1
0.18826833367347717 1
0.30656805634498596 1
0.3132220208644867 1
0.39199769496917725 1
0.5513670444488525 1
0.19141045212745667 1
0.3725769519805908 1
0.0111282579600811 1
0.4950348138809204 1
0.07036152482032776 1
0.606684684753418 1
0.31617963314056396 1
0.2298535704612732 1
0.7620317339897156 1
0.0008150571375153959 0
0.0005457605584524572 0
0.46698516607284546 0
0.00041967627475969493 0
0.07615475356578827 0
0.3162822127342224 0
0.00018075101252179593 0
0.001544360420666635 0
0.2735350728034973 0
0.004206007346510887 0
0.008043359965085983 0
0.7190651297569275 0
0.0001636366214370355 0
0.0007474137819372118 0
0.7285547256469727 0
0.0002547132899053395 0
0.0002611428499221802 0
0.5909995436668396 0
0.00030969936051405966 0
0.009126096963882446 0
0.5931482315063477 0
0.006549890153110027 0
0.006492255255579948 0
0.33720630407333374 0
0.0006333367782644928 0
0.013759754598140717 0
0.31127774715423584 0
0.0007865242660045624 0
0.001811441732570529 0
0.3312288522720337 0
0.001226632739417255 0
0.0036377273499965668 0
0.3071213364601135 0
0.00252346508204937 0
0.012106138281524181 0
0.3562157154083252 0
0.004232653882354498 0
0.0037928628735244274 0
0.3180878162384033 0
0.0002094483352266252 0
0.00689151044934988 0
0.3206526041030884 0
0.026453450322151184 0
0.008554687723517418 0
0.4181271195411682 0
0.001041726442053914 0
0.004463774152100086 0
0.31589722633361816 0
0.007638894021511078 0
0.011154714971780777 0
0.36318325996398926 0
0.00019669946050271392 0
0.03940989077091217 0
0.350934237241745 0
0.000303451408399269 0
0.0032045571133494377 0
0.41389864683151245 0
0.0009117476874962449 0
0.005688832141458988 0
0.6625111103057861 0
0.0051281386986374855 0
0.02394615113735199 0
0.3425757586956024 0
0.003775347489863634 0
0.002550180070102215 0
0.6737820506095886 0
0.02201930433511734 0
0.0005305347731336951 0
0.6636455655097961 0
0.7069060802459717 1
0.7486891746520996 1
0.3331148028373718 1
0.6793822050094604 1
0.7076919078826904 1
0.9516626596450806 1
0.9061681032180786 1
0.9144883155822754 1
0.7705568671226501 1
0.3511328399181366 1
0.6311009526252747 1
0.735428512096405 1
0.3533971905708313 1
0.3464664816856384 1
0.6166576147079468 1
0.331688791513443 1
0.8039407134056091 1
0.3238539397716522 1
0.33125588297843933 1
0.27595165371894836 1
0.438423752784729 1
0.5734410285949707 1
0.5018445253372192 1
