0.02178160846233368 1
0.3517846465110779 1
0.08913468569517136 1
0.40045374631881714 1
0.11783203482627869 1
0.36756500601768494 1
0.6599488258361816 1
0.0031896415166556835 1
0.5382258296012878 1
0.03822439908981323 1
0.34230417013168335 1
0.2717893123626709 1
0.3599173426628113 1
0.5548186302185059 1
0.9184093475341797 1
0.35465729236602783 1
0.000886501744389534 1
0.4531290531158447 1
0.04645177349448204 1
0.6919359564781189 1
0.30713486671447754 1
0.4508931040763855 1
0.7908431887626648 1
0.0016286324243992567 0
0.0010079732164740562 0
0.5580670833587646 0
0.0009558389429003 0
0.05895267426967621 0
0.33489370346069336 0
0.0012319163652136922 0
0.0019369213841855526 0
0.20740321278572083 0
0.003670829115435481 0
0.05220166593790054 0
0.7772983908653259 0
9.159882756648585e-05 0
0.0009438068955205381 0
0.7674182653427124 0
0.002091850619763136 0
0.00024618086172267795 0
0.5943814516067505 0
0.0003892300301231444 0
0.00391748920083046 0
0.5878159403800964 0
0.010053448379039764 0
0.0030816474463790655 0
0.3791460394859314 0
0.0009994765277951956 0
0.02186007797718048 0
0.4707198143005371 0
0.004875375423580408 0
0.007024326827377081 0
0.3350851237773895 0
0.005287033971399069 0
0.008443968370556831 0
0.32962700724601746 0
0.0066400012001395226 0
0.02927584759891033 0
0.3708513677120209 0
0.004910729825496674 0
0.003292540553957224 0
0.3425123393535614 0
0.0033612733241170645 0
0.013611061498522758 0
0.3451715409755707 0
0.026883624494075775 0
0.005340516101568937 0
0.559983491897583 0
0.006988705601543188 0
0.0026241771411150694 0
0.3612176775932312 0
0.009165635332465172 0
0.031930338591337204 0
0.4487002491950989 0
0.0008994047529995441 0
0.020501157268881798 0
0.43104156851768494 0
0.00050137605285272 0
0.0076957326382398605 0
0.39654481410980225 0
0.004275461658835411 0
0.013234691694378853 0
0.5628728270530701 0
0.0058031463995575905 0
0.03713163360953331 0
0.329918771982193 0
0.008501963689923286 0
0.008989990688860416 0
0.5228930115699768 0
0.10662170499563217 0
0.001592955901287496 0
0.6962659358978271 0
0.6953229308128357 1
0.8242150545120239 1
0.419675350189209 1
0.6908886432647705 1
0.7999377250671387 1
0.8484410643577576 1
0.898991584777832 1
0.9127825498580933 1
0.7724322080612183 1
0.3531184792518616 1
0.6510008573532104 1
0.8592116832733154 1
0.3364472985267639 1
0.4212215840816498 1
0.4442788362503052 1
0.2873229384422302 1
0.7394229173660278 1
0.34172648191452026 1
0.3420571982860565 1
0.3273176848888397 1
0.6511850953102112 1
0.6924393177032471 1
0.5482515692710876 1
