0.06864467263221741 1
0.48823460936546326 1
0.3330443501472473 1
0.4425247609615326 1
0.28940677642822266 1
0.403639554977417 1
0.6607922315597534 1
0.04940883070230484 1
0.59017014503479 1
0.285693883895874 1
0.44385072588920593 1
0.22111082077026367 1
0.49175307154655457 1
0.6388773918151855 1
0.9390089511871338 1
0.3276263475418091 1
0.04511537402868271 1
0.4562015235424042 1
0.025219781324267387 1
0.8131463527679443 1
0.35227352380752563 1
0.6364525556564331 1
0.8814565539360046 1
0.005516241770237684 0
0.004747341386973858 0
0.627343475818634 0
0.0005005105631425977 0
0.1772143840789795 0
0.2263638824224472 0
0.0003447925846558064 0
0.0019495113519951701 0
0.24658504128456116 0
0.177468940615654 0
0.04881099984049797 0
0.7889089584350586 0
0.00016509200213477015 0
0.00030419661197811365 0
0.7098572254180908 0
0.004299415275454521 0
0.0003735551727004349 0
0.4900188148021698 0
0.0005502180429175496 0
0.0008953117066994309 0
0.6057683229446411 0
0.11433573067188263 0
0.003503897925838828 0
0.3350551128387451 0
0.002075397875159979 0
0.00675092451274395 0
0.5537168979644775 0
0.002452658489346504 0
0.007993452250957489 0
0.3318013548851013 0
0.0035191436763852835 0
0.009356084279716015 0
0.32818013429641724 0
0.018059883266687393 0
0.03782794252038002 0
0.3437913656234741 0
0.01193210482597351 0
0.007784667424857616 0
0.3447224795818329 0
0.0001776625867933035 0
0.045558616518974304 0
0.34651148319244385 0
0.10752712935209274 0
0.0029917429201304913 0
0.5660495758056641 0
0.00480423029512167 0
0.0018884803866967559 0
0.35682183504104614 0
0.01488814502954483 0
0.1898127794265747 0
0.5653342604637146 0
0.00046168128028512 0
0.0219962727278471 0
0.3593364953994751 0
0.0016307549085468054 0
0.005429625511169434 0
0.39669978618621826 0
0.006051478907465935 0
0.009193947538733482 0
0.6491574645042419 0
0.060203880071640015 0
0.026270156726241112 0
0.48760318756103516 0
0.011009365320205688 0
0.004619917832314968 0
0.6743655204772949 0
0.1122789978981018 0
0.002433282323181629 0
0.6887708902359009 0
0.7222182750701904 1
0.8418232202529907 1
0.36932823061943054 1
0.6989743113517761 1
0.7544753551483154 1
0.8854976892471313 1
0.89602130651474 1
0.8541778326034546 1
0.8068053126335144 1
0.395039439201355 1
0.6977500319480896 1
0.7999145984649658 1
0.4229498505592346 1
0.4935549199581146 1
0.42526745796203613 1
0.3705875873565674 1
0.8637843132019043 1
0.4373566508293152 1
0.4142015874385834 1
0.3627161681652069 1
0.5205161571502686 1
0.6853084564208984 1
0.6465016007423401 1
