0.1908949613571167 1
0.3184713125228882 1
0.3013158440589905 1
0.7467232942581177 1
0.002036068355664611 1
0.4743950068950653 1
0.5955995321273804 1
0.042780011892318726 1
0.46949303150177 1
0.0928405225276947 1
0.2539179027080536 1
0.3250199258327484 1
0.517837405204773 1
0.525874137878418 1
0.9619559049606323 1
0.26055771112442017 1
0.0030343709513545036 1
0.2753854990005493 1
0.018991630524396896 1
0.8664841651916504 1
0.21919935941696167 1
0.4663221836090088 1
0.8386587500572205 1
0.00276822573505342 0
0.0008322172798216343 0
0.4718802571296692 0
0.0010316316038370132 0
0.017558546736836433 0
0.2091972678899765 0
0.00034640729427337646 0
0.0006913468241691589 0
0.142658069729805 0
0.0024041039869189262 0
0.018092826008796692 0
0.7104989290237427 0
0.00020216070697642863 0
0.0005670422688126564 0
0.7362463474273682 0
0.00044379671453498304 0
0.0002191903768107295 0
0.3188944458961487 0
0.00016099648200906813 0
0.0029987338930368423 0
0.39475417137145996 0
0.004327517934143543 0
0.003059444949030876 0
0.3102199137210846 0
0.0009244582033716142 0
0.002867788076400757 0
0.3151146471500397 0
0.0004057690966874361 0
0.0028087589889764786 0
0.31088799238204956 0
0.0007192018674686551 0
0.005499913822859526 0
0.3007753789424896 0
0.007664102129638195 0
0.006021457724273205 0
0.34784263372421265 0
0.0029128375463187695 0
0.002449305262416601 0
0.2624370753765106 0
0.0018975953571498394 0
0.0160940270870924 0
0.3081967234611511 0
0.023614168167114258 0
0.0019793761894106865 0
0.36838603019714355 0
0.0016376690473407507 0
0.005808149930089712 0
0.33797451853752136 0
0.005510137416422367 0
0.011076877824962139 0
0.41970884799957275 0
0.0003719194501172751 0
0.011805558577179909 0
0.267256498336792 0
0.0003933219413738698 0
0.0013362080790102482 0
0.3155469298362732 0
0.004927830770611763 0
0.0051365927793085575 0
0.3660195767879486 0
0.0010233434149995446 0
0.013278289698064327 0
0.2638455331325531 0
0.010374685749411583 0
0.0027380376122891903 0
0.41971585154533386 0
0.04439667984843254 0
0.0017957170493900776 0
0.6317569613456726 0
0.7060219645500183 1
0.8052875399589539 1
0.20299261808395386 1
0.6849160194396973 1
0.797853410243988 1
0.897411048412323 1
0.9739192724227905 1
0.9611868858337402 1
0.8497740030288696 1
0.34662991762161255 1
0.42356055974960327 1
0.8345726728439331 1
0.3505438268184662 1
0.40513843297958374 1
0.36154723167419434 1
0.27721893787384033 1
0.8429696559906006 1
0.30991825461387634 1
0.348701536655426 1
0.21680156886577606 1
0.5377641320228577 1
0.42189928889274597 1
0.5498689413070679 1
