0.08608262240886688 1
0.37896811962127686 1
0.390482634305954 1
0.28544706106185913 1
0.03621789067983627 1
0.5748026371002197 1
0.6870664954185486 1
0.024267178028821945 1
0.6087207794189453 1
0.1460491418838501 1
0.5710130929946899 1
0.20817403495311737 1
0.5361964702606201 1
0.648040235042572 1
0.9393943548202515 1
0.3116954565048218 1
0.04937823861837387 1
0.4556666612625122 1
0.022669300436973572 1
0.6714843511581421 1
0.3281218409538269 1
0.533462405204773 1
0.9670612215995789 1
0.004422374535351992 0
0.004021892324090004 0
0.6491487622261047 0
0.0006122279446572065 0
0.19685792922973633 0
0.20371606945991516 0
0.00150370504707098 0
0.0038048624992370605 0
0.27899840474128723 0
0.01497623510658741 0
0.035543594509363174 0
0.7680175304412842 0
7.641394040547311e-05 0
0.00025716141681186855 0
0.6986745595932007 0
0.004356657154858112 0
0.00017924518033396453 0
0.41509634256362915 0
0.00020037170907016844 0
0.0006912960088811815 0
0.6439328193664551 0
0.03925158083438873 0
0.0025173830799758434 0
0.33324065804481506 0
0.002874842844903469 0
0.011328281834721565 0
0.3848005533218384 0
0.0021945503540337086 0
0.008150899782776833 0
0.3357466161251068 0
0.015230274759232998 0
0.008378591388463974 0
0.3244936168193817 0
0.0055740936659276485 0
0.009549368172883987 0
0.3419197201728821 0
0.0019594812765717506 0
0.0018570998217910528 0
0.3326968550682068 0
0.0006514592096209526 0
0.01581859029829502 0
0.3739664554595947 0
0.032577842473983765 0
0.0029062204994261265 0
0.39091354608535767 0
0.0014416076010093093 0
0.0027009951882064342 0
0.3339465856552124 0
0.007649930194020271 0
0.051689889281988144 0
0.41725966334342957 0
0.00041504576802253723 0
0.024126596748828888 0
0.4085361361503601 0
0.0015360856195911765 0
0.008086051791906357 0
0.35687991976737976 0
0.019665628671646118 0
0.0059614889323711395 0
0.5864409804344177 0
0.022319471463561058 0
0.048689380288124084 0
0.4415108859539032 0
0.005141849163919687 0
0.0059731341898441315 0
0.6376965641975403 0
0.1651313304901123 0
0.0007791832904331386 0
0.6924556493759155 0
0.7116214632987976 1
0.7908756732940674 1
0.48171842098236084 1
0.7120410203933716 1
0.723564088344574 1
0.8862566947937012 1
0.9314188957214355 1
0.9021503329277039 1
0.8060566186904907 1
0.3524019718170166 1
0.6929966807365417 1
0.8318792581558228 1
0.3694491386413574 1
0.34514397382736206 1
0.6161364316940308 1
0.3453974425792694 1
0.7659213542938232 1
0.357199490070343 1
0.36438795924186707 1
0.33535003662109375 1
0.45391565561294556 1
0.6292230486869812 1
0.5866813659667969 1
