0.6834196448326111 1
0.32033467292785645 0
0.332505464553833 0
0.16264373064041138 0
0.34506770968437195 0
0.6359783411026001 1
0.027971554547548294 0
0.36495596170425415 0
0.31649115681648254 0
0.5842495560646057 0
0.6210072636604309 1
0.3248990774154663 0
0.3352908492088318 0
0.29984042048454285 0
0.27488911151885986 0
0.8902654051780701 1
0.5934851765632629 0
0.7016645669937134 0
0.10378175228834152 0
0.5899055004119873 0
0.7630985975265503 1
0.8424186110496521 0
0.798404335975647 0
0.6155186295509338 0
0.6792593002319336 0
0.9800264835357666 1
0.9069867134094238 0
0.7923393249511719 0
0.3348045349121094 0
0.6575631499290466 0
0.7171027064323425 1
0.5262920260429382 0
0.9732930064201355 0
0.30744415521621704 0
0.3242170214653015 0
0.6658452749252319 1
0.876908004283905 0
0.3743687570095062 0
0.334686815738678 0
0.6758822798728943 0
0.4082929790019989 1
0.8398455381393433 0
0.9882990717887878 0
0.2861459255218506 0
0.32575786113739014 0
0.9890941381454468 1
0.02931812033057213 0
0.3327638506889343 0
0.010720714926719666 0
0.6582556962966919 0
0.9474600553512573 1
0.1266099512577057 0
0.16970281302928925 0
0.39579612016677856 0
0.6207209825515747 0
0.7865934371948242 1
0.3215653598308563 0
0.3223322033882141 0
0.3409506678581238 0
0.6594223380088806 0
0.9071077108383179 1
0.2885701060295105 0
0.33872920274734497 0
0.07686333358287811 0
0.2782192826271057 0
0.7581402063369751 1
0.9864962100982666 0
0.9456228017807007 0
0.449285089969635 0
0.8764020204544067 0
0.7021435499191284 1
0.3094841539859772 0
0.3468751311302185 0
0.33877813816070557 0
0.5957517027854919 0
0.6876274347305298 1
0.14946860074996948 0
0.6614118814468384 0
0.14241495728492737 0
0.08376027643680573 0
0.7543203234672546 1
0.667735755443573 0
0.6613548994064331 0
0.9754548072814941 0
0.6289172172546387 0
0.7866837978363037 1
0.21214310824871063 0
0.6228342056274414 0
0.42758697271347046 0
0.6304595470428467 0
0.5730794668197632 1
0.0012809482868760824 0
0.031742583960294724 0
0.1552135944366455 0
0.3121352791786194 0
0.5604857802391052 1
0.006985471583902836 0
0.23949962854385376 0
0.02673429809510708 0
0.19011518359184265 0
0.644165575504303 1
0.017231367528438568 0
0.32174524664878845 0
0.14242585003376007 0
0.08360612392425537 0
0.6720389723777771 1
0.07965181767940521 0
0.6873416304588318 0
0.3348207175731659 0
0.012635255232453346 0
0.671619176864624 1
0.1174793690443039 0
0.6481766700744629 0
0.22148814797401428 0
0.1507491022348404 0
0.6400578022003174 1
0.2796974182128906 0
0.6377143859863281 0
0.09339107573032379 0
0.07340078055858612 0
0.661264955997467 1
0.05407121032476425 0
0.9008769989013672 0
0.5929349660873413 0
0.5488288402557373 0
0.705184817314148 1
0.013862735591828823 0
0.9513508677482605 0
0.5854396224021912 0
0.6126080751419067 0
0.6503387093544006 1
0.19187358021736145 0
0.966600775718689 0
0.2147657871246338 0
0.3377971649169922 0
0.646976113319397 1
0.024463046342134476 0
0.3907981812953949 0
0.534339964389801 0
0.3240741789340973 0
0.6884157061576843 1
0.016116544604301453 0
0.3348708748817444 0
0.3182356655597687 0
0.2581980526447296 0
0.6669998168945312 1
0.01122559979557991 0
0.29049330949783325 0
0.15664806962013245 0
0.2503553032875061 0
0.7002732157707214 1
0.10172663629055023 0
0.3502272367477417 0
0.054854415357112885 0
0.19839072227478027 0
0.6658730506896973 1
0.05493154749274254 0
0.32133686542510986 0
0.07101529091596603 0
0.0014236471615731716 0
0.6737526655197144 1
0.2288927286863327 0
0.3026142120361328 0
0.017542241141200066 0
0.07160353660583496 0
0.6110054850578308 1
0.007899725809693336 0
0.07377741485834122 0
0.29163551330566406 0
0.018448632210493088 0
0.621941864490509 1
0.004348199814558029 0
0.00846682209521532 0
0.01531188189983368 0
0.0037812553346157074 0
0.3497016429901123 1
0.014215121045708656 0
0.1165931448340416 0
0.005779393017292023 0
0.004498408641666174 0
0.3451469838619232 1
0.31247904896736145 0
0.32995232939720154 0
0.33232438564300537 0
0.03173030540347099 0
0.340597003698349 1
0.09098644554615021 0
0.33270263671875 0
0.32566896080970764 0
0.3236978352069855 0
0.34624332189559937 1
0.3201817274093628 0
0.3326290547847748 0
0.04574563726782799 0
0.24580982327461243 0
0.33452901244163513 1
0.059700340032577515 0
0.18672767281532288 0
0.30457252264022827 0
0.004414475057274103 0
0.4040085971355438 1
0.02313503995537758 0
0.04857548326253891 0
0.2451586127281189 0
0.0783943459391594 0
0.638801097869873 1
0.022407671436667442 0
0.17290526628494263 0
0.32844483852386475 0
0.1349293738603592 0
0.6763864755630493 1
0.5223751068115234 0
0.6473956108093262 0
0.3365865647792816 0
0.20205184817314148 0
0.6942703723907471 1
0.3111369013786316 0
0.598918080329895 0
0.33238762617111206 0
0.3375874161720276 0
0.8114041090011597 1
0.4008968472480774 0
0.3587966561317444 0
0.18338987231254578 0
0.13928037881851196 0
0.6680671572685242 1
0.2741008400917053 0
0.3408438563346863 0
0.3463376760482788 0
0.008018760941922665 0
0.6699337959289551 1
0.25843629240989685 0
0.6436084508895874 0
0.3338720202445984 0
0.040990978479385376 0
0.82822585105896 1
0.6184000372886658 0
0.890489935874939 0
0.6653311848640442 0
0.1019594669342041 0
0.3335620164871216 1
0.4937148094177246 0
0.8983715772628784 0
0.3772834539413452 0
0.49628204107284546 0
0.33840760588645935 1
0.5212414264678955 0
0.9538032412528992 0
0.2708736062049866 0
0.33164170384407043 0
0.4994390606880188 1
0.4109995365142822 0
0.9790605306625366 0
0.2324431985616684 0
0.0610429123044014 0
0.37202149629592896 1
0.8679937124252319 0
0.889080286026001 0
0.32809340953826904 0
0.16962580382823944 0
0.34539318084716797 1
0.4285898208618164 0
0.8531697988510132 0
0.23204147815704346 0
0.03131616488099098 0
0.6447703838348389 1
0.6006200313568115 0
0.7151311635971069 0
0.6430886387825012 0
0.6919437646865845 0
0.668165385723114 1
0.14221186935901642 0
0.25976669788360596 0
0.3511301875114441 0
0.09655825793743134 0
0.6643860340118408 1
0.22692173719406128 0
0.3528963029384613 0
0.3507711589336395 0
0.3862495422363281 0
0.9621352553367615 1
0.0166117325425148 0
0.32753342390060425 0
0.04384458810091019 0
0.4932885766029358 0
0.3334307074546814 1
8.096796227619052e-05 0
0.22649924457073212 0
0.3337121605873108 0
0.004634983371943235 0
0.6689503192901611 1
0.03999117761850357 0
0.2547634243965149 0
0.3334522843360901 0
0.008679780177772045 0
0.9283847808837891 1
0.21148203313350677 0
0.0451909564435482 0
0.6558895111083984 0
0.01763206347823143 0
0.5918304920196533 1
0.33419856429100037 0
0.3334999084472656 0
0.3700880706310272 0
0.2218739241361618 0
0.6142323017120361 1
0.31128019094467163 0
0.33752140402793884 0
0.3330221474170685 0
0.3598208427429199 0
0.5249423980712891 1
0.036028146743774414 0
0.33331242203712463 0
0.06380889564752579 0
0.11001600325107574 0
0.6755855083465576 1
0.2346949279308319 0
0.6172783374786377 0
0.007268975954502821 0
0.013777158223092556 0
0.4713434875011444 1
0.3285360336303711 0
0.3432570695877075 0
0.33100181818008423 0
0.014603527262806892 0
0.7939155101776123 1
0.6644405126571655 0
0.8780216574668884 0
0.678001344203949 0
0.424366295337677 0
0.3903231620788574 1
0.3265911340713501 0
0.1488431990146637 0
0.3380257487297058 0
0.060648128390312195 0
0.6427546143531799 1
0.02016570046544075 0
0.42455655336380005 0
0.22835379838943481 0
0.07181850075721741 0
0.6068646907806396 1
0.11244186758995056 0
0.6399750709533691 0
0.27679207921028137 0
0.011280957609415054 0
0.33661967515945435 1
0.0869818925857544 0
0.010345111601054668 0
0.05330552160739899 0
0.00020412952289916575 0
0.6261059641838074 1
0.009266944602131844 0
0.08584260195493698 0
0.31639882922172546 0
0.008157944306731224 0
0.6492955088615417 1
0.11631989479064941 0
0.5092347860336304 0
0.597630500793457 0
0.008194905705749989 0
