0.2084978073835373 1
0.5108436346054077 1
0.21059320867061615 1
0.7400344610214233 1
0.0002774831373244524 1
0.40308713912963867 1
0.610184907913208 1
0.009319458156824112 1
0.5770560503005981 1
0.21098071336746216 1
0.3409044146537781 1
0.04701504111289978 1
0.5136034488677979 1
0.6156272292137146 1
0.9572927951812744 1
0.6393792033195496 1
0.0006457976414822042 1
0.5596478581428528 1
0.12250524759292603 1
0.6893401145935059 1
0.26830142736434937 1
0.15630477666854858 1
0.8097574710845947 1
0.002385844476521015 0
0.0009765926515683532 0
0.41433942317962646 0
0.002050571609288454 0
0.1337008774280548 0
0.21008408069610596 0
0.0006000048015266657 0
0.0013934586895629764 0
0.23942211270332336 0
0.004491675645112991 0
0.01621253602206707 0
0.7641131281852722 0
0.00016231600602623075 0
0.0004593983176164329 0
0.5960162281990051 0
0.0013879778562113643 0
0.00030192622216418386 0
0.32437098026275635 0
0.0004332304233685136 0
0.006893869023770094 0
0.5751907229423523 0
0.02075241506099701 0
0.004174723289906979 0
0.33362722396850586 0
0.0033803186379373074 0
0.01570962555706501 0
0.2964380979537964 0
0.0013457124587148428 0
0.0021345606073737144 0
0.32912272214889526 0
0.0063078878447413445 0
0.004172916524112225 0
0.3181360363960266 0
0.002499314723536372 0
0.022151632234454155 0
0.3329694867134094 0
0.005908507388085127 0
0.003953159786760807 0
0.335414856672287 0
0.0006069711525924504 0
0.012837331742048264 0
0.32666921615600586 0
0.031109055504202843 0
0.0033385558053851128 0
0.40331119298934937 0
0.002780554350465536 0
0.0012600475456565619 0
0.31713926792144775 0
0.007359113544225693 0
0.0175070371478796 0
0.36652857065200806 0
0.00019976648036390543 0
0.050545528531074524 0
0.36748170852661133 0
0.000990784727036953 0
0.003458959748968482 0
0.35244235396385193 0
0.009467298164963722 0
0.004302645102143288 0
0.5799885988235474 0
0.02117803506553173 0
0.035959478467702866 0
0.31971073150634766 0
0.004138584714382887 0
0.00256188097409904 0
0.5500222444534302 0
0.03435658663511276 0
0.0010281662689521909 0
0.6528082489967346 0
0.6889896392822266 1
0.8022128343582153 1
0.5321465730667114 1
0.6992239356040955 1
0.7084331512451172 1
0.8141991496086121 1
0.921340823173523 1
0.9495998620986938 1
0.7393287420272827 1
0.3139689564704895 1
0.47247129678726196 1
0.7065138816833496 1
0.3685217797756195 1
0.3468617796897888 1
0.5185437202453613 1
0.349923312664032 1
0.7350005507469177 1
0.3125743269920349 1
0.40153181552886963 1
0.34110212326049805 1
0.5948651432991028 1
0.6695293188095093 1
0.4585617482662201 1
