0.9943356513977051 1
0.33825644850730896 0
0.2639044523239136 0
0.11354635655879974 0
0.7756494283676147 0
0.9641772508621216 1
0.17039048671722412 0
0.747672975063324 0
0.13624176383018494 0
0.9044630527496338 0
0.9918884038925171 1
0.5793064832687378 0
0.8934401273727417 0
0.3355446457862854 0
0.30609631538391113 0
0.999095618724823 1
0.42851096391677856 0
0.9041458368301392 0
0.0620051771402359 0
0.81821608543396 0
0.9909086227416992 1
0.8566204309463501 0
0.9542834162712097 0
0.9766882658004761 0
0.9328462481498718 0
0.9989833235740662 1
0.9352974891662598 0
0.9958291053771973 0
0.4261648654937744 0
0.9407624006271362 0
0.9923031330108643 1
0.20208629965782166 0
0.6876920461654663 0
0.03893957659602165 0
0.11677402257919312 0
0.9948191046714783 1
0.13371510803699493 0
0.1611141860485077 0
0.11819249391555786 0
0.5610697269439697 0
0.8350385427474976 1
0.5438369512557983 0
0.519294798374176 0
0.020200323313474655 0
0.14805519580841064 0
0.9993056058883667 1
0.04432535916566849 0
0.43840211629867554 0
0.022672196850180626 0
0.9274415373802185 0
0.9824325442314148 1
0.3780972361564636 0
0.14679951965808868 0
0.3228414058685303 0
0.6854734420776367 0
0.995782732963562 1
0.5585853457450867 0
0.9027736186981201 0
0.7408873438835144 0
0.9739460349082947 0
0.993239164352417 1
0.1006593257188797 0
0.034061044454574585 0
0.07792886346578598 0
0.06949909776449203 0
0.9950178861618042 1
0.9897891283035278 0
0.997888445854187 0
0.8293009996414185 0
0.9961897730827332 0
0.9958252906799316 1
0.5609447956085205 0
0.5864981412887573 0
0.21547678112983704 0
0.9670542478561401 0
0.9948153495788574 1
0.09742920100688934 0
0.7669734954833984 0
0.26448431611061096 0
0.6527724266052246 0
0.9839857816696167 1
0.5198846459388733 0
0.04303468018770218 0
0.9847919940948486 0
0.31015312671661377 0
0.9988160133361816 1
0.019973300397396088 0
0.5522711277008057 0
0.8195012807846069 0
0.33017873764038086 0
0.98704594373703 1
0.0004887249669991434 0
0.0056082322262227535 0
0.11789600551128387 0
0.045965149998664856 0
0.991560697555542 1
0.004687868058681488 0
0.1253025233745575 0
0.00884327944368124 0
0.017846059054136276 0
0.8945666551589966 1
0.003846780164167285 0
0.05912413448095322 0
0.004539355169981718 0
0.031762704253196716 0
0.9996361136436462 1
0.02264023944735527 0
0.9994473457336426 0
0.09868717193603516 0
0.006850380450487137 0
0.9974875450134277 1
0.008629681542515755 0
0.967873215675354 0
0.022451087832450867 0
0.015199135057628155 0
0.9741824865341187 1
0.034578755497932434 0
0.9348984956741333 0
0.006884452886879444 0
0.006225109100341797 0
0.9942955374717712 1
0.03060157224535942 0
0.9276859164237976 0
0.8648775815963745 0
0.42918190360069275 0
0.9947792291641235 1
0.009847268462181091 0
0.7429918050765991 0
0.536199152469635 0
0.49716323614120483 0
0.7554203271865845 1
0.36556705832481384 0
0.7829381823539734 0
0.0218561552464962 0
0.17166167497634888 0
0.9956304430961609 1
0.01158892922103405 0
0.4752325415611267 0
0.6566252112388611 0
0.40690189599990845 0
0.9994141459465027 1
0.04300512373447418 0
0.7738334536552429 0
0.3612086772918701 0
0.027620859444141388 0
0.9603487849235535 1
0.008225774392485619 0
0.1961045265197754 0
0.05543303117156029 0
0.05557045340538025 0
0.9992822408676147 1
0.010305534116923809 0
0.3129557967185974 0
0.0031593837775290012 0
0.05977889150381088 0
0.9980022311210632 1
0.010113418102264404 0
0.17997407913208008 0
0.02304883860051632 0
0.0020095151849091053 0
0.9939800500869751 1
0.012259790673851967 0
0.16079746186733246 0
0.0035035458859056234 0
0.0078086256980896 0
0.5955699682235718 1
0.0010955361649394035 0
0.2377510666847229 0
0.016462616622447968 0
0.009190784767270088 0
0.9934030771255493 1
0.0002337841724511236 0
0.006305720657110214 0
0.00939762219786644 0
0.005213720258325338 0
0.6090402007102966 1
0.0013148998841643333 0
0.011459577828645706 0
0.003526890417560935 0
0.005302162375301123 0
0.9893185496330261 1
0.16655001044273376 0
0.9567410349845886 0
0.4857293367385864 0
0.0008357809274457395 0
0.9735733866691589 1
0.13962721824645996 0
0.9857429265975952 0
0.9805692434310913 0
0.3624809980392456 0
0.9257827997207642 1
0.8968598246574402 0
0.9635457992553711 0
0.5511036515235901 0
0.9161884784698486 0
0.9126049876213074 1
0.0011664738412946463 0
0.22230300307273865 0
0.4714122414588928 0
0.0005886991275474429 0
0.9050275683403015 1
0.0007404947536997497 0
0.03746600076556206 0
0.0955229103565216 0
0.00019255762163084 0
0.9893143177032471 1
0.001456335885450244 0
0.04779195040464401 0
0.008102700114250183 0
0.004729215055704117 0
0.9951080083847046 1
0.8460482358932495 0
0.9947891235351562 0
0.9043070673942566 0
2.8730632038787007e-05 0
0.9998957514762878 1
0.33203351497650146 0
0.9924567937850952 0
0.853774905204773 0
0.07940610498189926 0
0.9991385340690613 1
0.9218214750289917 0
0.9911423921585083 0
0.15957671403884888 0
0.46982330083847046 0
0.9993054270744324 1
0.00036832698970101774 0
0.18732309341430664 0
0.4769582450389862 0
0.0002631551178637892 0
0.9988512992858887 1
0.0014750187983736396 0
0.9401184916496277 0
0.43182867765426636 0
9.112322004511952e-05 0
0.9961184859275818 1
0.4517725706100464 0
0.9738752841949463 0
0.7561837434768677 0
0.006548924371600151 0
0.8503982424736023 1
0.11213906854391098 0
0.2741072177886963 0
0.8528155088424683 0
0.5268880128860474 0
0.8488874435424805 1
0.38412541151046753 0
0.41637754440307617 0
0.10698302090167999 0
0.6408644318580627 0
0.896216094493866 1
0.1452961266040802 0
0.6636914014816284 0
0.39367079734802246 0
0.40447020530700684 0
0.9414463043212891 1
0.3095904588699341 0
0.235887810587883 0
0.7620189189910889 0
0.00581985292956233 0
0.94520103931427 1
0.056614454835653305 0
0.5420411825180054 0
0.017153270542621613 0
0.0013768872013315558 0
0.9702795743942261 1
0.05126439779996872 0
0.4828861653804779 0
0.11967276781797409 0
0.8760286569595337 0
0.9678187370300293 1
0.01862109638750553 0
0.8455705046653748 0
0.38534101843833923 0
5.742887879023328e-06 0
0.994962215423584 1
0.6234416961669922 0
0.9927034378051758 0
0.9076063632965088 0
0.8217312097549438 0
0.9992163181304932 1
0.26471802592277527 0
0.7106062769889832 0
0.27916276454925537 0
0.9869434237480164 0
0.9431898593902588 1
0.00038869556738063693 0
0.365073025226593 0
0.3977012038230896 0
6.187439430505037e-05 0
0.9979195594787598 1
0.0011632160749286413 0
0.7235528230667114 0
0.29809343814849854 0
0.00014732823183294386 0
0.9977978467941284 1
0.0034594188909977674 0
0.08567380160093307 0
0.42611345648765564 0
0.005815573967993259 0
0.980471134185791 1
0.8589153289794922 0
0.8576828837394714 0
0.2552545368671417 0
0.0004996825009584427 0
0.9906288385391235 1
0.6889383792877197 0
0.9176637530326843 0
0.928286075592041 0
0.45399773120880127 0
0.9927191734313965 1
0.3139575719833374 0
0.8854905366897583 0
0.36277449131011963 0
0.3404296338558197 0
0.9976614713668823 1
0.004379479214549065 0
0.9082921743392944 0
5.421051901066676e-05 0
0.00042494857916608453 0
0.9664438962936401 1
0.007303399965167046 0
0.4514189660549164 0
0.003729746676981449 0
0.0005076414090581238 0
0.9929937720298767 1
0.8700776100158691 0
0.9814488291740417 0
0.8012036085128784 0
0.02741694077849388 0
0.4470471143722534 1
0.00024355364439543337 0
0.55411696434021 0
0.031800128519535065 0
4.088470450369641e-05 0
0.9288944005966187 1
0.02684984914958477 0
0.9778801202774048 0
0.7156432867050171 0
0.02129400335252285 0
0.9948768615722656 1
0.1882847249507904 0
0.9828346967697144 0
0.728593111038208 0
0.30209025740623474 0
0.0011345717357471585 1
8.623807661933824e-05 0
0.0021326837595552206 0
0.009041769430041313 0
2.703969585127197e-06 0
0.3198354244232178 1
0.0006296912324614823 0
0.012856001034379005 0
0.001374747953377664 0
0.0002069770998787135 0
0.9297991991043091 1
0.005109067540615797 0
0.022687023505568504 0
0.06241030618548393 0
0.00389779731631279 0
