0.9990572333335876 1
0.14337371289730072 0
0.3408188223838806 0
0.2257806360721588 0
0.819023072719574 0
0.9941882491111755 1
0.027744179591536522 0
0.7328452467918396 0
0.5346248149871826 0
0.9849376082420349 0
0.9994473457336426 1
0.21996299922466278 0
0.7961417436599731 0
0.4534674286842346 0
0.33944711089134216 0
0.9998957514762878 1
0.5129109621047974 0
0.8227531313896179 0
0.6405595541000366 0
0.9806908965110779 0
0.9942984580993652 1
0.9644119143486023 0
0.9036327600479126 0
0.9668771028518677 0
0.994455099105835 0
0.9998936653137207 1
0.9501029253005981 0
0.9964113235473633 0
0.906275749206543 0
0.9982358813285828 0
0.9956326484680176 1
0.3486406207084656 0
0.9106394648551941 0
0.1643497794866562 0
0.3379000425338745 0
0.9996046423912048 1
0.27112603187561035 0
0.06374385207891464 0
0.005630450323224068 0
0.7628555297851562 0
0.9948067665100098 1
0.9449830055236816 0
0.9976383447647095 0
0.002843771828338504 0
0.1632447987794876 0
0.9998118281364441 1
0.199128195643425 0
0.26936963200569153 0
0.03765265643596649 0
0.9930332899093628 0
0.9780672788619995 1
0.43230578303337097 0
0.058705106377601624 0
0.9530693888664246 0
0.9898831248283386 0
0.9997352957725525 1
0.3563902974128723 0
0.8213211297988892 0
0.9417532682418823 0
0.998943567276001 0
0.9993987083435059 1
0.053090836852788925 0
0.016552915796637535 0
0.3094176650047302 0
0.3339940011501312 0
0.9987959265708923 1
0.9843076467514038 0
0.9975609183311462 0
0.9615559577941895 0
0.9963345527648926 0
0.9995728731155396 1
0.4830505847930908 0
0.383539617061615 0
0.8902171850204468 0
0.9700514674186707 0
0.9983426332473755 1
0.08625388145446777 0
0.2761625051498413 0
0.450725257396698 0
0.894868016242981 0
0.9941713213920593 1
0.2507965564727783 0
0.004524169489741325 0
0.9992847442626953 0
0.7375463247299194 0
0.9998781085014343 1
0.03520658612251282 0
0.4293960928916931 0
0.9433602094650269 0
0.7683138251304626 0
0.9966206550598145 1
0.000125703212688677 0
0.0023748900275677443 0
0.21727946400642395 0
0.0609908401966095 0
0.9989237189292908 1
0.0012958701699972153 0
0.1478082686662674 0
0.04451444000005722 0
0.07905988395214081 0
0.9935786724090576 1
0.002536639105528593 0
0.06678032130002975 0
0.020423278212547302 0
0.07948513329029083 0
0.9999046325683594 1
0.04188530892133713 0
0.9954464435577393 0
0.1575629711151123 0
0.01321832649409771 0
0.9997845888137817 1
0.04031145200133324 0
0.9868590235710144 0
0.02299479767680168 0
0.032548945397138596 0
0.9991825819015503 1
0.07944382727146149 0
0.9804049730300903 0
0.008081628940999508 0
0.020934179425239563 0
0.9968852996826172 1
0.022656692191958427 0
0.9856404066085815 0
0.9460076093673706 0
0.2417406290769577 0
0.9993280172348022 1
0.03904339671134949 0
0.9913144111633301 0
0.6025887727737427 0
0.8720113635063171 0
0.9906425476074219 1
0.7949137687683105 0
0.9985038042068481 0
0.037993185222148895 0
0.11120752990245819 0
0.9987987875938416 1
0.0032881225924938917 0
0.13660313189029694 0
0.9441514015197754 0
0.0955277532339096 0
0.9998441934585571 1
0.01275777630507946 0
0.8339270949363708 0
0.9312629699707031 0
0.18519227206707 0
0.9977445602416992 1
0.0029362738132476807 0
0.13929383456707 0
0.20467659831047058 0
0.12726709246635437 0
0.999386727809906 1
0.0215710811316967 0
0.6679600477218628 0
0.008049992844462395 0
0.10003143548965454 0
0.9999226331710815 1
0.1260593831539154 0
0.2625838816165924 0
0.21431726217269897 0
0.0010598755907267332 0
0.9991520643234253 1
0.016926979646086693 0
0.34204643964767456 0
0.003722449764609337 0
0.009052738547325134 0
0.9618899822235107 1
0.0015473822131752968 0
0.09987753629684448 0
0.07771962881088257 0
0.00806706678122282 0
0.9975612163543701 1
0.0002447870501782745 0
0.003394428640604019 0
0.06347629427909851 0
0.00835292600095272 0
0.9396550059318542 1
0.002809432102367282 0
0.03889530524611473 0
0.001035048859193921 0
0.00280891265720129 0
0.9618698954582214 1
0.04339729994535446 0
0.8607462644577026 0
0.9747628569602966 0
0.005771623458713293 0
0.9811984300613403 1
0.06984952092170715 0
0.994487464427948 0
0.9861509203910828 0
0.4474050998687744 0
0.9910861253738403 1
0.8227051496505737 0
0.9704254865646362 0
0.8654066920280457 0
0.9116904139518738 0
0.966238260269165 1
0.0005633925902657211 0
0.06499449908733368 0
0.5394254326820374 0
0.00246855104342103 0
0.99357008934021 1
0.0008617264684289694 0
0.013237789273262024 0
0.11112779378890991 0
0.0006614340818487108 0
0.9825681447982788 1
0.0007481180364266038 0
0.03557150438427925 0
0.027564218267798424 0
0.012402007356286049 0
0.9984408617019653 1
0.7964401245117188 0
0.9997674822807312 0
0.9927936792373657 0
0.0010288364719599485 0
0.9999400973320007 1
0.23093967139720917 0
0.9995484352111816 0
0.9867284297943115 0
0.973665177822113 0
0.9993962645530701 1
0.9318327903747559 0
0.9462162852287292 0
0.18721571564674377 0
0.7722840309143066 0
0.9998236894607544 1
0.0008216580608859658 0
0.08792196214199066 0
0.8087038993835449 0
0.00045300423516891897 0
0.9998681545257568 1
0.018008682876825333 0
0.9956520795822144 0
0.496715247631073 0
0.0009156943997368217 0
0.9965125918388367 1
0.301640123128891 0
0.9787907600402832 0
0.9525723457336426 0
0.04142476245760918 0
0.9978560209274292 1
0.6633642911911011 0
0.7677093744277954 0
0.37669941782951355 0
0.293693482875824 0
0.9637298583984375 1
0.9848951697349548 0
0.9848650693893433 0
0.023093968629837036 0
0.6026289463043213 0
0.8657490015029907 1
0.9222253561019897 0
0.9958648681640625 0
0.38892918825149536 0
0.30167609453201294 0
0.9646100401878357 1
0.9818888902664185 0
0.7322276830673218 0
0.5406486988067627 0
0.0167118851095438 0
0.9672732353210449 1
0.7905701398849487 0
0.9940440654754639 0
0.008578469045460224 0
0.0021172435954213142 0
0.988846480846405 1
0.6440865397453308 0
0.7929002046585083 0
0.09311303496360779 0
0.9254490733146667 0
0.996756911277771 1
0.003906272817403078 0
0.9294031858444214 0
0.9808300733566284 0
0.010043957270681858 0
0.9956585764884949 1
0.584976315498352 0
0.9991471171379089 0
0.9996360540390015 0
0.9301127791404724 0
0.9996336698532104 1
0.8668563365936279 0
0.911637544631958 0
0.8417270183563232 0
0.9466990232467651 0
0.9839626550674438 1
0.00022591643210034817 0
0.05052107200026512 0
0.922557532787323 0
0.0007829991518519819 0
0.9994925260543823 1
0.002111571840941906 0
0.4335680603981018 0
0.922029435634613 0
0.000565328577067703 0
0.9978538751602173 1
0.006047283764928579 0
0.3662271201610565 0
0.8685933947563171 0
0.003954424522817135 0
0.9993142485618591 1
0.9331573843955994 0
0.9225673675537109 0
0.9025020599365234 0
0.033655039966106415 0
0.9995570182800293 1
0.7713139057159424 0
0.8706600666046143 0
0.9914116263389587 0
0.9271017909049988 0
0.9986044764518738 1
0.6327786445617676 0
0.9465207457542419 0
0.9259152412414551 0
0.7124342322349548 0
0.9969799518585205 1
0.0020060804672539234 0
0.9882147312164307 0
4.832876584259793e-05 0
0.0012339740060269833 0
0.9832874536514282 1
0.010645998641848564 0
0.8344734907150269 0
0.03245902433991432 0
0.0002303463697899133 0
0.9982044100761414 1
0.688145637512207 0
0.9937292337417603 0
0.9450256824493408 0
0.20103392004966736 0
0.8426938056945801 1
0.0007386560318991542 0
0.9041231870651245 0
0.2992362082004547 0
0.0006615086458623409 0
0.9968079924583435 1
0.012015140615403652 0
0.977419376373291 0
0.8390766978263855 0
0.6488277912139893 0
0.994879424571991 1
0.06893008947372437 0
0.8591063022613525 0
0.202915221452713 0
0.6647423505783081 0
0.1320985108613968 1
0.0002945974702015519 0
0.0014271324034780264 0
0.1670708954334259 0
3.857180672639515e-06 0
0.9640054702758789 1
0.0005403175018727779 0
0.0015207864344120026 0
0.020195357501506805 0
0.00018583721248432994 0
0.9930558204650879 1
0.015633925795555115 0
0.01264085154980421 0
0.35603341460227966 0
0.014565604738891125 0
