0.32637089490890503 1
0.508013904094696 1
0.33194008469581604 1
0.4666813015937805 1
0.04375525563955307 1
0.579908013343811 1
0.6774713397026062 1
0.06733828037977219 1
0.4829123020172119 1
0.30304041504859924 1
0.34297260642051697 1
0.3506162166595459 1
0.5121179223060608 1
0.5667773485183716 1
0.9189147353172302 1
0.3022264838218689 1
0.12964004278182983 1
0.4865451753139496 1
0.22509616613388062 1
0.7880885601043701 1
0.35840874910354614 1
0.22616635262966156 1
0.9190230369567871 1
0.004681356251239777 0
0.004521150607615709 0
0.7441563010215759 0
0.0012546427315101027 0
0.09076269716024399 0
0.3212633728981018 0
0.0031879721209406853 0
0.0012795135844498873 0
0.2189510464668274 0
0.021445509046316147 0
0.08151140809059143 0
0.868094801902771 0
0.000354719755705446 0
0.0007284407038241625 0
0.8970295190811157 0
0.0008694196003489196 0
0.00018186270608566701 0
0.6928740739822388 0
0.00030081887962296605 0
0.004011108539998531 0
0.6672302484512329 0
0.011118382215499878 0
0.0059717632830142975 0
0.34465157985687256 0
0.0012027225457131863 0
0.006687679793685675 0
0.5034058094024658 0
0.0034212132450193167 0
0.0070335352793335915 0
0.34411293268203735 0
0.0072273751720786095 0
0.011410070583224297 0
0.3513251543045044 0
0.009224163368344307 0
0.024046361446380615 0
0.48642677068710327 0
0.006145350635051727 0
0.003996001556515694 0
0.4433751702308655 0
0.0006691153976134956 0
0.010758273303508759 0
0.4064672887325287 0
0.058449964970350266 0
0.011890461668372154 0
0.6898139715194702 0
0.007224719505757093 0
0.005376339890062809 0
0.47352051734924316 0
0.052314065396785736 0
0.0217401385307312 0
0.7461981773376465 0
0.0010175114730373025 0
0.021004175767302513 0
0.5792720317840576 0
0.0005507166497409344 0
0.01205211877822876 0
0.5493767857551575 0
0.007233443669974804 0
0.005463298410177231 0
0.5413128733634949 0
0.010294588282704353 0
0.05423475801944733 0
0.47065743803977966 0
0.011544371955096722 0
0.0038185229059308767 0
0.6843246817588806 0
0.15012876689434052 0
0.002764738630503416 0
0.7919003367424011 0
0.6926905512809753 1
0.9284266233444214 1
0.5674833655357361 1
0.7169205546379089 1
0.936633288860321 1
0.9349751472473145 1
0.9821202158927917 1
0.9888607859611511 1
0.9328923225402832 1
0.47385966777801514 1
0.6968023777008057 1
0.9585427641868591 1
0.5450607538223267 1
0.5737212896347046 1
0.6431360244750977 1
0.40787583589553833 1
0.9018367528915405 1
0.5674155950546265 1
0.7016250491142273 1
0.4812464416027069 1
0.7112378478050232 1
0.7492889761924744 1
0.598649263381958 1
