0.9999827146530151 1
0.2890045940876007 0
0.6699627637863159 0
0.3432105481624603 0
0.985629677772522 0
0.9952114820480347 1
0.23955951631069183 0
0.821480929851532 0
0.9624801874160767 0
0.9974344968795776 0
0.9999775886535645 1
0.5358659625053406 0
0.9698292016983032 0
0.9552309513092041 0
0.7716450691223145 0
0.9999889135360718 1
0.7837890982627869 0
0.8476147651672363 0
0.626389741897583 0
0.9881939888000488 0
0.9929783344268799 1
0.9814135432243347 0
0.9939132928848267 0
0.9942931532859802 0
0.9962563514709473 0
0.9999911785125732 1
0.955681562423706 0
0.999656617641449 0
0.9830845594406128 0
0.9996564388275146 0
0.9991955161094666 1
0.663799524307251 0
0.9420599937438965 0
0.023740893229842186 0
0.2818235158920288 0
0.9998638033866882 1
0.21303674578666687 0
0.02144457958638668 0
0.013226578012108803 0
0.9302019476890564 0
0.9998990297317505 1
0.7777608633041382 0
0.8522758483886719 0
0.0023922231048345566 0
0.15720659494400024 0
0.9999552965164185 1
0.08080035448074341 0
0.7332556247711182 0
0.12036564946174622 0
0.9101442098617554 0
0.9884151816368103 1
0.7533522844314575 0
0.22757279872894287 0
0.9582341909408569 0
0.9292435050010681 0
0.9994802474975586 1
0.5014219284057617 0
0.9861423373222351 0
0.9908885955810547 0
0.9943000078201294 0
0.999998927116394 1
0.36395263671875 0
0.0008249084348790348 0
0.29903149604797363 0
0.6830991506576538 0
0.9999387264251709 1
0.996917724609375 0
0.9999055862426758 0
0.9844975471496582 0
0.9991217851638794 0
0.99998539686203 1
0.7080976366996765 0
0.09373508393764496 0
0.9804386496543884 0
0.9989620447158813 0
0.9998869299888611 1
0.6930679082870483 0
0.5293784141540527 0
0.16350789368152618 0
0.5225703120231628 0
0.9982375502586365 1
0.4513889253139496 0
0.059160783886909485 0
0.9999032020568848 0
0.7387036681175232 0
0.9998476505279541 1
0.02579420432448387 0
0.1047346293926239 0
0.7373850345611572 0
0.5362018942832947 0
0.9998823404312134 1
0.00011418357462389395 0
0.012466284446418285 0
0.25991150736808777 0
0.5803374648094177 0
0.9999091625213623 1
0.0006808571051806211 0
0.17163114249706268 0
0.060188066214323044 0
0.11479431390762329 0
0.9514232873916626 1
0.0018338027875870466 0
0.06674906611442566 0
0.0035668062046170235 0
0.027831517159938812 0
0.9999994039535522 1
0.08989469707012177 0
0.9997989535331726 0
0.6266394853591919 0
0.016391754150390625 0
0.999950110912323 1
0.06965355575084686 0
0.9978315234184265 0
0.038224928081035614 0
0.07095877826213837 0
0.9999526739120483 1
0.0592423677444458 0
0.9967248439788818 0
0.0017686409410089254 0
0.006386094726622105 0
0.9999491572380066 1
0.08273433893918991 0
0.8861481547355652 0
0.998934268951416 0
0.6173523664474487 0
0.9999481439590454 1
0.183990478515625 0
0.878646969795227 0
0.9291187524795532 0
0.9834405183792114 0
0.9875704646110535 1
0.9162341952323914 0
0.9382111430168152 0
0.05017618462443352 0
0.09338988363742828 0
0.9995861053466797 1
0.0025215456262230873 0
0.05322270095348358 0
0.9725933074951172 0
0.3269728422164917 0
0.9999929666519165 1
0.011841461062431335 0
0.987377405166626 0
0.8520087599754333 0
0.3864271342754364 0
0.9966702461242676 1
0.0023593613877892494 0
0.29916679859161377 0
0.09938526153564453 0
0.09912138432264328 0
0.9999946355819702 1
0.008470115251839161 0
0.6052781343460083 0
0.0003732075565494597 0
0.07545268535614014 0
0.9999939799308777 1
0.19625374674797058 0
0.4172297716140747 0
0.03597599267959595 0
0.0007237248937599361 0
0.999935507774353 1
0.03545539826154709 0
0.166303351521492 0
0.0005554626695811749 0
0.005208868067711592 0
0.9846016764640808 1
0.0012967123184353113 0
0.046884261071681976 0
0.06026662141084671 0
0.015700090676546097 0
0.9996438026428223 1
9.422758012078702e-05 0
0.0008490261971019208 0
0.08536623418331146 0
0.016234401613473892 0
0.8977600336074829 1
0.0013430318795144558 0
0.0037965343799442053 0
0.0011078102979809046 0
0.005890802480280399 0
0.9993776082992554 1
0.0055217500776052475 0
0.8690601587295532 0
0.6591835021972656 0
0.0006064772605895996 0
0.9982227087020874 1
0.0038677831180393696 0
0.9922990798950195 0
0.9800135493278503 0
0.7115062475204468 0
0.9964029788970947 1
0.9450721740722656 0
0.9952107667922974 0
0.49576613306999207 0
0.705835223197937 0
0.9901494979858398 1
0.00032471175654791296 0
0.029761917889118195 0
0.7959400415420532 0
0.0006234931643120944 0
0.9991852641105652 1
0.004381169565021992 0
0.012315437197685242 0
0.4656688868999481 0
0.0002991409273818135 0
0.9975325465202332 1
0.0021186298690736294 0
0.48635709285736084 0
0.04335329681634903 0
0.0014971209457144141 0
0.9997897148132324 1
0.8361414670944214 0
0.9994194507598877 0
0.9924530982971191 0
4.203318530926481e-05 0
0.9999927282333374 1
0.10568126291036606 0
0.9996926188468933 0
0.9846546053886414 0
0.8858212232589722 0
0.9995875358581543 1
0.9686437845230103 0
0.9888090491294861 0
0.3991621434688568 0
0.8813959360122681 0
0.9999946355819702 1
0.000764498021453619 0
0.09582307934761047 0
0.9286336898803711 0
0.0001056863329722546 0
0.9999418258666992 1
0.017854269593954086 0
0.9922417402267456 0
0.9625616073608398 0
0.00027160850004293025 0
0.9990291595458984 1
0.38732051849365234 0
0.9981569647789001 0
0.9815098643302917 0
0.008020982146263123 0
0.997246503829956 1
0.1514328420162201 0
0.09384268522262573 0
0.02975468337535858 0
0.3714838922023773 0
0.9689030647277832 1
0.8011573553085327 0
0.7050389647483826 0
0.033262014389038086 0
0.34261271357536316 0
0.9661620855331421 1
0.28281348943710327 0
0.5786923766136169 0
0.8359322547912598 0
0.7595150470733643 0
0.998616099357605 1
0.17980337142944336 0
0.35396331548690796 0
0.022517865523695946 0
0.0005241752951405942 0
0.9934802055358887 1
0.7518743276596069 0
0.9363663196563721 0
0.0009319306118413806 0
0.000158608439960517 0
0.9995062351226807 1
0.7671136260032654 0
0.7714823484420776 0
0.01525755412876606 0
0.9289244413375854 0
0.9987563490867615 1
0.00026455026818439364 0
0.9028369188308716 0
0.0490078330039978 0
0.00011366832768544555 0
0.38078194856643677 1
0.02586190029978752 0
0.9991713762283325 0
0.9990100860595703 0
0.8974095582962036 0
0.9980005621910095 1
0.1376013606786728 0
0.7250105738639832 0
0.3642396628856659 0
0.9932656288146973 0
0.8668662905693054 1
6.455514812842011e-05 0
0.06657081842422485 0
0.6780565977096558 0
0.0001303354511037469 0
0.9974624514579773 1
0.0045091137290000916 0
0.7207679152488708 0
0.569430947303772 0
0.0005928000318817794 0
0.9932483434677124 1
0.0023164977319538593 0
0.7912940979003906 0
0.1622045338153839 0
0.0022308072075247765 0
0.9996224641799927 1
0.5538679957389832 0
0.7747368216514587 0
0.1109699010848999 0
0.00042690179543569684 0
0.9999821186065674 1
0.28713059425354004 0
0.8254420161247253 0
0.9575983881950378 0
0.959788978099823 0
0.9997575283050537 1
0.21522676944732666 0
0.6110822558403015 0
0.5254946947097778 0
0.1783723682165146 0
0.999966561794281 1
0.0007458776235580444 0
0.7086951732635498 0
1.8285821852259687e-06 0
7.92401988292113e-05 0
0.990635097026825 1
0.0076303682290017605 0
0.8473110198974609 0
0.015442206524312496 0
0.00026167670148424804 0
0.9993860721588135 1
0.615940272808075 0
0.956455409526825 0
0.9141373038291931 0
0.013170823454856873 0
0.8129485845565796 1
0.0012991654220968485 0
0.12784528732299805 0
0.040368299931287766 0
0.000159789138706401 0
0.9936505556106567 1
0.0026436238549649715 0
0.877093493938446 0
0.9700595736503601 0
0.21961723268032074 0
0.9975036382675171 1
0.04423968121409416 0
0.9965914487838745 0
0.7473130226135254 0
0.37834224104881287 0
0.06211952120065689 1
0.0006351394113153219 0
0.002321748761460185 0
0.03597169369459152 0
1.2235238500579726e-05 0
0.5281758904457092 1
0.002057514386251569 0
0.018538882955908775 0
0.029109787195920944 0
0.0021525046322494745 0
0.9733405113220215 1
0.004424769431352615 0
0.0044964952394366264 0
0.0459476113319397 0
0.013899864628911018 0
