0.31909698247909546 1
0.313260555267334 1
0.22661255300045013 1
0.42599567770957947 1
0.2906556725502014 1
0.4866167902946472 1
0.44811558723449707 1
0.06572490930557251 1
0.3008038401603699 1
0.2240954488515854 1
0.2355555146932602 1
0.26398468017578125 1
0.23203518986701965 1
0.36484628915786743 1
0.4742797017097473 1
0.26448577642440796 1
0.080388143658638 1
0.3195784091949463 1
0.27162808179855347 1
0.41630133986473083 1
0.4024484157562256 1
0.3026159405708313 1
0.6250361204147339 1
0.023612160235643387 0
0.020028524100780487 0
0.550763726234436 0
0.011480452492833138 0
0.161200612783432 0
0.3180760443210602 0
0.0386737659573555 0
0.004296658094972372 0
0.250242680311203 0
0.06552577018737793 0
0.018096916377544403 0
0.6303561925888062 0
0.0035327202640473843 0
0.017335819080471992 0
0.5337899327278137 0
0.01226543914526701 0
0.0015472853556275368 0
0.6459945440292358 0
0.004676773678511381 0
0.0032755224965512753 0
0.6056874394416809 0
0.10904867947101593 0
0.01612447202205658 0
0.34202784299850464 0
0.0038808933459222317 0
0.01564096286892891 0
0.4394204616546631 0
0.015469247475266457 0
0.047405727207660675 0
0.45807790756225586 0
0.04581473022699356 0
0.00945107638835907 0
0.3746908903121948 0
0.14367778599262238 0
0.10968376696109772 0
0.4278956651687622 0
0.09038587659597397 0
0.050810933113098145 0
0.4811345934867859 0
0.008311852812767029 0
0.08375251293182373 0
0.4375801980495453 0
0.09553776681423187 0
0.06236704811453819 0
0.5166733264923096 0
0.10297299921512604 0
0.03779011219739914 0
0.48512494564056396 0
0.052999939769506454 0
0.05949973687529564 0
0.6239111423492432 0
0.002680467441678047 0
0.10325970500707626 0
0.5490220785140991 0
0.03435399383306503 0
0.043811000883579254 0
0.43450045585632324 0
0.056148823350667953 0
0.040686797350645065 0
0.5847486257553101 0
0.08955341577529907 0
0.15037432312965393 0
0.4879404902458191 0
0.09941953420639038 0
0.024025119841098785 0
0.7103667259216309 0
0.2533770501613617 0
0.035621628165245056 0
0.7557706832885742 0
0.7976898550987244 1
0.7229366302490234 1
0.20720693469047546 1
0.6671635508537292 1
0.7895001769065857 1
0.8006212711334229 1
0.8439922332763672 1
0.8517734408378601 1
0.7697609663009644 1
0.5539747476577759 1
0.561441957950592 1
0.7635542750358582 1
0.5158529281616211 1
0.4256269335746765 1
0.6076946258544922 1
0.39572426676750183 1
0.7199706435203552 1
0.6016980409622192 1
0.6375259757041931 1
0.5704317092895508 1
0.6954843401908875 1
0.7482568025588989 1
0.4151238203048706 1
