0.16192476451396942 1
0.4046481251716614 1
0.15011069178581238 1
0.3626389503479004 1
0.013869715854525566 1
0.486338347196579 1
0.588746190071106 1
0.007361556403338909 1
0.5661507844924927 1
0.2624587416648865 1
0.3988422155380249 1
0.05217766389250755 1
0.3748459219932556 1
0.5329474806785583 1
0.9281800985336304 1
0.23326298594474792 1
0.00100615993142128 1
0.40744084119796753 1
0.19189618527889252 1
0.5969480276107788 1
0.24380600452423096 1
0.18100938200950623 1
0.7408370971679688 1
0.007389916107058525 0
0.004709428176283836 0
0.3539351224899292 0
0.0007359306327998638 0
0.19534842669963837 0
0.3022765815258026 0
0.000930758542381227 0
0.0009607395040802658 0
0.2615205645561218 0
0.013101456686854362 0
0.020039387047290802 0
0.6894826292991638 0
5.833973045810126e-05 0
0.0005799116333946586 0
0.692211389541626 0
0.0011449081357568502 0
0.00035094315535388887 0
0.3696138560771942 0
0.0009020541328936815 0
9.431543730897829e-05 0
0.4662441611289978 0
0.03929050639271736 0
0.003620952134951949 0
0.3334772288799286 0
0.0007807636866346002 0
0.016490019857883453 0
0.32578736543655396 0
0.00037572832661680877 0
0.003352693747729063 0
0.3321067690849304 0
0.0031577690970152617 0
0.007580157369375229 0
0.3235633671283722 0
0.002513739513233304 0
0.014921657741069794 0
0.33514124155044556 0
0.012942537665367126 0
0.0019943160004913807 0
0.33623743057250977 0
0.0007110509905032814 0
0.016731463372707367 0
0.32549989223480225 0
0.01881384663283825 0
0.0034315173979848623 0
0.353151798248291 0
0.002851637080311775 0
0.0006808964535593987 0
0.3853145241737366 0
0.021265793591737747 0
0.018756739795207977 0
0.3984023928642273 0
0.00018259722855873406 0
0.018056465312838554 0
0.34329742193222046 0
0.0007307903724722564 0
0.002799839712679386 0
0.36415788531303406 0
0.0021848692558705807 0
0.0047139860689640045 0
0.44369611144065857 0
0.007929425686597824 0
0.02003147453069687 0
0.2936708331108093 0
0.0033184760250151157 0
0.00521710142493248 0
0.5874518752098083 0
0.09262029826641083 0
0.0014885650016367435 0
0.6687591075897217 0
0.6965274810791016 1
0.9028172492980957 1
0.36266085505485535 1
0.7263786196708679 1
0.7359611392021179 1
0.8374820947647095 1
0.9160867929458618 1
0.948509693145752 1
0.807133138179779 1
0.37253138422966003 1
0.3511049151420593 1
0.8443109393119812 1
0.396018922328949 1
0.3543212413787842 1
0.44620752334594727 1
0.29325172305107117 1
0.8525019884109497 1
0.3589646518230438 1
0.4209814667701721 1
0.3249508738517761 1
0.5455317497253418 1
0.6975547075271606 1
0.623663067817688 1
