0.999861478805542 1
0.1750527322292328 0
0.3205551505088806 0
0.3276519775390625 0
0.9517483115196228 0
0.8448717594146729 1
0.027087992057204247 0
0.4956367611885071 0
0.5008730292320251 0
0.9920064806938171 0
0.9990435838699341 1
0.10003666579723358 0
0.545462965965271 0
0.3350844085216522 0
0.8633073568344116 0
0.9999832510948181 1
0.3229159116744995 0
0.565497875213623 0
0.04027661681175232 0
0.9898542165756226 0
0.9709178805351257 1
0.4521486461162567 0
0.830981433391571 0
0.9979209899902344 0
0.9869281649589539 0
0.9999904632568359 1
0.8801522254943848 0
0.9974698424339294 0
0.9315093755722046 0
0.9996901750564575 0
0.9970922470092773 1
0.5242246389389038 0
0.9211690425872803 0
0.03582736849784851 0
0.5324243307113647 0
0.9996625781059265 1
0.4479169547557831 0
0.124819815158844 0
0.02385023795068264 0
0.6278702020645142 0
0.999832808971405 1
0.7663447856903076 0
0.9293953776359558 0
0.04227522760629654 0
0.5420418977737427 0
0.999973475933075 1
0.01785857230424881 0
0.24320510029792786 0
0.008882774971425533 0
0.9986073970794678 0
0.9890419840812683 1
0.010345670394599438 0
0.009557460434734821 0
0.8309377431869507 0
0.9608383178710938 0
0.9994949102401733 1
0.2298538088798523 0
0.5951682925224304 0
0.9455333948135376 0
0.9971148371696472 0
0.9999882578849792 1
0.138391375541687 0
0.004777179099619389 0
0.7018172144889832 0
0.7905638217926025 0
0.9990622401237488 1
0.9852405786514282 0
0.9993869662284851 0
0.9904798269271851 0
0.9972449541091919 0
0.9999775886535645 1
0.8508063554763794 0
0.1476670503616333 0
0.8474316596984863 0
0.9968528151512146 0
0.9991785287857056 1
0.2277180403470993 0
0.4444011449813843 0
0.7280370593070984 0
0.9824235439300537 0
0.9978272914886475 1
0.030953718349337578 0
0.01364968717098236 0
0.9981749057769775 0
0.8470380306243896 0
0.9996691942214966 1
0.0006985899526625872 0
0.0871487706899643 0
0.9712786078453064 0
0.9881454706192017 0
0.998162031173706 1
6.0469854361144826e-05 0
0.00029482037643902004 0
0.04264765605330467 0
0.03862343728542328 0
0.9999443888664246 1
0.00022316111426334828 0
0.04715149104595184 0
0.007794590666890144 0
0.021695580333471298 0
0.9620989561080933 1
0.0011399456998333335 0
0.020616164430975914 0
0.004845964256674051 0
0.022122986614704132 0
0.9999863505363464 1
0.00792873278260231 0
0.9958001375198364 0
0.18638062477111816 0
0.007809769362211227 0
0.9999150037765503 1
0.011914844624698162 0
0.9420672655105591 0
0.09185312688350677 0
0.04668823629617691 0
0.9998975992202759 1
0.01973341964185238 0
0.9527240991592407 0
0.0016738780541345477 0
0.007293378468602896 0
0.9999009966850281 1
0.00976368598639965 0
0.860494077205658 0
0.6287619471549988 0
0.10553199052810669 0
0.9998955726623535 1
0.026006106287240982 0
0.9564673900604248 0
0.33424970507621765 0
0.4026794135570526 0
0.9822708964347839 1
0.9043175578117371 0
0.994162917137146 0
0.014860006049275398 0
0.027281809598207474 0
0.9963834285736084 1
0.0008729068795219064 0
0.03147503361105919 0
0.9900959730148315 0
0.04320511966943741 0
0.9999946355819702 1
0.00012421721476130188 0
0.9061641693115234 0
0.9678365588188171 0
0.048283614218235016 0
0.9976487159729004 1
0.002430488122627139 0
0.04137146845459938 0
0.09165426343679428 0
0.03442101925611496 0
0.9999720454216003 1
0.004753774031996727 0
0.13887864351272583 0
0.004462616052478552 0
0.046469271183013916 0
0.999966025352478 1
0.030328048393130302 0
0.3363756537437439 0
0.21213339269161224 0
0.0009866943582892418 0
0.9996557235717773 1
0.00788621511310339 0
0.1370072215795517 0
0.001067840727046132 0
0.0062189362943172455 0
0.8897042274475098 1
0.0010478963376954198 0
0.011476244777441025 0
0.021833738312125206 0
0.02557971142232418 0
0.9996412992477417 1
0.00015010865172371268 0
0.001231072237715125 0
0.12323090434074402 0
0.04410617798566818 0
0.9955381751060486 1
0.00065467634703964 0
0.011596351861953735 0
0.0017696579452604055 0
0.006268735509365797 0
0.9996237754821777 1
0.005980080924928188 0
0.715238094329834 0
0.9303402900695801 0
0.0033798711374402046 0
0.9974130392074585 1
0.006105327978730202 0
0.9037043452262878 0
0.9750370979309082 0
0.8193367719650269 0
0.9952415227890015 1
0.801396369934082 0
0.9593898057937622 0
0.6898905038833618 0
0.9136711359024048 0
0.9961276054382324 1
0.00030471832724288106 0
0.004177096765488386 0
0.8392341136932373 0
0.002421401906758547 0
0.9998428821563721 1
0.00046203931560739875 0
0.002029042225331068 0
0.323210209608078 0
0.00010397019650554284 0
0.9972339868545532 1
3.158053004881367e-05 0
0.05507119745016098 0
0.04035323113203049 0
0.004364860709756613 0
0.9993175268173218 1
0.5023484230041504 0
0.9996833801269531 0
0.9947137832641602 0
0.000100385703262873 0
0.9999886751174927 1
0.047720879316329956 0
0.9990490674972534 0
0.9381932020187378 0
0.847083330154419 0
0.9992140531539917 1
0.9331385493278503 0
0.9769858121871948 0
0.1255122274160385 0
0.8425039649009705 0
0.9999841451644897 1
0.0005986008909530938 0
0.06551826745271683 0
0.8604736328125 0
0.0005077283130958676 0
0.9998898506164551 1
0.008007680997252464 0
0.9923766851425171 0
0.7706789374351501 0
0.0010223881108686328 0
0.9934643507003784 1
0.07252104580402374 0
0.992778480052948 0
0.9841164350509644 0
0.003497431753203273 0
0.9957138895988464 1
0.035539060831069946 0
0.048827558755874634 0
0.27146434783935547 0
0.07004254311323166 0
0.9769042730331421 1
0.27208420634269714 0
0.5588018894195557 0
0.01653108187019825 0
0.19292807579040527 0
0.9387669563293457 1
0.08756938576698303 0
0.7343134880065918 0
0.6393011808395386 0
0.2163388580083847 0
0.9852203130722046 1
0.4688325524330139 0
0.3968082368373871 0
0.2097853422164917 0
0.001364271156489849 0
0.9980491399765015 1
0.608021080493927 0
0.8989171981811523 0
0.00728789996355772 0
0.0036639131139963865 0
0.9999517202377319 1
0.6815909743309021 0
0.8358704447746277 0
0.05507444590330124 0
0.5173569917678833 0
0.9977442622184753 1
0.0006124651990830898 0
0.3897056579589844 0
0.8067414164543152 0
0.002042575506493449 0
0.9917566776275635 1
0.3802386522293091 0
0.9974430799484253 0
0.996961772441864 0
0.9845012426376343 0
0.997565746307373 1
0.6029478311538696 0
0.4374421238899231 0
0.9448038935661316 0
0.9597704410552979 0
0.09325354546308517 1
5.3723935707239434e-05 0
0.005906374659389257 0
0.9688421487808228 0
0.00044506991980597377 0
0.9995347857475281 1
0.00138859951402992 0
0.12672528624534607 0
0.8668670058250427 0
0.00031224876875057817 0
0.9914497137069702 1
0.0004867824900429696 0
0.06051626428961754 0
0.0853935182094574 0
0.005146769341081381 0
0.9993926286697388 1
0.7073603868484497 0
0.9775336980819702 0
0.934965968132019 0
0.01440163142979145 0
0.9999963045120239 1
0.508163332939148 0
0.9015032052993774 0
0.9982637166976929 0
0.9945707321166992 0
0.9995754957199097 1
0.3555789589881897 0
0.9339431524276733 0
0.701116681098938 0
0.47178518772125244 0
0.9998701810836792 1
0.0019828183576464653 0
0.8960277438163757 0
4.724481550510973e-05 0
0.001778927049599588 0
0.9992464780807495 1
0.007490619085729122 0
0.6144026517868042 0
0.28131619095802307 0
0.0021025885362178087 0
0.9964198470115662 1
0.24503092467784882 0
0.8902313709259033 0
0.8394174575805664 0
0.011016832664608955 0
0.863264799118042 1
0.0021642863284796476 0
0.9039573669433594 0
0.7120981216430664 0
0.00012609153054654598 0
0.9995958209037781 1
0.0014006372075527906 0
0.998229444026947 0
0.9738043546676636 0
0.9185196757316589 0
0.9956714510917664 1
0.14107617735862732 0
0.9943026900291443 0
0.9392796754837036 0
0.8482648134231567 0
0.2038698047399521 1
0.00022355755208991468 0
0.0013325819745659828 0
0.3565380275249481 0
3.566897794371471e-05 0
0.8012470006942749 1
0.0005941392737440765 0
0.015848100185394287 0
0.06394106149673462 0
0.001964169554412365 0
0.9209820628166199 1
0.003530598944053054 0
0.0014450763119384646 0
0.03923415020108223 0
0.002032850868999958 0
