0.09612452983856201 1
0.56096351146698 1
0.36787211894989014 1
0.5030179023742676 1
0.28064391016960144 1
0.5041474103927612 1
0.6860783100128174 1
0.020821478217840195 1
0.6856832504272461 1
0.35380738973617554 1
0.5447577238082886 1
0.38906025886535645 1
0.6679710149765015 1
0.6952699422836304 1
0.963153064250946 1
0.6969420909881592 1
0.016671329736709595 1
0.6368778347969055 1
0.14409728348255157 1
0.7709793448448181 1
0.4330723285675049 1
0.5299215316772461 1
0.7631354331970215 1
0.005041233263909817 0
0.0031510666012763977 0
0.7123303413391113 0
0.0006273137405514717 0
0.1221669614315033 0
0.38259804248809814 0
0.0026074647903442383 0
0.0027526444755494595 0
0.17396984994411469 0
0.005188348703086376 0
0.09339691698551178 0
0.828802227973938 0
0.0007722162990830839 0
0.00032571173505857587 0
0.7417055368423462 0
0.0014694982673972845 0
0.0003060600138269365 0
0.5543976426124573 0
0.0004692453658208251 0
0.0007416135049425066 0
0.6721765995025635 0
0.052237093448638916 0
0.03635409101843834 0
0.3874959647655487 0
0.0012050650548189878 0
0.012969449162483215 0
0.6284240484237671 0
0.004846947733312845 0
0.001830877736210823 0
0.3437201976776123 0
0.01665502041578293 0
0.031014328822493553 0
0.38645467162132263 0
0.021003909409046173 0
0.1184060275554657 0
0.4279293715953827 0
0.012562336400151253 0
0.004825394134968519 0
0.3986925780773163 0
0.0009084694320335984 0
0.026540037244558334 0
0.5568649172782898 0
0.017037490382790565 0
0.009448889642953873 0
0.6840341091156006 0
0.01899665966629982 0
0.01116929855197668 0
0.46654897928237915 0
0.01656102016568184 0
0.04114808887243271 0
0.6364917755126953 0
0.0008074832148849964 0
0.12360753864049911 0
0.5848187208175659 0
0.0011845363769680262 0
0.006269090808928013 0
0.4822741150856018 0
0.006934606935828924 0
0.024661753326654434 0
0.6660776138305664 0
0.05353627726435661 0
0.14191557466983795 0
0.49012085795402527 0
0.014786588959395885 0
0.018745798617601395 0
0.7023062705993652 0
0.19078652560710907 0
0.0017147345934063196 0
0.7083501815795898 0
0.6976151466369629 1
0.9021012783050537 1
0.49124830961227417 1
0.8271385431289673 1
0.8079160451889038 1
0.828068733215332 1
0.9271168112754822 1
0.9527978301048279 1
0.8419328927993774 1
0.6643490195274353 1
0.6923255324363708 1
0.9135186076164246 1
0.45992326736450195 1
0.6067098379135132 1
0.6676651239395142 1
0.35728132724761963 1
0.925101637840271 1
0.6476439833641052 1
0.7058981657028198 1
0.4965904951095581 1
0.7669867277145386 1
0.7252349853515625 1
0.6410704851150513 1
