0.6515164971351624 1
0.2674940824508667 0
0.4159705638885498 0
0.20855526626110077 0
0.500632107257843 0
0.5923566222190857 1
0.18197618424892426 0
0.304705947637558 0
0.36318135261535645 0
0.3165460526943207 0
0.5616981983184814 1
0.16728149354457855 0
0.40341711044311523 0
0.2422455996274948 0
0.034236520528793335 0
0.7691430449485779 1
0.6163174510002136 0
0.732402503490448 0
0.2628733813762665 0
0.48465603590011597 0
0.6621062755584717 1
0.4298679530620575 0
0.6258749961853027 0
0.6837267875671387 0
0.2765631377696991 0
0.6908822059631348 1
0.37111854553222656 0
0.6536115407943726 0
0.45248591899871826 0
0.10515182465314865 0
0.6819930076599121 1
0.19698499143123627 0
0.37229639291763306 0
0.4434093236923218 0
0.44078966975212097 0
0.6286748647689819 1
0.31023502349853516 0
0.15675343573093414 0
0.3907615840435028 0
0.4657377600669861 0
0.5549799203872681 1
0.2846774756908417 0
0.36076876521110535 0
0.12234669923782349 0
0.28799718618392944 0
0.7414107322692871 1
0.23668402433395386 0
0.4150332808494568 0
0.06649860739707947 0
0.4591137170791626 0
0.4556179642677307 1
0.2521075904369354 0
0.17208854854106903 0
0.17908242344856262 0
0.08827152848243713 0
0.5035281181335449 1
0.278160959482193 0
0.419758677482605 0
0.09310263395309448 0
0.21826830506324768 0
0.7623230814933777 1
0.42129528522491455 0
0.43458303809165955 0
0.1668895184993744 0
0.37682101130485535 0
0.6449820399284363 1
0.6773475408554077 0
0.8384460210800171 0
0.5775737762451172 0
0.5312681198120117 0
0.6339778900146484 1
0.3813757598400116 0
0.46235477924346924 0
0.3408258557319641 0
0.2550128698348999 0
0.42496615648269653 1
0.23747877776622772 0
0.3828234076499939 0
0.1489199697971344 0
0.15990328788757324 0
0.4002954363822937 1
0.38604673743247986 0
0.5823888182640076 0
0.5913020968437195 0
0.25334593653678894 0
0.4124572277069092 1
0.08662544190883636 0
0.2937549948692322 0
0.11181685328483582 0
0.2708057761192322 0
0.4286547303199768 1
0.0025705061852931976 0
0.1269080489873886 0
0.17167216539382935 0
0.03488051891326904 0
0.5622065663337708 1
0.0027892717625945807 0
0.1950702667236328 0
0.046477463096380234 0
0.015138174407184124 0
0.45699357986450195 1
0.002452454064041376 0
0.11920209228992462 0
0.05770944803953171 0
0.016583038493990898 0
0.661445140838623 1
0.02200721949338913 0
0.5924831032752991 0
0.061173535883426666 0
0.0022827100474387407 0
0.6174743175506592 1
0.021950673311948776 0
0.5669314861297607 0
0.047468747943639755 0
0.017450977116823196 0
0.421993225812912 1
0.07439963519573212 0
0.4405639171600342 0
0.007804513908922672 0
0.009246138855814934 0
0.5824052095413208 1
0.007700630929321051 0
0.1963476836681366 0
0.11164416372776031 0
0.18222635984420776 0
0.6401879787445068 1
0.0018124596681445837 0
0.252215713262558 0
0.23559564352035522 0
0.34550246596336365 0
0.27342453598976135 1
0.04178784042596817 0
0.32412391901016235 0
0.009756436571478844 0
0.1328047662973404 0
0.5358511209487915 1
0.011246517300605774 0
0.30950745940208435 0
0.14901380240917206 0
0.14657750725746155 0
0.6250622868537903 1
0.013294311240315437 0
0.5178378820419312 0
0.23121577501296997 0
0.04246877133846283 0
0.30741792917251587 1
0.002325079869478941 0
0.32812634110450745 0
0.06799861788749695 0
0.08284339308738708 0
0.6597954034805298 1
0.0033248155377805233 0
0.03533163666725159 0
0.0019534409511834383 0
0.0059961131773889065 0
0.6048774123191833 1
0.0275777205824852 0
0.06865125894546509 0
0.02389504387974739 0
0.00419960729777813 0
0.5124543905258179 1
0.03033214807510376 0
0.060883499681949615 0
0.013923387974500656 0
0.016589362174272537 0
0.09979477524757385 1
0.02263704501092434 0
0.10372619330883026 0
0.011836875230073929 0
0.0030879955738782883 0
0.18735846877098083 1
0.007288395427167416 0
0.03791161999106407 0
0.009717508219182491 0
0.008501356467604637 0
0.16439808905124664 1
0.004768736194819212 0
0.04238288849592209 0
0.011230474337935448 0
0.013919340446591377 0
0.37893983721733093 1
0.0016680634580552578 0
0.03205673396587372 0
0.12582474946975708 0
0.00015328775043599308 0
0.19561266899108887 1
0.009200978092849255 0
0.08630173653364182 0
0.2971106171607971 0
0.09338021278381348 0
0.2789658308029175 1
0.16646121442317963 0
0.406279057264328 0
0.10894492268562317 0
0.18008461594581604 0
0.2610296308994293 1
0.0003537017328198999 0
0.004148442298173904 0
0.08737736195325851 0
0.0001524075196357444 0
0.20590725541114807 1
0.0005860381061211228 0
0.003874782007187605 0
0.12838485836982727 0
0.0004946084227412939 0
0.3321305513381958 1
0.009652608074247837 0
0.08916759490966797 0
0.03516998514533043 0
0.0027512225788086653 0
0.6623846292495728 1
0.2941814661026001 0
0.5750182271003723 0
0.3141047954559326 0
0.000510866753757 0
0.6666997671127319 1
0.23867802321910858 0
0.49230116605758667 0
0.4624245762825012 0
0.10222740471363068 0
0.7003910541534424 1
0.30683374404907227 0
0.5188561677932739 0
0.11731176823377609 0
0.3136292099952698 0
0.6413329243659973 1
0.017112059518694878 0
0.0478832870721817 0
0.07294756174087524 0
6.0580459830816835e-05 0
0.5096694827079773 1
0.02084191143512726 0
0.37603944540023804 0
0.04073331505060196 0
0.00047031219583004713 0
0.3686281144618988 1
0.25149327516555786 0
0.4812978208065033 0
0.16416025161743164 0
0.002632993273437023 0
0.4918184280395508 1
0.010928790085017681 0
0.07950716465711594 0
0.02074352279305458 0
0.012157997116446495 0
0.3845824599266052 1
0.029755055904388428 0
0.16976706683635712 0
0.04896083474159241 0
0.3928828239440918 0
0.5144519805908203 1
0.058944281190633774 0
0.3035416305065155 0
0.21486173570156097 0
0.2482830137014389 0
0.46318840980529785 1
0.097306028008461 0
0.17693588137626648 0
0.010782278142869473 0
0.0007029281696304679 0
0.3759171962738037 1
0.04629501700401306 0
0.2474595606327057 0
0.0778360515832901 0
0.0005392428138293326 0
0.6213945150375366 1
0.2265414446592331 0
0.24866938591003418 0
0.04173608124256134 0
0.23078343272209167 0
0.4629765450954437 1
0.00505431741476059 0
0.41090327501296997 0
0.0030468085315078497 0
0.0007201287662610412 0
0.36841580271720886 1
0.11396777629852295 0
0.5066767930984497 0
0.038996774703264236 0
0.18597564101219177 0
0.5292664766311646 1
0.1972760409116745 0
0.35060641169548035 0
0.1100432425737381 0
0.37033921480178833 0
0.2752985954284668 1
0.00034881819738075137 0
0.2057194709777832 0
0.02583654783666134 0
5.945510201854631e-05 0
0.46816012263298035 1
0.002259178552776575 0
0.40706580877304077 0
0.015024005435407162 0
0.0011640457669273019 0
0.375462144613266 1
0.08493374288082123 0
0.3241957426071167 0
0.03792877495288849 0
0.0013625314459204674 0
0.5271763801574707 1
0.0973920226097107 0
0.2911618947982788 0
0.0035641067661345005 0
0.0003505201020743698 0
0.6055402159690857 1
0.11427733302116394 0
0.3841933012008667 0
0.28713998198509216 0
0.3754534125328064 0
0.6632081866264343 1
0.3087477385997772 0
0.37522149085998535 0
0.1043090745806694 0
0.19465748965740204 0
0.638642430305481 1
0.0013017444871366024 0
0.09286469221115112 0
0.0005684190546162426 0
0.00047601558617316186 0
0.16751036047935486 1
0.00829712487757206 0
0.07490000873804092 0
0.012353014200925827 0
0.009227997623383999 0
0.5105242133140564 1
0.21211937069892883 0
0.30171748995780945 0
0.03481680899858475 0
0.004079596139490604 0
0.08925428241491318 1
0.002686752937734127 0
0.0218111090362072 0
0.003382451832294464 0
0.00025175127666443586 0
0.26606568694114685 1
0.028199922293424606 0
0.10064433515071869 0
0.029206324368715286 0
0.01070002093911171 0
0.2605222463607788 1
0.033707283437252045 0
0.3032940924167633 0
0.08306141197681427 0
0.3539493978023529 0
0.014483126811683178 1
0.0002132772351615131 0
0.01813339814543724 0
0.0060309856198728085 0
1.1283877029200085e-05 0
0.026740044355392456 1
0.002082239370793104 0
0.123979851603508 0
0.0028026741929352283 0
0.0002472656196914613 0
0.17294010519981384 1
0.012838183902204037 0
0.2830910086631775 0
0.04560767114162445 0
0.003630730789154768 0
