0.9809510111808777 1
0.023969784379005432 0
0.03743121400475502 0
0.09799274057149887 0
0.07660776376724243 0
0.8758079409599304 1
0.06859035789966583 0
0.6769093871116638 0
0.21620187163352966 0
0.4935866594314575 0
0.9771341681480408 1
0.0759831964969635 0
0.274387925863266 0
0.07671693712472916 0
0.038463011384010315 0
0.9988510608673096 1
0.26524585485458374 0
0.41245824098587036 0
0.033270012587308884 0
0.7515259981155396 0
0.9937254190444946 1
0.9601677656173706 0
0.8615678548812866 0
0.93462073802948 0
0.9476186633110046 0
0.9993046522140503 1
0.7522557973861694 0
0.9124314188957214 0
0.15926191210746765 0
0.8385998010635376 0
0.8379092216491699 1
0.043875522911548615 0
0.5563482642173767 0
0.07873356342315674 0
0.07674955576658249 0
0.9655847549438477 1
0.09961935132741928 0
0.003986326977610588 0
0.009363044053316116 0
0.3655630946159363 0
0.5385652780532837 1
0.4296988248825073 0
0.6850634813308716 0
0.000980455195531249 0
0.06669078022241592 0
0.9989112615585327 1
0.007472993340343237 0
0.0706266239285469 0
0.012321887537837029 0
0.817011296749115 0
0.9831327199935913 1
0.22585110366344452 0
0.19167187809944153 0
0.7775959372520447 0
0.8395757675170898 0
0.9987050890922546 1
0.07222384959459305 0
0.3825857639312744 0
0.11231565475463867 0
0.8207597136497498 0
0.9935035109519958 1
0.02961771935224533 0
0.004124968778342009 0
0.0342179499566555 0
0.057639531791210175 0
0.9906606078147888 1
0.9831866025924683 0
0.9931915998458862 0
0.6258468627929688 0
0.9930511713027954 0
0.9814390540122986 1
0.08450057357549667 0
0.046335287392139435 0
0.01659439131617546 0
0.2546558976173401 0
0.9843018054962158 1
0.03227885812520981 0
0.572077751159668 0
0.07579567283391953 0
0.3807712495326996 0
0.9894270300865173 1
0.47787389159202576 0
0.0037965336814522743 0
0.9856436252593994 0
0.7774388790130615 0
0.9971303343772888 1
0.03573136776685715 0
0.482236385345459 0
0.5008183717727661 0
0.6248020529747009 0
0.9536278247833252 1
0.001195427030324936 0
0.010423846542835236 0
0.06422147154808044 0
0.03202999383211136 0
0.9668058156967163 1
0.004309101030230522 0
0.04482092708349228 0
0.009712069295346737 0
0.026877112686634064 0
0.5744063854217529 1
0.005114058498293161 0
0.052529893815517426 0
0.007694188039749861 0
0.028952188789844513 0
0.9991280436515808 1
0.05195977911353111 0
0.997705340385437 0
0.14308258891105652 0
0.012364242225885391 0
0.9956240653991699 1
0.013504075817763805 0
0.7476811408996582 0
0.009612632915377617 0
0.03176704794168472 0
0.9222853183746338 1
0.048379555344581604 0
0.9134998321533203 0
0.005260054022073746 0
0.017444800585508347 0
0.9886746406555176 1
0.046030715107917786 0
0.9291884303092957 0
0.7871754169464111 0
0.4828816056251526 0
0.9799207448959351 1
0.012064944952726364 0
0.5589901208877563 0
0.3619133234024048 0
0.36239752173423767 0
0.4886343479156494 1
0.1758652776479721 0
0.5349452495574951 0
0.016581377014517784 0
0.1726195216178894 0
0.9852129220962524 1
0.009761561639606953 0
0.08132698386907578 0
0.7876266837120056 0
0.616823673248291 0
0.9978978037834167 1
0.008791901171207428 0
0.11345066130161285 0
0.17200294137001038 0
0.23780477046966553 0
0.7438735961914062 1
0.004921131767332554 0
0.04605969414114952 0
0.1292262077331543 0
0.0378718301653862 0
0.9983634948730469 1
0.013437761925160885 0
0.38377267122268677 0
0.007615908049046993 0
0.07086549699306488 0
0.991599977016449 1
0.023241233080625534 0
0.15367697179317474 0
0.013025656342506409 0
0.0015542423352599144 0
0.9606744647026062 1
0.016676040366292 0
0.3105577826499939 0
0.002353701973333955 0
0.02010521851480007 0
0.7398940324783325 1
0.0016138448845595121 0
0.17171061038970947 0
0.019961252808570862 0
0.006804091390222311 0
0.9374873042106628 1
0.00045534572564065456 0
0.005078257992863655 0
0.00437345914542675 0
0.009734655730426311 0
0.22325536608695984 1
0.0015252390876412392 0
0.007585685700178146 0
0.0036729178391397 0
0.0046285116113722324 0
0.8115524649620056 1
0.006887068971991539 0
0.22191974520683289 0
0.06031303107738495 0
0.0010778815485537052 0
0.8355646133422852 1
0.005402650684118271 0
0.7449020743370056 0
0.7408905029296875 0
0.031113531440496445 0
0.6451390981674194 1
0.08108321577310562 0
0.4039706587791443 0
0.24635331332683563 0
0.1645313799381256 0
0.4872252643108368 1
0.0011319132754579186 0
0.016456186771392822 0
0.042760178446769714 0
0.0011086507001891732 0
0.2475775182247162 1
0.0008045283611863852 0
0.005933193024247885 0
0.004907010123133659 0
0.0008616488194093108 0
0.8748800158500671 1
0.0008432890754193068 0
0.010192777961492538 0
0.008063443005084991 0
0.012874068692326546 0
0.9992325305938721 1
0.8084589242935181 0
0.9881271719932556 0
0.6016356945037842 0
4.777110734721646e-05 0
0.9996625185012817 1
0.3411960303783417 0
0.9633240103721619 0
0.7858500480651855 0
0.10941185802221298 0
0.9974603652954102 1
0.8282037973403931 0
0.893997311592102 0
0.03667735308408737 0
0.14028581976890564 0
0.9960516691207886 1
0.0034982224460691214 0
0.4564226567745209 0
0.11876153945922852 0
0.00025202526012435555 0
0.992915153503418 1
0.0022178655490279198 0
0.7981683015823364 0
0.028282929211854935 0
0.000799456553068012 0
0.9956773519515991 1
0.631615400314331 0
0.9305946230888367 0
0.6052663326263428 0
0.015449870377779007 0
0.3361319899559021 1
0.24039599299430847 0
0.29157736897468567 0
0.5287825465202332 0
0.42164188623428345 0
0.22533629834651947 1
0.33084630966186523 0
0.5251497030258179 0
0.010287383571267128 0
0.07905516028404236 0
0.5879796743392944 1
0.030331609770655632 0
0.6822847127914429 0
0.026256807148456573 0
0.13855746388435364 0
0.8971426486968994 1
0.6134233474731445 0
0.6642943024635315 0
0.42977723479270935 0
0.010284503921866417 0
0.2551196813583374 1
0.04400169849395752 0
0.43472036719322205 0
0.0015503665199503303 0
0.0005018490483053029 0
0.9078235626220703 1
0.17688703536987305 0
0.5739787817001343 0
0.078406423330307 0
0.8912873268127441 0
0.991793155670166 1
0.00895693153142929 0
0.26804783940315247 0
0.8215922713279724 0
0.0002825979609042406 0
0.9782490730285645 1
0.012258492410182953 0
0.8729346990585327 0
0.8208791613578796 0
0.510573148727417 0
0.9977095127105713 1
0.04035645350813866 0
0.15953564643859863 0
0.0753139853477478 0
0.8877969980239868 0
0.9258009195327759 1
0.0004524737596511841 0
0.03796376660466194 0
0.36812230944633484 0
0.00016391478129662573 0
0.9743273258209229 1
0.0006677269702777267 0
0.1096252053976059 0
0.02601565793156624 0
0.0008142432197928429 0
0.9981722831726074 1
0.008273148909211159 0
0.14291882514953613 0
0.6654878258705139 0
0.061342231929302216 0
0.8402730822563171 1
0.7035152316093445 0
0.05696125328540802 0
0.3649241328239441 0
0.0019514025188982487 0
0.9814834594726562 1
0.11750508844852448 0
0.17500519752502441 0
0.24728022515773773 0
0.02568228170275688 0
0.937118411064148 1
0.08594208210706711 0
0.35161107778549194 0
0.03747810423374176 0
0.022876529023051262 0
0.9798188209533691 1
0.025923296809196472 0
0.9097554087638855 0
6.470771040767431e-05 0
0.0016611209139227867 0
0.4673849046230316 1
0.0025566434487700462 0
0.07790178060531616 0
0.003063199110329151 0
0.007108534686267376 0
0.9932145476341248 1
0.8625918626785278 0
0.9816396236419678 0
0.8103012442588806 0
0.13143794238567352 0
0.5571740865707397 1
0.0015018847770988941 0
0.17299601435661316 0
0.0749673843383789 0
4.982428436051123e-05 0
0.9808589220046997 1
0.0034187138080596924 0
0.863649308681488 0
0.42254316806793213 0
0.007096735294908285 0
0.9848983287811279 1
0.02359769307076931 0
0.8650139570236206 0
0.04461861774325371 0
0.31268563866615295 0
0.025247691199183464 1
0.00018277036724612117 0
0.008191956207156181 0
0.011416192166507244 0
1.6886777302715927e-05 0
0.7404837608337402 1
0.001077380497008562 0
0.02321503683924675 0
0.021242260932922363 0
0.0003112131089437753 0
0.9791889190673828 1
0.025778982788324356 0
0.06852564960718155 0
0.23639456927776337 0
0.06556373834609985 0
