0.13234147429466248 1
0.4136199951171875 1
0.25365206599235535 1
0.5535556077957153 1
0.07657432556152344 1
0.5028100609779358 1
0.6790918111801147 1
0.018327554687857628 1
0.6059680581092834 1
0.2509572505950928 1
0.3699050843715668 1
0.03953520208597183 1
0.46898263692855835 1
0.5880502462387085 1
0.958486795425415 1
0.3246835470199585 1
0.031442102044820786 1
0.4841475188732147 1
0.022000430151820183 1
0.5797332525253296 1
0.296736478805542 1
0.2954983115196228 1
0.7489363551139832 1
0.007647890131920576 0
0.002893664874136448 0
0.6504409313201904 0
0.001492416369728744 0
0.1871328353881836 0
0.1958218216896057 0
0.000550087250303477 0
0.0009463701862841845 0
0.28679871559143066 0
0.022187186405062675 0
0.044948697090148926 0
0.8492785692214966 0
0.00014562279102392495 0
0.00021342500986065716 0
0.6585601568222046 0
0.0029380065388977528 0
0.0003031201777048409 0
0.532280683517456 0
0.00038467731792479753 0
0.0044747404754161835 0
0.6544950008392334 0
0.061101026833057404 0
0.002849435433745384 0
0.3347656726837158 0
0.0019466748926788568 0
0.011164039373397827 0
0.4527188539505005 0
0.007445422932505608 0
0.006316920276731253 0
0.32456544041633606 0
0.021083159372210503 0
0.003952990751713514 0
0.33014822006225586 0
0.007843757048249245 0
0.026916509494185448 0
0.3390716314315796 0
0.003030067775398493 0
0.002622178290039301 0
0.3532504737377167 0
0.0011067301966249943 0
0.015081743709743023 0
0.37834179401397705 0
0.031947534531354904 0
0.003401844296604395 0
0.5750346183776855 0
0.005262841936200857 0
0.0011742347851395607 0
0.3694097399711609 0
0.03722875565290451 0
0.011586194857954979 0
0.5471084117889404 0
0.00013967405539005995 0
0.02058763988316059 0
0.33314502239227295 0
0.0014436296187341213 0
0.0015255570178851485 0
0.4481719732284546 0
0.0038616573438048363 0
0.003001769073307514 0
0.641338586807251 0
0.014436960220336914 0
0.07958218455314636 0
0.38209593296051025 0
0.0025717446114867926 0
0.0037975525483489037 0
0.6057949066162109 0
0.2374923825263977 0
0.0018799927784129977 0
0.6888372302055359 0
0.6971290111541748 1
0.8137791156768799 1
0.6073217391967773 1
0.6788233518600464 1
0.6729940176010132 1
0.9047526121139526 1
0.8770370483398438 1
0.8999833464622498 1
0.7892026901245117 1
0.3419136703014374 1
0.6583817005157471 1
0.7550565600395203 1
0.3800989091396332 1
0.48488885164260864 1
0.5191320180892944 1
0.36062848567962646 1
0.8245477080345154 1
0.46560996770858765 1
0.3809830844402313 1
0.36119312047958374 1
0.6881330013275146 1
0.722217321395874 1
0.6307992935180664 1
