0.05790538713335991 1
0.3823087215423584 1
0.058027233928442 1
0.7226096987724304 1
0.11745195835828781 1
0.5712072849273682 1
0.6635046601295471 1
0.018866656348109245 1
0.67131507396698 1
0.2222985327243805 1
0.37950199842453003 1
0.024419507011771202 1
0.5771659016609192 1
0.5880067944526672 1
0.9300054311752319 1
0.34553587436676025 1
0.007610222324728966 1
0.3751434087753296 1
0.10623069852590561 1
0.7181054353713989 1
0.33680248260498047 1
0.14264363050460815 1
0.8982588648796082 1
0.0062571498565375805 0
0.006194332614541054 0
0.6052283048629761 0
0.0024036553222686052 0
0.10065915435552597 0
0.2441210150718689 0
0.0022477854508906603 0
0.0019589350558817387 0
0.30889129638671875 0
0.08678145706653595 0
0.09425601363182068 0
0.7407380938529968 0
0.00032962020486593246 0
0.0005024774000048637 0
0.769598126411438 0
0.006166340317577124 0
0.00017194333486258984 0
0.5986543297767639 0
0.0003199939092155546 0
0.0003758490493055433 0
0.6047835350036621 0
0.08299874514341354 0
0.00972977839410305 0
0.3402097225189209 0
0.0020867111161351204 0
0.014724984765052795 0
0.33454203605651855 0
0.0011252532713115215 0
0.0046847425401210785 0
0.33573949337005615 0
0.004008563235402107 0
0.010265454649925232 0
0.3283490836620331 0
0.0036378009244799614 0
0.025608405470848083 0
0.33924704790115356 0
0.009590152651071548 0
0.007068097125738859 0
0.33611366152763367 0
0.0005114055820740759 0
0.025810478255152702 0
0.3470638394355774 0
0.017582658678293228 0
0.008699793368577957 0
0.3608618378639221 0
0.003658721689134836 0
0.005311592482030392 0
0.35440516471862793 0
0.04410379379987717 0
0.006003920920193195 0
0.36173221468925476 0
0.0002474372158758342 0
0.02957162633538246 0
0.3487193286418915 0
0.0013205057475715876 0
0.004913351498544216 0
0.36813175678253174 0
0.05912996083498001 0
0.014815079048275948 0
0.601125955581665 0
0.02987656369805336 0
0.030263416469097137 0
0.41616198420524597 0
0.008579976856708527 0
0.0132214967161417 0
0.6438763737678528 0
0.1912171095609665 0
0.0011055199429392815 0
0.6778544783592224 0
0.6776484847068787 1
0.8360452651977539 1
0.5002185106277466 1
0.704129159450531 1
0.845155656337738 1
0.9032408595085144 1
0.8453251719474792 1
0.8936302065849304 1
0.8105087280273438 1
0.34286338090896606 1
0.5805641412734985 1
0.708199679851532 1
0.39439088106155396 1
0.3906821012496948 1
0.3903692960739136 1
0.24835722148418427 1
0.7652900218963623 1
0.359123170375824 1
0.6243889331817627 1
0.32931265234947205 1
0.7029520869255066 1
0.7076534032821655 1
0.6095083951950073 1
