0.6865100860595703 1
0.2141750156879425 0
0.4087733030319214 0
0.37940776348114014 0
0.5346963405609131 0
0.6257185339927673 1
0.2419150173664093 0
0.3492734134197235 0
0.3705105483531952 0
0.6095236539840698 0
0.6530047655105591 1
0.21339218318462372 0
0.5254311561584473 0
0.37751150131225586 0
0.2811715006828308 0
0.7650162577629089 1
0.6153070330619812 0
0.7235061526298523 0
0.5504031181335449 0
0.6398017406463623 0
0.8070164918899536 1
0.45023009181022644 0
0.6260099411010742 0
0.652387261390686 0
0.7908930778503418 0
0.79161137342453 1
0.7443947792053223 0
0.7875587940216064 0
0.4862518310546875 0
0.5477243661880493 0
0.6767009496688843 1
0.48659834265708923 0
0.9231083393096924 0
0.3666497468948364 0
0.5419650077819824 0
0.6552573442459106 1
0.5603044629096985 0
0.2942795753479004 0
0.2817339301109314 0
0.5631723403930664 0
0.5098158121109009 1
0.6260216236114502 0
0.8342207670211792 0
0.2394469678401947 0
0.39724716544151306 0
0.9386691451072693 1
0.14897528290748596 0
0.44487687945365906 0
0.2755926251411438 0
0.5983211994171143 0
0.8965372443199158 1
0.25572410225868225 0
0.2510892152786255 0
0.2659936249256134 0
0.6613251566886902 0
0.8439502120018005 1
0.3368101716041565 0
0.4878253638744354 0
0.34889790415763855 0
0.7416501045227051 0
0.7453296184539795 1
0.3954237401485443 0
0.4126124978065491 0
0.24969135224819183 0
0.4246317148208618 0
0.7221026420593262 1
0.8177854418754578 0
0.6459890604019165 0
0.5466755628585815 0
0.8854793310165405 0
0.7258846163749695 1
0.5234315395355225 0
0.52147376537323 0
0.534590482711792 0
0.5793127417564392 0
0.432863712310791 1
0.2392740696668625 0
0.43116146326065063 0
0.4042291045188904 0
0.3377463221549988 0
0.5328556299209595 1
0.4336012601852417 0
0.382487952709198 0
0.7539874911308289 0
0.38278231024742126 0
0.7595919966697693 1
0.22218744456768036 0
0.3654472231864929 0
0.4609931707382202 0
0.5134053230285645 0
0.6228864192962646 1
0.06574296951293945 0
0.2336503118276596 0
0.47553834319114685 0
0.44247040152549744 0
0.6055085062980652 1
0.11250932514667511 0
0.25306880474090576 0
0.07171918451786041 0
0.13025137782096863 0
0.5916135311126709 1
0.10664422810077667 0
0.2483404576778412 0
0.20441755652427673 0
0.2889919579029083 0
0.6943933963775635 1
0.29942700266838074 0
0.7977623343467712 0
0.4883738160133362 0
0.29969626665115356 0
0.699059247970581 1
0.2373879849910736 0
0.7047252058982849 0
0.20200543105602264 0
0.46495693922042847 0
0.6101669073104858 1
0.21225455403327942 0
0.6956162452697754 0
0.10163389146327972 0
0.2495070993900299 0
0.6231534481048584 1
0.08704401552677155 0
0.5779448747634888 0
0.546184778213501 0
0.5675631165504456 0
0.661555826663971 1
0.08665125072002411 0
0.8206111192703247 0
0.46370649337768555 0
0.6318268775939941 0
0.4262056052684784 1
0.27089574933052063 0
0.797103762626648 0
0.21700498461723328 0
0.5366689562797546 0
0.6459953784942627 1
0.10854190587997437 0
0.5027895569801331 0
0.6043283343315125 0
0.7234877943992615 0
0.6769537329673767 1
0.15551437437534332 0
0.637677788734436 0
0.5431249141693115 0
0.41300153732299805 0
0.5016881227493286 1
0.06774979084730148 0
0.35008999705314636 0
0.38945311307907104 0
0.5247166752815247 0
0.7133147716522217 1
0.07250958681106567 0
0.5701150298118591 0
0.09276658296585083 0
0.37646979093551636 0
0.6795012950897217 1
0.12691645324230194 0
0.3923247456550598 0
0.21093079447746277 0
0.032263319939374924 0
0.6635423898696899 1
0.09150205552577972 0
0.457629919052124 0
0.19701705873012543 0
0.28686556220054626 0
0.6065954566001892 1
0.2150084227323532 0
0.2990226149559021 0
0.21465247869491577 0
0.14901432394981384 0
0.5493242740631104 1
0.1257787048816681 0
0.23957395553588867 0
0.1921589970588684 0
0.19539013504981995 0
0.4402676522731781 1
0.17476773262023926 0
0.29533514380455017 0
0.2137501835823059 0
0.15100008249282837 0
0.4627862870693207 1
0.019800320267677307 0
0.33437579870224 0
0.19463077187538147 0
0.018827974796295166 0
0.3814621567726135 1
0.0379292294383049 0
0.21159373223781586 0
0.4070392847061157 0
0.3226194381713867 0
0.47590893507003784 1
0.26019030809402466 0
0.4964941740036011 0
0.2903693914413452 0
0.38246262073516846 0
0.4207995533943176 1
0.009315459057688713 0
0.10552072525024414 0
0.16399800777435303 0
0.017981193959712982 0
0.34036192297935486 1
0.01387154869735241 0
0.03237512707710266 0
0.18291065096855164 0
0.005224424414336681 0
0.540210485458374 1
0.05689680203795433 0
0.12129317224025726 0
0.028755618259310722 0
0.059300120919942856 0
0.7343873977661133 1
0.5889687538146973 0
0.7212009429931641 0
0.6406109929084778 0
0.08602753281593323 0
0.8213192820549011 1
0.340193510055542 0
0.714502215385437 0
0.4773918390274048 0
0.3215649127960205 0
0.7641881704330444 1
0.40403634309768677 0
0.49898916482925415 0
0.35907381772994995 0
0.5646176934242249 0
0.7062090635299683 1
0.21283259987831116 0
0.5248579978942871 0
0.5614809989929199 0
0.05329766124486923 0
0.7038781046867371 1
0.0521196648478508 0
0.6964792013168335 0
0.25377610325813293 0
0.09451274573802948 0
0.7176247835159302 1
0.3551325500011444 0
0.784756600856781 0
0.3204583525657654 0
0.07350417971611023 0
0.45249640941619873 1
0.2338157296180725 0
0.4584052264690399 0
0.5789520740509033 0
0.5264230966567993 0
0.3721317946910858 1
0.20136034488677979 0
0.4510512351989746 0
0.07445491850376129 0
0.38089093565940857 0
0.5142307281494141 1
0.16906975209712982 0
0.8106123805046082 0
0.22865402698516846 0
0.39662203192710876 0
0.5674539804458618 1
0.38852739334106445 0
0.5115423202514648 0
0.39939767122268677 0
0.08153899013996124 0
0.3672501742839813 1
0.15013113617897034 0
0.6677641272544861 0
0.22206513583660126 0
0.023912519216537476 0
0.686158299446106 1
0.5422660112380981 0
0.5521135330200195 0
0.26937806606292725 0
0.5334556102752686 0
0.7853879928588867 1
0.015669312328100204 0
0.4614691138267517 0
0.2658696472644806 0
0.174581378698349 0
0.7756013870239258 1
0.07052887231111526 0
0.5028759241104126 0
0.20813068747520447 0
0.6146300435066223 0
0.9328388571739197 1
0.33020079135894775 0
0.5360935926437378 0
0.3795686662197113 0
0.5603618025779724 0
0.6744017004966736 1
0.044398777186870575 0
0.2641756236553192 0
0.4716847836971283 0
0.009036838077008724 0
0.6886529922485352 1
0.04055357351899147 0
0.38064277172088623 0
0.16902810335159302 0
0.0425097718834877 0
0.8843047022819519 1
0.16245496273040771 0
0.3121539354324341 0
0.3206964135169983 0
0.11264480650424957 0
0.644385814666748 1
0.6182410717010498 0
0.428459107875824 0
0.5583098530769348 0
0.27392300963401794 0
0.6925444006919861 1
0.2919447422027588 0
0.42797350883483887 0
0.37233996391296387 0
0.42011117935180664 0
0.7090515494346619 1
0.36979228258132935 0
0.4991298317909241 0
0.2956680357456207 0
0.38134825229644775 0
0.6914900541305542 1
0.02142082154750824 0
0.6983795166015625 0
0.009273478761315346 0
0.18279790878295898 0
0.4479615092277527 1
0.05197371542453766 0
0.41105398535728455 0
0.038693904876708984 0
0.22152864933013916 0
0.7044534683227539 1
0.41719016432762146 0
0.7950776815414429 0
0.5440821647644043 0
0.2700294852256775 0
0.6612122058868408 1
0.04577254876494408 0
0.12209215015172958 0
0.39285820722579956 0
0.032931506633758545 0
0.7689136266708374 1
0.10571147501468658 0
0.28409796953201294 0
0.2466709315776825 0
0.23522180318832397 0
0.3211921453475952 1
0.20511846244335175 0
0.4169639050960541 0
0.42813369631767273 0
0.39594948291778564 0
0.547950029373169 1
0.004171252250671387 0
0.10507269203662872 0
0.1606389731168747 0
0.0006766693550162017 0
0.6390931010246277 1
0.032271962612867355 0
0.19477003812789917 0
0.17938141524791718 0
0.03891405463218689 0
0.5507973432540894 1
0.19363783299922943 0
0.3600916862487793 0
0.33834677934646606 0
0.10337403416633606 0
