0.05236053466796875 1
0.42817050218582153 1
0.30088528990745544 1
0.4200494885444641 1
0.027480265125632286 1
0.48219090700149536 1
0.679149329662323 1
0.03215518966317177 1
0.4375123977661133 1
0.31822341680526733 1
0.44083714485168457 1
0.3393256366252899 1
0.590171754360199 1
0.4894286096096039 1
0.9640893936157227 1
0.6858109831809998 1
0.08443348854780197 1
0.5816777944564819 1
0.1033288761973381 1
0.6897763013839722 1
0.3096674084663391 1
0.18522337079048157 1
0.7068609595298767 1
0.004301185719668865 0
0.0016292347572743893 0
0.5764675140380859 0
0.0008608212228864431 0
0.2114342749118805 0
0.31422048807144165 0
0.0022728233598172665 0
0.0011174678802490234 0
0.18383853137493134 0
0.1356690227985382 0
0.030745243653655052 0
0.7650935649871826 0
0.00015956381685100496 0
0.00019216557848267257 0
0.8050546646118164 0
0.0006476968992501497 0
0.00023275951389223337 0
0.6986465454101562 0
0.00040472354157827795 0
0.006537033244967461 0
0.6727913618087769 0
0.02469877526164055 0
0.002902450505644083 0
0.3334510326385498 0
0.0005682538612745702 0
0.016611263155937195 0
0.4203818738460541 0
0.0006815254455432296 0
0.00681822095066309 0
0.33292052149772644 0
0.003794147400185466 0
0.015689587220549583 0
0.33436593413352966 0
0.0035582343116402626 0
0.028819549828767776 0
0.3401559293270111 0
0.001242919359356165 0
0.0024082467425614595 0
0.3415621519088745 0
0.0007700701244175434 0
0.017002645879983902 0
0.3264053463935852 0
0.0312163345515728 0
0.005448614247143269 0
0.4397397041320801 0
0.005707168951630592 0
0.0027701163198798895 0
0.393481582403183 0
0.20842359960079193 0
0.015779560431838036 0
0.4663035571575165 0
0.0001428744726581499 0
0.06272223591804504 0
0.4776466488838196 0
0.0003214650205336511 0
0.00412566214799881 0
0.3931519389152527 0
0.009825481101870537 0
0.016926471143960953 0
0.6602356433868408 0
0.010397184640169144 0
0.04470224305987358 0
0.40322965383529663 0
0.007347621023654938 0
0.010220542550086975 0
0.6734786033630371 0
0.02228495106101036 0
0.0008297133608721197 0
0.6892864108085632 0
0.7116538882255554 1
0.8530108332633972 1
0.6468669772148132 1
0.6964395046234131 1
0.6829639673233032 1
0.8402972221374512 1
0.7935589551925659 1
0.8678316473960876 1
0.7387531995773315 1
0.4451945722103119 1
0.697537362575531 1
0.7608913779258728 1
0.39798101782798767 1
0.3871082067489624 1
0.6128015518188477 1
0.35959935188293457 1
0.7447634935379028 1
0.5613828301429749 1
0.5774341821670532 1
0.3628734350204468 1
0.41822704672813416 1
0.7168521881103516 1
0.5947830080986023 1
