0.6943933963775635 1
0.2933485507965088 0
0.3149253726005554 0
0.11313855648040771 0
0.5083563327789307 0
0.6747705340385437 1
0.015125627629458904 0
0.3376757502555847 0
0.24572023749351501 0
0.6707810163497925 0
0.6610909104347229 1
0.32412922382354736 0
0.3346935212612152 0
0.2655278444290161 0
0.3347055912017822 0
0.9359778165817261 1
0.6382331848144531 0
0.8291832208633423 0
0.1897694170475006 0
0.6440805792808533 0
0.819648027420044 1
0.7014123201370239 0
0.7739677429199219 0
0.46309542655944824 0
0.6674105525016785 0
0.967888355255127 1
0.9177753329277039 0
0.9494565725326538 0
0.31996291875839233 0
0.6453956365585327 0
0.7531967163085938 1
0.633821964263916 0
0.974271297454834 0
0.25175607204437256 0
0.331913024187088 0
0.6767290830612183 1
0.9526530504226685 0
0.36171478033065796 0
0.34149593114852905 0
0.6603783369064331 0
0.4400836229324341 1
0.9399963617324829 0
0.9898049831390381 0
0.29794013500213623 0
0.4348132312297821 0
0.9860143661499023 1
0.08252798020839691 0
0.31929489970207214 0
0.0067191533744335175 0
0.6996614336967468 0
0.9273499250411987 1
0.04502943903207779 0
0.10277801007032394 0
0.46413713693618774 0
0.6715120673179626 0
0.7898942828178406 1
0.30759772658348083 0
0.32966145873069763 0
0.48771533370018005 0
0.6859651803970337 0
0.8444610834121704 1
0.3131444454193115 0
0.3396245241165161 0
0.13542863726615906 0
0.14246541261672974 0
0.7923051118850708 1
0.9794020652770996 0
0.9635607600212097 0
0.4335157871246338 0
0.867071807384491 0
0.7198977470397949 1
0.32508015632629395 0
0.33834168314933777 0
0.3446377217769623 0
0.666291356086731 0
0.6632989645004272 1
0.09011634439229965 0
0.533543586730957 0
0.26894015073776245 0
0.1043255627155304 0
0.7941521406173706 1
0.6483211517333984 0
0.6498793363571167 0
0.7681974172592163 0
0.633782684803009 0
0.8567557334899902 1
0.07208211719989777 0
0.5664452910423279 0
0.4986671209335327 0
0.607557475566864 0
0.6336427927017212 1
0.0009740844834595919 0
0.015586002729833126 0
0.36856192350387573 0
0.06908242404460907 0
0.6484852433204651 1
0.0036953752860426903 0
0.24883697926998138 0
0.07539054751396179 0
0.23870889842510223 0
0.5931435823440552 1
0.027167994529008865 0
0.3190653622150421 0
0.20932969450950623 0
0.17010919749736786 0
0.6751264333724976 1
0.06441642343997955 0
0.6951994299888611 0
0.32728004455566406 0
0.006383366882801056 0
0.665069043636322 1
0.06826390326023102 0
0.6432353854179382 0
0.25678643584251404 0
0.1454043686389923 0
0.642956018447876 1
0.25609517097473145 0
0.6385756134986877 0
0.11083625257015228 0
0.19829058647155762 0
0.6683230400085449 1
0.03161090984940529 0
0.8782889246940613 0
0.6114829778671265 0
0.4340379238128662 0
0.6945329904556274 1
0.06358696520328522 0
0.9216110110282898 0
0.5415571928024292 0
0.597620964050293 0
0.6527587175369263 1
0.21678189933300018 0
0.9775040149688721 0
0.229170560836792 0
0.40311989188194275 0
0.6452457904815674 1
0.007742700632661581 0
0.36725932359695435 0
0.5697349309921265 0
0.3122454583644867 0
0.6703922152519226 1
0.02589462511241436 0
0.33751389384269714 0
0.36796125769615173 0
0.24102577567100525 0
0.6633055210113525 1
0.008830602280795574 0
0.30542442202568054 0
0.25799018144607544 0
0.3351653218269348 0
0.7291702032089233 1
0.11861865967512131 0
0.36630579829216003 0
0.05859515070915222 0
0.279690682888031 0
0.6782345175743103 1
0.12971749901771545 0
0.31883537769317627 0
0.05131387710571289 0
0.0027477932162582874 0
0.6985803842544556 1
0.20652608573436737 0
0.3709246814250946 0
0.020561425015330315 0
0.19020989537239075 0
0.6121196746826172 1
0.009105666540563107 0
0.07870614528656006 0
0.31082862615585327 0
0.08297828584909439 0
0.6154196262359619 1
0.004874593578279018 0
0.018107019364833832 0
0.05681224912405014 0
0.009866559877991676 0
0.3623008131980896 1
0.037041373550891876 0
0.26638948917388916 0
0.014856981113553047 0
0.011027561500668526 0
0.43581730127334595 1
0.31100523471832275 0
0.3304137587547302 0
0.33273589611053467 0
0.085333451628685 0
0.34943386912345886 1
0.15030483901500702 0
0.33159342408180237 0
0.33335989713668823 0
0.2588484585285187 0
0.3498222231864929 1
0.284762978553772 0
0.3318931460380554 0
0.07822758704423904 0
0.1904023140668869 0
0.347688764333725 1
0.0034369444474577904 0
0.23705920577049255 0
0.32717835903167725 0
0.01971573755145073 0
0.49075835943222046 1
0.015215097926557064 0
0.03390266001224518 0
0.29651421308517456 0
0.06415598094463348 0
0.6617172360420227 1
0.008579198271036148 0
0.20506739616394043 0
0.32530447840690613 0
0.2718021273612976 0
0.6724878549575806 1
0.6393371224403381 0
0.6375744342803955 0
0.5196034908294678 0
0.19160553812980652 0
0.674635648727417 1
0.26189979910850525 0
0.6099204421043396 0
0.3679293096065521 0
0.4311717450618744 0
0.8028275966644287 1
0.3218156099319458 0
0.35061246156692505 0
0.10804128646850586 0
0.1405331790447235 0
0.6716200709342957 1
0.1720360517501831 0
0.33627885580062866 0
0.41818520426750183 0
0.026916299015283585 0
0.6663616895675659 1
0.1958552449941635 0
0.6512044072151184 0
0.3324998617172241 0
0.07716250419616699 0
0.8546785116195679 1
0.5889487266540527 0
0.9483765959739685 0
0.665286660194397 0
0.12608012557029724 0
0.34549519419670105 1
0.6588886380195618 0
0.8702960014343262 0
0.5252981781959534 0
0.46763646602630615 0
0.3740311563014984 1
0.5587356090545654 0
0.9549862146377563 0
0.2838512659072876 0
0.42504388093948364 0
0.5714730024337769 1
0.5577589869499207 0
0.9826281070709229 0
0.18299368023872375 0
0.07425540685653687 0
0.5461087226867676 1
0.7274007201194763 0
0.9739208221435547 0
0.37285685539245605 0
0.026861606165766716 0
0.5633103847503662 1
0.25217148661613464 0
0.7782373428344727 0
0.23968307673931122 0
0.11387918889522552 0
0.6921141147613525 1
0.6461820006370544 0
0.7464215159416199 0
0.5969281792640686 0
0.6344791650772095 0
0.6666915416717529 1
0.24557259678840637 0
0.22397463023662567 0
0.4395211338996887 0
0.20199307799339294 0
0.6657598614692688 1
0.27031266689300537 0
0.37287360429763794 0
0.3654916286468506 0
0.5976443290710449 0
0.9352545142173767 1
0.02182765118777752 0
0.33100828528404236 0
0.1294938176870346 0
0.47710204124450684 0
0.6326450705528259 1
0.00010749601642601192 0
0.27648478746414185 0
0.3674491047859192 0
0.00547047471627593 0
0.6673292517662048 1
0.01470645796507597 0
0.2812676429748535 0
0.33577436208724976 0
0.007937140762805939 0
0.9635056853294373 1
0.16153991222381592 0
0.13141100108623505 0
0.6405749320983887 0
0.02448061853647232 0
0.5835949182510376 1
0.3483703136444092 0
0.3338273763656616 0
0.37431737780570984 0
0.32161945104599 0
0.6874098777770996 1
0.32354405522346497 0
0.3478938341140747 0
0.34288567304611206 0
0.5190538167953491 0
0.5932103991508484 1
0.15656135976314545 0
0.3328179717063904 0
0.12031683325767517 0
0.24925896525382996 0
0.6804785132408142 1
0.19529961049556732 0
0.6697773933410645 0
0.007971669547259808 0
0.03708327189087868 0
0.6384323835372925 1
0.30497094988822937 0
0.3537834584712982 0
0.33095014095306396 0
0.022951804101467133 0
0.8537335395812988 1
0.6730631589889526 0
0.7561759352684021 0
0.6672179698944092 0
0.3574184775352478 0
0.5149962902069092 1
0.320168137550354 0
0.08758726716041565 0
0.36441296339035034 0
0.08025023341178894 0
0.642509937286377 1
0.008576009422540665 0
0.4103359878063202 0
0.2868650257587433 0
0.09935617446899414 0
0.632321834564209 1
0.08123663812875748 0
0.6480417251586914 0
0.2451777309179306 0
0.03374959155917168 0
0.3593716025352478 1
0.09281085431575775 0
0.006661797873675823 0
0.15633398294448853 0
0.0005477875238284469 0
0.6009552478790283 1
0.013026188127696514 0
0.06906864047050476 0
0.3254464864730835 0
0.034419890493154526 0
0.6859654784202576 1
0.25712674856185913 0
0.38987061381340027 0
0.6296418905258179 0
0.013918746262788773 0
