0.6904631853103638 1
0.3487170338630676 0
0.3780186176300049 0
0.31208401918411255 0
0.4871894121170044 0
0.711770236492157 1
0.3042702078819275 0
0.34332042932510376 0
0.38818055391311646 0
0.6568158864974976 0
0.6727510690689087 1
0.408851683139801 0
0.4430248439311981 0
0.3509233593940735 0
0.3748692274093628 0
0.8995248675346375 1
0.6385980248451233 0
0.7706195712089539 0
0.15090736746788025 0
0.5417791604995728 0
0.8640545606613159 1
0.68385910987854 0
0.873732328414917 0
0.7329051494598389 0
0.5960706472396851 0
0.8530615568161011 1
0.6613125205039978 0
0.8036442995071411 0
0.5983335971832275 0
0.6606800556182861 0
0.7330824732780457 1
0.3133741021156311 0
0.5783008933067322 0
0.4953596293926239 0
0.5207544565200806 0
0.7239894866943359 1
0.21202439069747925 0
0.30081480741500854 0
0.3704550266265869 0
0.5884832143783569 0
0.610454261302948 1
0.3474862575531006 0
0.30938786268234253 0
0.31396859884262085 0
0.5625842809677124 0
0.9645816683769226 1
0.2548082768917084 0
0.14596500992774963 0
0.15584173798561096 0
0.6674907207489014 0
0.8295916318893433 1
0.4257684350013733 0
0.23271356523036957 0
0.4366995692253113 0
0.34025609493255615 0
0.890802800655365 1
0.4544677734375 0
0.3920912742614746 0
0.6044379472732544 0
0.6765596866607666 0
0.8702274560928345 1
0.48143845796585083 0
0.4046366810798645 0
0.24117326736450195 0
0.38840600848197937 0
0.8406512141227722 1
0.8729307055473328 0
0.9647626280784607 0
0.6197325587272644 0
0.8494297862052917 0
0.7038408517837524 1
0.3415733575820923 0
0.47966668009757996 0
0.3969767689704895 0
0.6520455479621887 0
0.6444668173789978 1
0.40306851267814636 0
0.4748679995536804 0
0.3054860234260559 0
0.34565410017967224 0
0.8329572081565857 1
0.5351250171661377 0
0.4405573010444641 0
0.9050725698471069 0
0.40205007791519165 0
0.7037544250488281 1
0.2576626241207123 0
0.3391607701778412 0
0.4835697114467621 0
0.5003015995025635 0
0.6558281183242798 1
0.009789759293198586 0
0.24356715381145477 0
0.3071397542953491 0
0.30364876985549927 0
0.6282815337181091 1
0.05815385282039642 0
0.2834392488002777 0
0.05832438915967941 0
0.2089225947856903 0
0.5794628262519836 1
0.005626354366540909 0
0.056146398186683655 0
0.026885848492383957 0
0.015277373604476452 0
0.667647123336792 1
0.39442381262779236 0
0.6928245425224304 0
0.45378756523132324 0
0.10941143333911896 0
0.6630182266235352 1
0.2748780846595764 0
0.6632568836212158 0
0.18534982204437256 0
0.1905096024274826 0
0.5649368762969971 1
0.047441400587558746 0
0.6058749556541443 0
0.010499315336346626 0
0.03442934900522232 0
0.6629260182380676 1
0.18021784722805023 0
0.2450118511915207 0
0.5334213376045227 0
0.35876449942588806 0
0.6650664806365967 1
0.028766989707946777 0
0.2601242959499359 0
0.5403459072113037 0
0.5280081629753113 0
0.577466607093811 1
0.3247787654399872 0
0.35157692432403564 0
0.019398972392082214 0
0.268307089805603 0
0.6600686311721802 1
0.01810537278652191 0
0.41241368651390076 0
0.564923882484436 0
0.29320967197418213 0
0.6572902202606201 1
0.035792283713817596 0
0.3588061034679413 0
0.38662394881248474 0
0.3510311543941498 0
0.5987204909324646 1
0.0011224326444789767 0
0.08477994054555893 0
0.048080481588840485 0
0.25283709168434143 0
0.6735100150108337 1
0.15430676937103271 0
0.4236313998699188 0
0.09346708655357361 0
0.18175294995307922 0
0.669374942779541 1
0.25026071071624756 0
0.5903874635696411 0
0.1505856066942215 0
0.005977175664156675 0
0.6642661094665527 1
0.06504059582948685 0
0.05639224499464035 0
0.004105329513549805 0
0.009269854053854942 0
0.611346960067749 1
0.11960631608963013 0
0.3598881661891937 0
0.46670395135879517 0
0.11349900811910629 0
0.6472127437591553 1
0.026277218014001846 0
0.18277466297149658 0
0.06599470973014832 0
0.057190507650375366 0
0.3457975387573242 1
0.053946077823638916 0
0.14478269219398499 0
0.003975902684032917 0
0.0026140306144952774 0
0.5829057693481445 1
0.3257715702056885 0
0.5238823890686035 0
0.48610374331474304 0
0.015092907473444939 0
0.6391563415527344 1
0.47334179282188416 0
0.6356772184371948 0
0.572665810585022 0
0.6190451383590698 0
0.4423160254955292 1
0.393765926361084 0
0.33524608612060547 0
0.17238718271255493 0
0.3103412091732025 0
0.4191959500312805 1
0.01949920505285263 0
0.1344447135925293 0
0.34569984674453735 0
0.005750386975705624 0
0.607609748840332 1
0.006084580905735493 0
0.049393363296985626 0
0.37632986903190613 0
0.04157884418964386 0
0.6597930788993835 1
0.027959447354078293 0
0.17770646512508392 0
0.29603007435798645 0
0.04676705226302147 0
0.690697193145752 1
0.34426265954971313 0
0.654266893863678 0
0.6252926588058472 0
0.01391201838850975 0
0.7265366315841675 1
0.38386330008506775 0
0.6632316708564758 0
0.6633955836296082 0
0.6501088738441467 0
0.8248268365859985 1
0.5946905612945557 0
0.581351637840271 0
0.14351174235343933 0
0.32344186305999756 0
0.6669487953186035 1
0.18938712775707245 0
0.2605862319469452 0
0.5923551917076111 0
0.007989651523530483 0
0.6807870864868164 1
0.14350679516792297 0
0.5172117352485657 0
0.5068939924240112 0
0.04159834235906601 0
0.6441967487335205 1
0.31172364950180054 0
0.7170089483261108 0
0.6469705104827881 0
0.278707355260849 0
0.503997802734375 1
0.10165392607450485 0
0.025225773453712463 0
0.44973212480545044 0
0.5391071438789368 0
0.6639534831047058 1
0.32780417799949646 0
0.26440590620040894 0
0.17926858365535736 0
0.6513656973838806 0
0.5836001038551331 1
0.2993844747543335 0
0.5037490129470825 0
0.26337218284606934 0
0.4362110495567322 0
0.614122211933136 1
0.2112768590450287 0
0.06563856452703476 0
0.26687631011009216 0
0.32220953702926636 0
0.6571170091629028 1
0.3566392660140991 0
0.3859003782272339 0
0.2597229480743408 0
0.10700713843107224 0
0.6199009418487549 1
0.22212986648082733 0
0.4047172963619232 0
0.21072307229042053 0
0.6482479572296143 0
0.6696575880050659 1
0.10136565566062927 0
0.5387953519821167 0
0.22858822345733643 0
0.02917756885290146 0
0.6938861608505249 1
0.4207995533943176 0
0.6225425004959106 0
0.6537835597991943 0
0.6474869251251221 0
0.9310194253921509 1
0.28400230407714844 0
0.29605627059936523 0
0.29242032766342163 0
0.5685607194900513 0
0.5821305513381958 1
0.0016896771267056465 0
0.48816046118736267 0
0.2691939175128937 0
0.01420747023075819 0
0.6669905185699463 1
0.022891512140631676 0
0.5115790963172913 0
0.2941563129425049 0
0.03136201202869415 0
0.8906130790710449 1
0.1853312849998474 0
0.40446051955223083 0
0.3375470042228699 0
0.018829267472028732 0
0.6412687301635742 1
0.6063652038574219 0
0.5459278225898743 0
0.6080524921417236 0
0.08995465934276581 0
0.7261382341384888 1
0.5571478009223938 0
0.6165268421173096 0
0.5639944076538086 0
0.6318922638893127 0
0.6981805562973022 1
0.18986962735652924 0
0.3371736407279968 0
0.26921582221984863 0
0.3098597526550293 0
0.6716281771659851 1
0.18577364087104797 0
0.36085420846939087 0
0.008528267964720726 0
0.0037965073715895414 0
0.6674920320510864 1
0.1258745938539505 0
0.28401702642440796 0
0.30054712295532227 0
0.1620367467403412 0
0.6971489191055298 1
0.3518180847167969 0
0.36971592903137207 0
0.4852466583251953 0
0.07452324777841568 0
0.585480809211731 1
0.08855496346950531 0
0.23516759276390076 0
0.4015462100505829 0
0.09575705230236053 0
0.6453902125358582 1
0.1293959617614746 0
0.5106073617935181 0
0.444192498922348 0
0.4165894389152527 0
0.5478262901306152 1
0.28615912795066833 0
0.5487275123596191 0
0.3164064884185791 0
0.27285778522491455 0
0.36210107803344727 1
0.021400896832346916 0
0.10276313126087189 0
0.03659220039844513 0
0.0008555741515010595 0
0.39218053221702576 1
0.013034315779805183 0
0.18002033233642578 0
0.14340099692344666 0
0.0016320840222761035 0
0.34883376955986023 1
0.11312340945005417 0
0.30618035793304443 0
0.17729084193706512 0
0.10623711347579956 0
