0.29797548055648804 1
0.5187957286834717 1
0.20514628291130066 1
0.6064482927322388 1
0.2699843645095825 1
0.653422474861145 1
0.679130494594574 1
0.015055879950523376 1
0.6005191802978516 1
0.05513007566332817 1
0.3537443280220032 1
0.21812424063682556 1
0.47204455733299255 1
0.6696104407310486 1
0.9646221995353699 1
0.3126935362815857 1
0.0020539402030408382 1
0.581073522567749 1
0.12717333436012268 1
0.8384541273117065 1
0.3150823414325714 1
0.543184220790863 1
0.972625732421875 1
0.0026981569826602936 0
0.0012797480449080467 0
0.5858784914016724 0
0.0006318472442217171 0
0.1517505943775177 0
0.3021388649940491 0
0.0001669214543653652 0
0.0010157068027183414 0
0.18256908655166626 0
0.003656917717307806 0
0.025425191968679428 0
0.7478505373001099 0
7.149770681280643e-05 0
0.00022403190087061375 0
0.4943373203277588 0
0.0023267760407179594 0
5.2017880079802126e-05 0
0.4687558114528656 0
0.00029980961699038744 0
0.00035757929435931146 0
0.5520613193511963 0
0.017045140266418457 0
0.002478466834872961 0
0.3297646939754486 0
0.0008307162206619978 0
0.006782799027860165 0
0.3257969617843628 0
0.0012450474314391613 0
0.0005043521523475647 0
0.33156347274780273 0
0.0019136694027110934 0
0.006642177235335112 0
0.31963443756103516 0
0.004963137209415436 0
0.008511332795023918 0
0.34533369541168213 0
0.0035074222832918167 0
0.002203314332291484 0
0.33947813510894775 0
0.0007871029665693641 0
0.0020100765395909548 0
0.3251781165599823 0
0.019486360251903534 0
0.0007552554598078132 0
0.4988243281841278 0
0.0019283285364508629 0
0.002152014523744583 0
0.3413282632827759 0
0.013588096015155315 0
0.007064368110150099 0
0.370036244392395 0
0.000227927986998111 0
0.01259726844727993 0
0.37663528323173523 0
0.0005559372366406024 0
0.006090288050472736 0
0.40516602993011475 0
0.011712472885847092 0
0.0065984949469566345 0
0.5689014196395874 0
0.0027426432352513075 0
0.01832118257880211 0
0.367493599653244 0
0.005437752231955528 0
0.0024702290538698435 0
0.6400988101959229 0
0.03148583695292473 0
0.0006211997242644429 0
0.6434730291366577 0
0.7205929756164551 1
0.8152324557304382 1
0.37503933906555176 1
0.7107609510421753 1
0.7596501111984253 1
0.9014121294021606 1
0.8962959051132202 1
0.925590455532074 1
0.8397259712219238 1
0.4159848690032959 1
0.5279746055603027 1
0.867315948009491 1
0.36221450567245483 1
0.4493580460548401 1
0.5317156910896301 1
0.32729724049568176 1
0.8458720445632935 1
0.3353117108345032 1
0.331712543964386 1
0.2803318500518799 1
0.5733482837677002 1
0.48633822798728943 1
0.5407875180244446 1
