0.1287282258272171 1
0.5887264013290405 1
0.18749630451202393 1
0.40162235498428345 1
0.28442516922950745 1
0.6478625535964966 1
0.70760577917099 1
0.10402831435203552 1
0.5260506868362427 1
0.21634911000728607 1
0.3666768968105316 1
0.4029000401496887 1
0.6722720861434937 1
0.553634524345398 1
0.9707950353622437 1
0.31160372495651245 1
0.056466348469257355 1
0.5437785387039185 1
0.14950627088546753 1
0.7401473522186279 1
0.3761026859283447 1
0.539337158203125 1
0.900740385055542 1
0.004711071960628033 0
0.00406615762040019 0
0.6039778590202332 0
0.0004565367416944355 0
0.06054185330867767 0
0.21282124519348145 0
0.0003479132428765297 0
0.000785968208219856 0
0.12276439368724823 0
0.010482419282197952 0
0.023862604051828384 0
0.6793301105499268 0
0.00010814507550094277 0
0.00013425917131826282 0
0.452572226524353 0
0.0024113873951137066 0
0.00036673806607723236 0
0.4723026752471924 0
0.0002770491410046816 0
0.0016898366156965494 0
0.6468306183815002 0
0.08434411138296127 0
0.003991276491433382 0
0.3303201198577881 0
0.0008394916076213121 0
0.010348157957196236 0
0.30507898330688477 0
0.001032404717989266 0
0.0019333779346197844 0
0.32513606548309326 0
0.00236499379388988 0
0.006330603267997503 0
0.2948576807975769 0
0.004351494368165731 0
0.015757838264107704 0
0.3393671214580536 0
0.004430826287716627 0
0.005220736376941204 0
0.33516252040863037 0
0.0003149402909912169 0
0.01729702576994896 0
0.3393208682537079 0
0.02763674408197403 0
0.005371693521738052 0
0.3543301224708557 0
0.003135815029963851 0
0.003794390242546797 0
0.34046852588653564 0
0.020207369700074196 0
0.016169361770153046 0
0.35533130168914795 0
0.0001985822746064514 0
0.02935825288295746 0
0.36568766832351685 0
0.0004614001954905689 0
0.0011724673677235842 0
0.34148263931274414 0
0.017665762454271317 0
0.010252358391880989 0
0.49856922030448914 0
0.01392354816198349 0
0.004363926127552986 0
0.3302253782749176 0
0.004050750285387039 0
0.004872282035648823 0
0.6170533895492554 0
0.09962224215269089 0
0.0009696424822323024 0
0.6967813372612 0
0.6854509711265564 1
0.8015254735946655 1
0.3181854486465454 1
0.683573842048645 1
0.6761928796768188 1
0.7311687469482422 1
0.7268325090408325 1
0.8163199424743652 1
0.730095386505127 1
0.3340953588485718 1
0.6117444038391113 1
0.6745702624320984 1
0.37141895294189453 1
0.3825630843639374 1
0.4806021451950073 1
0.30143892765045166 1
0.7093979120254517 1
0.3262535035610199 1
0.3649185597896576 1
0.3206450939178467 1
0.6412216424942017 1
0.6565924286842346 1
0.49721574783325195 1
