0.2668754458427429 1
0.5049874186515808 1
0.29380640387535095 1
0.41972827911376953 1
0.17928342521190643 1
0.5430115461349487 1
0.7939783930778503 1
0.12613478302955627 1
0.4188042879104614 1
0.34014153480529785 1
0.38088470697402954 1
0.09283825755119324 1
0.46080708503723145 1
0.5560848712921143 1
0.9369138479232788 1
0.35420292615890503 1
0.14390452206134796 1
0.41579270362854004 1
0.28128954768180847 1
0.600700318813324 1
0.311441570520401 1
0.5429419875144958 1
0.8675075769424438 1
0.010083306580781937 0
0.005532504990696907 0
0.7168254852294922 0
0.0017984481528401375 0
0.1796407699584961 0
0.3288825750350952 0
0.010121340863406658 0
0.002088216133415699 0
0.19774025678634644 0
0.012076846323907375 0
0.04224185273051262 0
0.9063222408294678 0
0.00017057041986845434 0
0.0006434795213863254 0
0.7997311353683472 0
0.002945994958281517 0
0.0004579974920488894 0
0.6622528433799744 0
0.0010145275155082345 0
0.0035376553423702717 0
0.6132245063781738 0
0.02883818745613098 0
0.008317848667502403 0
0.334222674369812 0
0.0008713987190276384 0
0.008594567887485027 0
0.45772454142570496 0
0.003012761240825057 0
0.01936176046729088 0
0.3366802930831909 0
0.009259704500436783 0
0.009683686308562756 0
0.33591923117637634 0
0.12575913965702057 0
0.06779848039150238 0
0.3817999064922333 0
0.08861365914344788 0
0.008333945646882057 0
0.47683149576187134 0
0.0029350044205784798 0
0.021572541445493698 0
0.3958650529384613 0
0.055827416479587555 0
0.018922485411167145 0
0.5558736324310303 0
0.024741601198911667 0
0.008036939427256584 0
0.5183229446411133 0
0.2669717073440552 0
0.05180234834551811 0
0.5844948291778564 0
0.0009826300665736198 0
0.09225548803806305 0
0.45202213525772095 0
0.0024584089405834675 0
0.010552600026130676 0
0.595628023147583 0
0.009882325306534767 0
0.04534785449504852 0
0.6137089133262634 0
0.016611307859420776 0
0.11794349551200867 0
0.3937492370605469 0
0.059726979583501816 0
0.03277517855167389 0
0.7218741178512573 0
0.2975429892539978 0
0.0047178566455841064 0
0.7818058729171753 0
0.7750670909881592 1
0.9378938674926758 1
0.7105588912963867 1
0.6707351207733154 1
0.9868635535240173 1
0.9812895655632019 1
0.9975816607475281 1
0.9963204860687256 1
0.9329140186309814 1
0.37112587690353394 1
0.47630342841148376 1
0.8964080810546875 1
0.6528040766716003 1
0.45038795471191406 1
0.41835519671440125 1
0.39035066962242126 1
0.9509503245353699 1
0.6283760070800781 1
0.5707647204399109 1
0.5029662847518921 1
0.8273292779922485 1
0.8553943634033203 1
0.649112343788147 1
