0.6491990685462952 1
0.37885570526123047 0
0.3911612629890442 0
0.39993762969970703 0
0.5860084295272827 0
0.6795654296875 1
0.308893620967865 0
0.4977157711982727 0
0.601108968257904 0
0.6456714272499084 0
0.6655739545822144 1
0.34621793031692505 0
0.3848745822906494 0
0.3914950489997864 0
0.3259861469268799 0
0.8332049250602722 1
0.6568900942802429 0
0.7423967123031616 0
0.3836795687675476 0
0.5118528604507446 0
0.8381432294845581 1
0.728756844997406 0
0.7765175700187683 0
0.6958868503570557 0
0.6567385196685791 0
0.8902215957641602 1
0.6835356950759888 0
0.8008939623832703 0
0.5803029537200928 0
0.48793864250183105 0
0.6544448137283325 1
0.367400586605072 0
0.7043561935424805 0
0.43425238132476807 0
0.6144068241119385 0
0.63369220495224 1
0.4904906451702118 0
0.35881614685058594 0
0.37497878074645996 0
0.6564246416091919 0
0.49034684896469116 1
0.3675382137298584 0
0.5941617488861084 0
0.33008092641830444 0
0.4300837516784668 0
0.931509256362915 1
0.24379080533981323 0
0.5028032660484314 0
0.22353725135326385 0
0.6261659264564514 0
0.8098415732383728 1
0.4025436341762543 0
0.2459130585193634 0
0.3981533646583557 0
0.48255571722984314 0
0.8913663625717163 1
0.43402597308158875 0
0.4747655391693115 0
0.40040597319602966 0
0.6391036510467529 0
0.8644933700561523 1
0.5604860782623291 0
0.383192777633667 0
0.2717377543449402 0
0.3898414373397827 0
0.7755146026611328 1
0.891506552696228 0
0.9533822536468506 0
0.6061853766441345 0
0.8359819650650024 0
0.7133476734161377 1
0.45789217948913574 0
0.44250690937042236 0
0.39629077911376953 0
0.5542352795600891 0
0.7036278247833252 1
0.2769407629966736 0
0.7278627157211304 0
0.41027936339378357 0
0.15506388247013092 0
0.7429776191711426 1
0.37948843836784363 0
0.5674259066581726 0
0.8235324621200562 0
0.355088472366333 0
0.8534008860588074 1
0.13850151002407074 0
0.5893987417221069 0
0.487108051776886 0
0.5883066654205322 0
0.6368627548217773 1
0.00876283086836338 0
0.32677000761032104 0
0.28087276220321655 0
0.4246772527694702 0
0.6064416170120239 1
0.02384689263999462 0
0.46421679854393005 0
0.0923537015914917 0
0.23061063885688782 0
0.5616626739501953 1
0.018386714160442352 0
0.35279935598373413 0
0.15114375948905945 0
0.0919213593006134 0
0.6734489798545837 1
0.16727200150489807 0
0.7243227362632751 0
0.22158819437026978 0
0.026063237339258194 0
0.6692590713500977 1
0.1937374472618103 0
0.6586443185806274 0
0.164442241191864 0
0.2264605015516281 0
0.5688198208808899 1
0.25093454122543335 0
0.5497662425041199 0
0.046731993556022644 0
0.053075533360242844 0
0.6560344099998474 1
0.13004463911056519 0
0.5787243247032166 0
0.5878150463104248 0
0.4244602918624878 0
0.6594702005386353 1
0.03488856926560402 0
0.635839581489563 0
0.5855867266654968 0
0.5777609348297119 0
0.43975430727005005 1
0.04134012758731842 0
0.5637143850326538 0
0.14373701810836792 0
0.5869557857513428 0
0.671894907951355 1
0.06385654956102371 0
0.512665867805481 0
0.5380856394767761 0
0.6001342535018921 0
0.6651282906532288 1
0.22015582025051117 0
0.6139547824859619 0
0.36787205934524536 0
0.2639181613922119 0
0.49009329080581665 1
0.01670246198773384 0
0.44677361845970154 0
0.24748313426971436 0
0.361159086227417 0
0.7076922655105591 1
0.03621084988117218 0
0.33862730860710144 0
0.013264036737382412 0
0.03948628529906273 0
0.66358482837677 1
0.32394134998321533 0
0.41263914108276367 0
0.05402412265539169 0
0.012852675281465054 0
0.6020100712776184 1
0.16996851563453674 0
0.3351547420024872 0
0.01287783682346344 0
0.04269355162978172 0
0.5546959042549133 1
0.06103161722421646 0
0.34007829427719116 0
0.12847772240638733 0
0.016832754015922546 0
0.5841156840324402 1
0.007073058746755123 0
0.15124885737895966 0
0.010132234543561935 0
0.021728133782744408 0
0.33719560503959656 1
0.02035120502114296 0
0.18066464364528656 0
0.01676509901881218 0
0.03079129382967949 0
0.4957147538661957 1
0.09256278723478317 0
0.3189188241958618 0
0.3539573550224304 0
0.0026175675448030233 0
0.4291498064994812 1
0.20880568027496338 0
0.4550688862800598 0
0.49433642625808716 0
0.3335460126399994 0
0.37229806184768677 1
0.35247617959976196 0
0.37930867075920105 0
0.27550840377807617 0
0.4610177278518677 0
0.4061776101589203 1
0.012426904402673244 0
0.2602384090423584 0
0.3081311881542206 0
0.0027751526795327663 0
0.3832058310508728 1
0.012162270024418831 0
0.16067847609519958 0
0.30492591857910156 0
0.007238554768264294 0
0.5403033494949341 1
0.04111534729599953 0
0.3466002643108368 0
0.3416663110256195 0
0.010927876457571983 0
0.7213394641876221 1
0.5467460751533508 0
0.6680506467819214 0
0.6351412534713745 0
0.008011667057871819 0
0.7333564162254333 1
0.33573293685913086 0
0.6721944808959961 0
0.6009732484817505 0
0.4156552255153656 0
0.8371744155883789 1
0.5255187749862671 0
0.5701165199279785 0
0.24085623025894165 0
0.4693775773048401 0
0.6778766512870789 1
0.2921672761440277 0
0.46162641048431396 0
0.5192444324493408 0
0.002384348539635539 0
0.6674314737319946 1
0.145671084523201 0
0.6900241374969482 0
0.3377188444137573 0
0.008696055971086025 0
0.6515622138977051 1
0.46922776103019714 0
0.7730132341384888 0
0.5538098216056824 0
0.03077753446996212 0
0.5526895523071289 1
0.008978210389614105 0
0.16599372029304504 0
0.6263736486434937 0
0.48040008544921875 0
0.42678818106651306 1
0.04980914294719696 0
0.27561479806900024 0
0.17853319644927979 0
0.6259979009628296 0
0.563194751739502 1
0.1681266725063324 0
0.4923318028450012 0
0.4532514214515686 0
0.44973742961883545 0
0.5642096996307373 1
0.05078619718551636 0
0.2526327967643738 0
0.49897652864456177 0
0.04069209098815918 0
0.5851285457611084 1
0.029063701629638672 0
0.31849920749664307 0
0.25168779492378235 0
0.019183391705155373 0
0.6326408386230469 1
0.20639801025390625 0
0.2845912575721741 0
0.4519706666469574 0
0.4813424050807953 0
0.7341705560684204 1
0.03466784954071045 0
0.4290319085121155 0
0.3047563433647156 0
0.013606513850390911 0
0.6435056924819946 1
0.4433472156524658 0
0.592151403427124 0
0.501416802406311 0
0.6113054156303406 0
0.9495242834091187 1
0.27352285385131836 0
0.39978906512260437 0
0.33707576990127563 0
0.5930595993995667 0
0.6368411779403687 1
0.0015354093629866838 0
0.3902212977409363 0
0.29534685611724854 0
0.0023036962375044823 0
0.6399859189987183 1
0.017847053706645966 0
0.38283616304397583 0
0.3443358540534973 0
0.03132204711437225 0
0.843984842300415 1
0.17340412735939026 0
0.4697107672691345 0
0.38417500257492065 0
0.00584911135956645 0
0.5824002623558044 1
0.6067981123924255 0
0.4724406599998474 0
0.5650544166564941 0
0.11641576886177063 0
0.6553645133972168 1
0.5268645286560059 0
0.5576330423355103 0
0.39293211698532104 0
0.5195671319961548 0
0.6650434732437134 1
0.4343150556087494 0
0.3749144971370697 0
0.17279744148254395 0
0.39612072706222534 0
0.6713457107543945 1
0.23873060941696167 0
0.6210157871246338 0
0.008189905434846878 0
0.007184331770986319 0
0.5751862525939941 1
0.26666468381881714 0
0.5981658697128296 0
0.30305469036102295 0
0.028116432949900627 0
0.7049729228019714 1
0.5239163637161255 0
0.3973977267742157 0
0.5525051355361938 0
0.07273624837398529 0
0.560592532157898 1
0.012064776383340359 0
0.12481911480426788 0
0.25159087777137756 0
0.0012359059182927012 0
0.6361528635025024 1
0.03739218786358833 0
0.5657101273536682 0
0.3047299087047577 0
0.11870241165161133 0
0.45569103956222534 1
0.17624960839748383 0
0.6811414957046509 0
0.31560611724853516 0
0.3251819610595703 0
0.24984368681907654 1
0.0026079071685671806 0
0.032980017364025116 0
0.03427443280816078 0
7.960892980918288e-05 0
0.41675084829330444 1
0.004406150430440903 0
0.14806687831878662 0
0.13919350504875183 0
0.0017225922783836722 0
0.2902620732784271 1
0.0350678414106369 0
0.26399359107017517 0
0.10486240684986115 0
0.01786559633910656 0
