0.9977580308914185 1
0.10815694183111191 0
0.13123615086078644 0
0.060942020267248154 0
0.6607655882835388 0
0.9817990064620972 1
0.050406649708747864 0
0.681707501411438 0
0.7265307903289795 0
0.9584026336669922 0
0.9997400641441345 1
0.1941918581724167 0
0.7284641265869141 0
0.3244587779045105 0
0.3085933327674866 0
0.9996742010116577 1
0.20737402141094208 0
0.39575767517089844 0
0.12974828481674194 0
0.8945730924606323 0
0.9889483451843262 1
0.7790326476097107 0
0.7509175539016724 0
0.7837275266647339 0
0.967768669128418 0
0.9999884963035583 1
0.9035343527793884 0
0.9878677129745483 0
0.8333551287651062 0
0.9959553480148315 0
0.9908738136291504 1
0.03435521200299263 0
0.8843146562576294 0
0.018605278804898262 0
0.023623062297701836 0
0.9976744055747986 1
0.06351663172245026 0
0.10083946585655212 0
0.012024391442537308 0
0.7261193990707397 0
0.9993398189544678 1
0.633476972579956 0
0.8364009857177734 0
0.004080154001712799 0
0.5851795673370361 0
0.999691367149353 1
0.08932390064001083 0
0.2384839504957199 0
0.16251343488693237 0
0.9287761449813843 0
0.9900716543197632 1
0.2912840247154236 0
0.14354048669338226 0
0.7707531452178955 0
0.7665364146232605 0
0.9996790885925293 1
0.6377809047698975 0
0.8604719042778015 0
0.7292898893356323 0
0.996337354183197 0
0.9987351298332214 1
0.045827604830265045 0
0.0029283887706696987 0
0.19720730185508728 0
0.28846168518066406 0
0.9958674311637878 1
0.986470639705658 0
0.9939975142478943 0
0.9330463409423828 0
0.988136887550354 0
0.9997891783714294 1
0.4050801992416382 0
0.052090659737586975 0
0.5964624881744385 0
0.9485558271408081 0
0.9956139326095581 1
0.06310068070888519 0
0.04524381086230278 0
0.683140754699707 0
0.3560035228729248 0
0.9898742437362671 1
0.04737769812345505 0
0.0009623292717151344 0
0.9983813762664795 0
0.7730342745780945 0
0.9996055960655212 1
0.013752404600381851 0
0.05182836204767227 0
0.8256950378417969 0
0.5946073532104492 0
0.9463233947753906 1
0.00011037530202884227 0
0.00027436864911578596 0
0.006626391317695379 0
0.0009575169533491135 0
0.9882800579071045 1
0.001122244051657617 0
0.0665636956691742 0
0.004251370206475258 0
0.026744632050395012 0
0.7203063368797302 1
0.0009565138607285917 0
0.014864224009215832 0
0.002090873895213008 0
0.012197796255350113 0
0.9994726181030273 1
0.0031427189242094755 0
0.8908329010009766 0
0.047013454139232635 0
0.0010648851748555899 0
0.9959321022033691 1
0.005460037849843502 0
0.7844235301017761 0
0.007491232827305794 0
0.00770647032186389 0
0.9990968108177185 1
0.012652089819312096 0
0.7730428576469421 0
0.001004177494905889 0
0.004657337442040443 0
0.9808858633041382 1
0.003174017881974578 0
0.12559765577316284 0
0.44395217299461365 0
0.02067536488175392 0
0.9964033961296082 1
0.003060117131099105 0
0.5405699610710144 0
0.058022916316986084 0
0.12771892547607422 0
0.9736844897270203 1
0.040477972477674484 0
0.9120470881462097 0
0.009085978381335735 0
0.014994224533438683 0
0.9898743033409119 1
0.0012976485304534435 0
0.047472741454839706 0
0.6487154364585876 0
0.018058905377984047 0
0.9981347918510437 1
0.008897557854652405 0
0.43025141954421997 0
0.2879420518875122 0
0.014515361748635769 0
0.9724550247192383 1
0.0020531208720058203 0
0.07090672850608826 0
0.02088996395468712 0
0.04675327241420746 0
0.9982947111129761 1
0.000970659195445478 0
0.07805891335010529 0
0.0005477680824697018 0
0.0052024670876562595 0
0.9959561824798584 1
0.006109236739575863 0
0.051215387880802155 0
0.01764608919620514 0
0.0002684027422219515 0
0.9931507110595703 1
0.00588170625269413 0
0.02248125523328781 0
0.0009150655241683125 0
0.003108589444309473 0
0.8008875846862793 1
0.00038635521195828915 0
0.0044103930704295635 0
0.014117233455181122 0
0.0014120745472609997 0
0.9770019054412842 1
8.886796422302723e-05 0
0.0011979180853813887 0
0.006493648514151573 0
0.0029851915314793587 0
0.7655606269836426 1
0.0003822680446319282 0
0.0033341858070343733 0
0.00044577030348591506 0
0.0011499838437885046 0
0.9650041460990906 1
0.01761789061129093 0
0.947344183921814 0
0.5549802184104919 0
0.001893088105134666 0
0.9955090284347534 1
0.01155010610818863 0
0.9593603610992432 0
0.9012589454650879 0
0.1814613789319992 0
0.9240329265594482 1
0.8035010099411011 0
0.9027470350265503 0
0.20733428001403809 0
0.32819244265556335 0
0.930180549621582 1
0.00041152077028527856 0
0.07773780077695847 0
0.36014601588249207 0
0.0006677708006463945 0
0.9503728151321411 1
0.00022409242228604853 0
0.005416873376816511 0
0.021739987656474113 0
2.0367926481412724e-05 0
0.9252946376800537 1
0.000479422218631953 0
0.016341261565685272 0
0.02535584382712841 0
0.0038608545437455177 0
0.9988474249839783 1
0.322814404964447 0
0.9997125864028931 0
0.8943074941635132 0
0.00017782984650693834 0
0.9999016523361206 1
0.027791565284132957 0
0.9990448951721191 0
0.9732807874679565 0
0.4838655889034271 0
0.9979373216629028 1
0.8647555112838745 0
0.9341959357261658 0
0.4350008964538574 0
0.07773374021053314 0
0.9998053312301636 1
0.00016238767420873046 0
0.004707841668277979 0
0.6016782522201538 0
0.00016548106214031577 0
0.9995236396789551 1
0.00035571082844398916 0
0.9204580187797546 0
0.3039751350879669 0
6.83101243339479e-05 0
0.9936494827270508 1
0.03213190287351608 0
0.9144806861877441 0
0.9143401980400085 0
0.003564664861187339 0
0.9953476190567017 1
0.3295149803161621 0
0.2682478725910187 0
0.36865466833114624 0
0.14639443159103394 0
0.9626122713088989 1
0.5119422078132629 0
0.7332605123519897 0
0.06798993051052094 0
0.11129344999790192 0
0.7843381762504578 1
0.027072496712207794 0
0.645789384841919 0
0.1406957507133484 0
0.1207473874092102 0
0.9836365580558777 1
0.2226315438747406 0
0.1970481127500534 0
0.052318643778562546 0
0.0046279411762952805 0
0.8777517080307007 1
0.041455578058958054 0
0.4488676190376282 0
0.0011091148480772972 0
0.000248406024184078 0
0.9947166442871094 1
0.05819882079958916 0
0.21669787168502808 0
0.040624745190143585 0
0.655366063117981 0
0.99797523021698 1
0.005478075705468655 0
0.03668708726763725 0
0.3883776068687439 0
0.0012460171710699797 0
0.9804159998893738 1
0.05574054643511772 0
0.998539388179779 0
0.9906300902366638 0
0.684587836265564 0
0.9972915649414062 1
0.5672625303268433 0
0.8840429186820984 0
0.3870563507080078 0
0.9080619812011719 0
0.24915948510169983 1
0.00013472842692863196 0
0.19278936088085175 0
0.46523579955101013 0
0.00041484981193207204 0
0.9877776503562927 1
0.0002584058966021985 0
0.5026702284812927 0
0.15071861445903778 0
4.97319815622177e-05 0
0.9984938502311707 1
0.0003234133473597467 0
0.399705708026886 0
0.28473877906799316 0
0.0014806727413088083 0
0.9906496405601501 1
0.6003539562225342 0
0.8583604693412781 0
0.8783177137374878 0
0.004204000812023878 0
0.9998272657394409 1
0.06435420364141464 0
0.9067678451538086 0
0.988928496837616 0
0.7112950086593628 0
0.9892427325248718 1
0.07198124378919601 0
0.46882280707359314 0
0.760096549987793 0
0.14559406042099 0
0.9994312524795532 1
0.0005636118585243821 0
0.6425493955612183 0
1.2044134564348496e-05 0
0.0004922602092847228 0
0.9644298553466797 1
0.0028711813502013683 0
0.140136256814003 0
0.030532434582710266 0
8.466956205666065e-05 0
0.9921307563781738 1
0.30910593271255493 0
0.9408915042877197 0
0.9237010478973389 0
0.005328265950083733 0
0.5793261528015137 1
0.00023727022926323116 0
0.7520543336868286 0
0.16300854086875916 0
0.0003537746088113636 0
0.9887228012084961 1
0.0003235364565625787 0
0.7735104560852051 0
0.3604108691215515 0
0.009366659447550774 0
0.9677562713623047 1
0.012138519436120987 0
0.6061538457870483 0
0.07092796266078949 0
0.24930614233016968 0
0.004308620933443308 1
2.0637284251279198e-05 0
0.00010946360998786986 0
0.03683847934007645 0
7.627898867212934e-06 0
0.35495561361312866 1
2.4729421056690626e-05 0
0.00013315225078258663 0
0.0016052327118813992 0
3.279956945334561e-05 0
0.830391526222229 1
0.0006024126778356731 0
0.0015120957978069782 0
0.04324430227279663 0
0.001235411036759615 0
