0.9999484419822693 1
0.3053860068321228 0
0.05285134166479111 0
0.028957858681678772 0
0.9038077592849731 0
0.9871604442596436 1
0.024258289486169815 0
0.3788876533508301 0
0.4207024574279785 0
0.9907092452049255 0
0.9999659061431885 1
0.10588943213224411 0
0.5633021593093872 0
0.21323606371879578 0
0.26554808020591736 0
0.999992847442627 1
0.8359580039978027 0
0.7401620745658875 0
0.06437498331069946 0
0.975124716758728 0
0.9926537275314331 1
0.8029114007949829 0
0.9755643606185913 0
0.9864547252655029 0
0.9834654331207275 0
0.9999920725822449 1
0.9493584632873535 0
0.9989374876022339 0
0.8177525997161865 0
0.9995282888412476 0
0.9993220567703247 1
0.31235241889953613 0
0.8954243063926697 0
0.022050736472010612 0
0.15124249458312988 0
0.9998340010643005 1
0.268873929977417 0
0.09008385241031647 0
0.2824796438217163 0
0.5310563445091248 0
0.9987694025039673 1
0.6955384016036987 0
0.9438666105270386 0
0.0035900126677006483 0
0.8037790656089783 0
0.9999046325683594 1
0.02940255030989647 0
0.18608659505844116 0
0.008287273347377777 0
0.7971226572990417 0
0.9935242533683777 1
0.14703194797039032 0
0.03292477875947952 0
0.8582944273948669 0
0.8662210702896118 0
0.999448299407959 1
0.13807080686092377 0
0.857000470161438 0
0.8433427214622498 0
0.9954320192337036 0
0.9999938011169434 1
0.11000361293554306 0
0.0029033960308879614 0
0.27648672461509705 0
0.6073518991470337 0
0.9997569918632507 1
0.9924068450927734 0
0.9997438788414001 0
0.9854745864868164 0
0.9997700452804565 0
0.9999899864196777 1
0.5227508544921875 0
0.08923892676830292 0
0.9737903475761414 0
0.9985624551773071 0
0.9991254210472107 1
0.5165215730667114 0
0.5386143922805786 0
0.7712656259536743 0
0.9919918775558472 0
0.9993108510971069 1
0.17967604100704193 0
0.032925307750701904 0
0.9996289610862732 0
0.9581611156463623 0
0.9994947910308838 1
0.002160800388082862 0
0.1002570390701294 0
0.8348435163497925 0
0.9437965750694275 0
0.9994637370109558 1
0.00011291648843325675 0
0.00026924576377496123 0
0.04035013169050217 0
0.11499123275279999 0
0.9998986721038818 1
0.00034661905374377966 0
0.03664679825305939 0
0.004622742999345064 0
0.01680508255958557 0
0.9919508695602417 1
0.0009868335910141468 0
0.0051155551336705685 0
0.00433745514601469 0
0.022523444145917892 0
0.9999958872795105 1
0.013144893571734428 0
0.9819652438163757 0
0.3335515260696411 0
0.008119335398077965 0
0.9998009204864502 1
0.01946689933538437 0
0.9610810279846191 0
0.03462682664394379 0
0.01992301642894745 0
0.9995030164718628 1
0.021329602226614952 0
0.9256590604782104 0
0.001615703571587801 0
0.005042470060288906 0
0.9997915029525757 1
0.006807385943830013 0
0.7883510589599609 0
0.9149896502494812 0
0.18287384510040283 0
0.999968409538269 1
0.01067371666431427 0
0.9119464755058289 0
0.13471607863903046 0
0.3654402196407318 0
0.9414834380149841 1
0.7003226280212402 0
0.9898198843002319 0
0.013606968335807323 0
0.0352124385535717 0
0.9935552477836609 1
0.0011897142976522446 0
0.025343604385852814 0
0.8838745951652527 0
0.04647742956876755 0
0.9999732971191406 1
0.0050698574632406235 0
0.9043499827384949 0
0.9436354041099548 0
0.016015201807022095 0
0.9705160856246948 1
0.0025676796212792397 0
0.030710499733686447 0
0.08532451838254929 0
0.04804294556379318 0
0.9999927282333374 1
0.0044320193119347095 0
0.3144299387931824 0
0.00178629532456398 0
0.027467742562294006 0
0.9999159574508667 1
0.008895023725926876 0
0.09633971750736237 0
0.08385847508907318 0
0.0010347779607400298 0
0.9957790374755859 1
0.004154659807682037 0
0.13980942964553833 0
0.001481904648244381 0
0.010474041104316711 0
0.8308843374252319 1
0.0010185918072238564 0
0.015383925288915634 0
0.024645734578371048 0
0.020518522709608078 0
0.9976160526275635 1
0.00012756795331370085 0
0.0023256069980561733 0
0.010052554309368134 0
0.06786023080348969 0
0.8868075609207153 1
0.0013320359867066145 0
0.012899471446871758 0
0.000638128025457263 0
0.0050185127183794975 0
0.999840259552002 1
0.0030226409435272217 0
0.7895428538322449 0
0.6986986994743347 0
0.0016999400686472654 0
0.9952960014343262 1
0.004609211813658476 0
0.9638904929161072 0
0.9661283493041992 0
0.8150393962860107 0
0.9908838272094727 1
0.768195629119873 0
0.9917353987693787 0
0.2894752025604248 0
0.9680938124656677 0
0.9906271696090698 1
0.00031696385121904314 0
0.035268910229206085 0
0.4948517680168152 0
0.0007557636126875877 0
0.999688982963562 1
0.0005966263706795871 0
0.0014343129005283117 0
0.23971644043922424 0
0.0005092101637274027 0
0.9930083155632019 1
0.00010713826486608014 0
0.03346744179725647 0
0.01533486321568489 0
0.0033647967502474785 0
0.9992181062698364 1
0.5348314046859741 0
0.9996464252471924 0
0.995682954788208 0
0.0007627347949892282 0
0.9999809265136719 1
0.03226545453071594 0
0.9988400936126709 0
0.9837236404418945 0
0.215728759765625 0
0.9980005621910095 1
0.9077960252761841 0
0.9539790153503418 0
0.13652053475379944 0
0.6968302726745605 0
0.9986048936843872 1
0.0007571020978502929 0
0.03246937692165375 0
0.8225414752960205 0
0.00028746548923663795 0
0.999367892742157 1
0.009134041145443916 0
0.9949324131011963 0
0.9016385078430176 0
0.00041627578320913017 0
0.9868425130844116 1
0.08290845155715942 0
0.9937841892242432 0
0.8995153307914734 0
0.004840103909373283 0
0.9961223602294922 1
0.024492483586072922 0
0.02862243913114071 0
0.09540814161300659 0
0.03615007549524307 0
0.9875358939170837 1
0.08539246022701263 0
0.20658409595489502 0
0.06095166131854057 0
0.18394947052001953 0
0.9500343203544617 1
0.06479315459728241 0
0.6898456811904907 0
0.5346728563308716 0
0.40500161051750183 0
0.9990845918655396 1
0.3288859724998474 0
0.48691725730895996 0
0.060879193246364594 0
0.0011193184182047844 0
0.9935622215270996 1
0.11621259897947311 0
0.7553162574768066 0
0.0053898850455880165 0
0.0005740252672694623 0
0.9992305636405945 1
0.46834659576416016 0
0.7899346351623535 0
0.02690546214580536 0
0.6630205512046814 0
0.9982112646102905 1
0.0004986053099855781 0
0.5723532438278198 0
0.5664933919906616 0
0.0010623005218803883 0
0.9722545146942139 1
0.07610183954238892 0
0.9966868162155151 0
0.9996310472488403 0
0.9670609831809998 0
0.9940731525421143 1
0.6275193691253662 0
0.6005515456199646 0
0.9495398998260498 0
0.9803566932678223 0
0.2063525915145874 1
9.430805221199989e-05 0
0.01189771294593811 0
0.9484648108482361 0
0.00046836427645757794 0
0.9990420341491699 1
0.0020888480357825756 0
0.09130960702896118 0
0.8656175136566162 0
0.0007020819466561079 0
0.9945327639579773 1
0.0006726046558469534 0
0.030159063637256622 0
0.1569790244102478 0
0.0035088560543954372 0
0.9997794032096863 1
0.7258552312850952 0
0.9524232149124146 0
0.7406991720199585 0
0.0028748519252985716 0
0.999973714351654 1
0.3249301016330719 0
0.4149835705757141 0
0.9975171089172363 0
0.9594675302505493 0
0.9979550242424011 1
0.02033439837396145 0
0.5237376689910889 0
0.28400546312332153 0
0.5947104692459106 0
0.9999337196350098 1
0.0010942269582301378 0
0.7281630039215088 0
5.2045252232346684e-05 0
0.0009797419188544154 0
0.9962887763977051 1
0.026301203295588493 0
0.887398898601532 0
0.03769420087337494 0
0.0005329978885129094 0
0.9946147203445435 1
0.18594054877758026 0
0.8293997645378113 0
0.5562099814414978 0
0.020884990692138672 0
0.9258860945701599 1
0.0007118852809071541 0
0.898857593536377 0
0.6276716589927673 0
0.000283404893707484 0
0.9941283464431763 1
0.002052395138889551 0
0.9986467361450195 0
0.8883638381958008 0
0.7848000526428223 0
0.9903039932250977 1
0.1327683925628662 0
0.9934598803520203 0
0.898261547088623 0
0.9861849546432495 0
0.09957834333181381 1
0.00037772193900309503 0
0.0012791299959644675 0
0.22447603940963745 0
4.428995816851966e-05 0
0.8494870066642761 1
0.0006341974367387593 0
0.010770323686301708 0
0.007658869028091431 0
0.0008940570987761021 0
0.9129084348678589 1
0.0016091074794530869 0
0.002376516815274954 0
0.036532651633024216 0
0.0028058155439794064 0
