0.11466407775878906 1
0.41749727725982666 1
0.1872168630361557 1
0.2508838474750519 1
0.040772825479507446 1
0.4106939733028412 1
0.504657506942749 1
0.020322909578680992 1
0.3671506345272064 1
0.06588507443666458 1
0.3509537875652313 1
0.05686817318201065 1
0.33651202917099 1
0.41176754236221313 1
0.7018927931785583 1
0.442111074924469 1
0.03939647600054741 1
0.32306039333343506 1
0.07077112048864365 1
0.4357374608516693 1
0.16991427540779114 1
0.41500553488731384 1
0.5230757594108582 1
0.009307442232966423 0
0.0031221488025039434 0
0.6693418025970459 0
0.0005208579823374748 0
0.09692580997943878 0
0.3251410126686096 0
0.0004725881153717637 0
0.0007788642542436719 0
0.1599196195602417 0
0.04125059023499489 0
0.005608524661511183 0
0.7168536186218262 0
0.00017833842139225453 0
0.0006340519757941365 0
0.8397539854049683 0
0.0007235351367853582 0
0.00016809353837743402 0
0.6667389273643494 0
0.0004177445953246206 0
0.004243642091751099 0
0.626383900642395 0
0.010634197853505611 0
0.0066628484055399895 0
0.3336312472820282 0
0.0007689357735216618 0
0.004886930342763662 0
0.503456175327301 0
0.004217328038066626 0
0.011463262140750885 0
0.35336244106292725 0
0.0071873972192406654 0
0.01162732020020485 0
0.3440086245536804 0
0.020811310037970543 0
0.019287044182419777 0
0.43062150478363037 0
0.017156170681118965 0
0.025382928550243378 0
0.5567857027053833 0
0.001222910825163126 0
0.0648309737443924 0
0.3572179079055786 0
0.0857766792178154 0
0.012130796909332275 0
0.6044294834136963 0
0.013876643031835556 0
0.008976319804787636 0
0.539298415184021 0
0.04301564022898674 0
0.01437187846750021 0
0.6949353218078613 0
0.0007594336057081819 0
0.03514973819255829 0
0.40320515632629395 0
0.0015422264114022255 0
0.0034754022490233183 0
0.59476637840271 0
0.019397713243961334 0
0.004453213885426521 0
0.5966576337814331 0
0.013387749902904034 0
0.038593485951423645 0
0.40195736289024353 0
0.026729781180620193 0
0.02258245460689068 0
0.7350139021873474 0
0.0745820552110672 0
0.004027288407087326 0
0.8205558657646179 0
0.7087558507919312 1
0.9331120252609253 1
0.2579740583896637 1
0.6832553744316101 1
0.868735671043396 1
0.9053179025650024 1
0.9773725271224976 1
0.9635652303695679 1
0.8852132558822632 1
0.39385339617729187 1
0.5871134996414185 1
0.830357015132904 1
0.45876091718673706 1
0.45412835478782654 1
0.6231206059455872 1
0.39799222350120544 1
0.8449373245239258 1
0.5143421292304993 1
0.5005213022232056 1
0.4174969792366028 1
0.7064539790153503 1
0.8026911020278931 1
0.5409336686134338 1
