0.6484807729721069 1
0.3237183094024658 0
0.3198111057281494 0
0.10669993609189987 0
0.34293413162231445 0
0.6293591260910034 1
0.041083645075559616 0
0.34918272495269775 0
0.19663183391094208 0
0.5765011310577393 0
0.651192843914032 1
0.31764093041419983 0
0.33308660984039307 0
0.2356148064136505 0
0.31895971298217773 0
0.9181056022644043 1
0.5312314629554749 0
0.6872254610061646 0
0.20639529824256897 0
0.6074897646903992 0
0.805169939994812 1
0.810766339302063 0
0.791089653968811 0
0.5438567399978638 0
0.6737942099571228 0
0.9139679670333862 1
0.8841503858566284 0
0.8004504442214966 0
0.32952314615249634 0
0.6548020243644714 0
0.5850669145584106 1
0.5440566539764404 0
0.9526944160461426 0
0.24059252440929413 0
0.3671736419200897 0
0.6619877815246582 1
0.7250795364379883 0
0.3528457283973694 0
0.32275253534317017 0
0.5954210162162781 0
0.4267110824584961 1
0.8137950897216797 0
0.9834702014923096 0
0.23400232195854187 0
0.33515843749046326 0
0.9912256598472595 1
0.09660248458385468 0
0.3261744976043701 0
0.00960544217377901 0
0.6614567041397095 0
0.8559707403182983 1
0.10685157030820847 0
0.16329173743724823 0
0.5398892760276794 0
0.5256175994873047 0
0.7347080111503601 1
0.30298659205436707 0
0.329532265663147 0
0.30902475118637085 0
0.6418157815933228 0
0.8845893144607544 1
0.2735738456249237 0
0.3344111442565918 0
0.1794765591621399 0
0.3334113359451294 0
0.7446990013122559 1
0.9742781519889832 0
0.9741659164428711 0
0.4179963767528534 0
0.8343108892440796 0
0.6981115341186523 1
0.25931400060653687 0
0.33464759588241577 0
0.3309144377708435 0
0.576793909072876 0
0.6712815761566162 1
0.10132727026939392 0
0.5925227403640747 0
0.28644585609436035 0
0.26424863934516907 0
0.7491957545280457 1
0.6607108116149902 0
0.6540290713310242 0
0.7518379092216492 0
0.6038633584976196 0
0.7261179685592651 1
0.0888785719871521 0
0.5572490692138672 0
0.4517333507537842 0
0.5573641061782837 0
0.6036839485168457 1
0.0011046696454286575 0
0.025762667879462242 0
0.15248358249664307 0
0.30535298585891724 0
0.44913536310195923 1
0.003513930132612586 0
0.23211978375911713 0
0.02878469042479992 0
0.12524300813674927 0
0.6282846331596375 1
0.024936802685260773 0
0.30768173933029175 0
0.1936662644147873 0
0.08971308916807175 0
0.6715483665466309 1
0.04470789059996605 0
0.670073926448822 0
0.33486396074295044 0
0.006959134247153997 0
0.6679706573486328 1
0.08011654019355774 0
0.629156231880188 0
0.22882592678070068 0
0.13068100810050964 0
0.6301924586296082 1
0.2263084352016449 0
0.560553789138794 0
0.11255648732185364 0
0.12124644219875336 0
0.654483437538147 1
0.04650668054819107 0
0.9201030731201172 0
0.6120257377624512 0
0.5252066850662231 0
0.6829999685287476 1
0.06359674036502838 0
0.9130846261978149 0
0.4288639426231384 0
0.5923992395401001 0
0.6451894044876099 1
0.10314464569091797 0
0.9789376258850098 0
0.20570920407772064 0
0.4031517505645752 0
0.6609829068183899 1
0.03199149668216705 0
0.3724394738674164 0
0.5161166787147522 0
0.25764763355255127 0
0.6723968386650085 1
0.03081464394927025 0
0.3352840840816498 0
0.3503670394420624 0
0.15328975021839142 0
0.6515098214149475 1
0.01763451099395752 0
0.3076786994934082 0
0.2625197172164917 0
0.2685614228248596 0
0.6967820525169373 1
0.08850660920143127 0
0.34973129630088806 0
0.10482713580131531 0
0.2437146008014679 0
0.668674886226654 1
0.10379272699356079 0
0.2989068031311035 0
0.19338081777095795 0
0.0064188516698777676 0
0.6407772898674011 1
0.21475636959075928 0
0.3008147180080414 0
0.020960327237844467 0
0.11220848560333252 0
0.5271115303039551 1
0.0030966815538704395 0
0.06855304539203644 0
0.2877011299133301 0
0.04616301506757736 0
0.6093534827232361 1
0.0011375455651432276 0
0.010478111915290356 0
0.05173618718981743 0
0.006302058696746826 0
0.3488538861274719 1
0.026294484734535217 0
0.12503905594348907 0
0.003990986384451389 0
0.006786868907511234 0
0.34772080183029175 1
0.3265671133995056 0
0.3324984014034271 0
0.3330882787704468 0
0.024230262264609337 0
0.3363264799118042 1
0.23094111680984497 0
0.33449551463127136 0
0.3322088122367859 0
0.3202263116836548 0
0.34730595350265503 1
0.32488149404525757 0
0.33255040645599365 0
0.026410041376948357 0
0.2919848561286926 0
0.33643054962158203 1
0.06925373524427414 0
0.3265208303928375 0
0.3217116594314575 0
0.013309317640960217 0
0.3676454424858093 1
0.03587672486901283 0
0.0890924260020256 0
0.31870412826538086 0
0.11952689290046692 0
0.6343299746513367 1
0.018569465726614 0
0.1463189721107483 0
0.33082881569862366 0
0.14513397216796875 0
0.6696567535400391 1
0.6104248762130737 0
0.6494655609130859 0
0.3403421640396118 0
0.14090976119041443 0
0.6747459769248962 1
0.2634132504463196 0
0.6106244325637817 0
0.34836214780807495 0
0.34368595480918884 0
0.8115966320037842 1
0.3726092576980591 0
0.3501967787742615 0
0.05184058099985123 0
0.22399011254310608 0
0.6597536206245422 1
0.10028251260519028 0
0.2901339530944824 0
0.3463105857372284 0
0.019961465150117874 0
0.6683127284049988 1
0.2791442573070526 0
0.6645413637161255 0
0.3332037627696991 0
0.08971011638641357 0
0.7502207159996033 1
0.5991759300231934 0
0.8742632865905762 0
0.6624987721443176 0
0.03913018852472305 0
0.33342140913009644 1
0.6818249225616455 0
0.9645740389823914 0
0.3640863299369812 0
0.45609742403030396 0
0.350111186504364 1
0.5150884389877319 0
0.9713326692581177 0
0.26341938972473145 0
0.30025264620780945 0
0.44992661476135254 1
0.22474807500839233 0
0.9749714732170105 0
0.2190442681312561 0
0.1221999078989029 0
0.4223315417766571 1
0.7886741161346436 0
0.9430443644523621 0
0.3308020830154419 0
0.021399525925517082 0
0.39359423518180847 1
0.39474278688430786 0
0.8473942279815674 0
0.2525532841682434 0
0.1161891371011734 0
0.6334551572799683 1
0.6076546907424927 0
0.8780612945556641 0
0.6103370189666748 0
0.6758224964141846 0
0.6646665930747986 1
0.24783968925476074 0
0.3145735263824463 0
0.33450496196746826 0
0.11000916361808777 0
0.6612884998321533 1
0.30086416006088257 0
0.34108448028564453 0
0.5349216461181641 0
0.42146918177604675 0
0.952594518661499 1
0.0156351700425148 0
0.3319929242134094 0
0.17219573259353638 0
0.44201597571372986 0
0.39495694637298584 1
8.093233918771148e-05 0
0.23034104704856873 0
0.34350788593292236 0
0.0116396714001894 0
0.6656374931335449 1
0.03740065544843674 0
0.2875973880290985 0
0.3335667848587036 0
0.011567655950784683 0
0.9368392825126648 1
0.20233723521232605 0
0.04026428610086441 0
0.6502162218093872 0
0.007192302029579878 0
0.47868582606315613 1
0.33473309874534607 0
0.3333889842033386 0
0.34482428431510925 0
0.31764405965805054 0
0.6063200831413269 1
0.3172636330127716 0
0.33917903900146484 0
0.33623790740966797 0
0.36090409755706787 0
0.5369420647621155 1
0.09526213258504868 0
0.33147111535072327 0
0.09428434073925018 0
0.21542339026927948 0
0.6577184200286865 1
0.3249960243701935 0
0.5842477083206177 0
0.011323904618620872 0
0.04902459308505058 0
0.5118169188499451 1
0.32982802391052246 0
0.3411535620689392 0
0.3321550488471985 0
0.01977960392832756 0
0.8061472177505493 1
0.6714808344841003 0
0.8656472563743591 0
0.6664239168167114 0
0.4842560887336731 0
0.39896318316459656 1
0.3202629089355469 0
0.17661479115486145 0
0.3363301753997803 0
0.021742593497037888 0
0.6518229246139526 1
0.02543110027909279 0
0.4424523115158081 0
0.2810554802417755 0
0.224925696849823 0
0.5817753076553345 1
0.11294770240783691 0
0.641503632068634 0
0.30401283502578735 0
0.05731254816055298 0
0.32944077253341675 1
0.13235285878181458 0
0.006366062443703413 0
0.13846202194690704 0
0.0005107851466163993 0
0.5921065807342529 1
0.04630556330084801 0
0.048896294087171555 0
0.32610344886779785 0
0.008236966095864773 0
0.6038796901702881 1
0.09976022690534592 0
0.336597204208374 0
0.574320912361145 0
0.011156745254993439 0
