0.7337901592254639 1
0.6572667956352234 1
0.3159896731376648 1
0.7102655172348022 1
0.25494682788848877 1
0.6291979551315308 1
0.6889032125473022 1
0.059409525245428085 1
0.45033085346221924 1
0.245682030916214 1
0.3485940396785736 1
0.5119051933288574 1
0.4283515214920044 1
0.5941399335861206 1
0.9082867503166199 1
0.30171090364456177 1
0.006315333303064108 1
0.3130611181259155 1
0.049889229238033295 1
0.819530189037323 1
0.3416503369808197 1
0.7649482488632202 1
0.8806626200675964 1
0.015373400412499905 0
0.03710673749446869 0
0.7107491493225098 0
0.007517244666814804 0
0.2925337553024292 0
0.3811664581298828 0
0.029617242515087128 0
0.004601499065756798 0
0.11652897298336029 0
0.02603907138109207 0
0.06435221433639526 0
0.8758382201194763 0
0.004194625653326511 0
0.00892992690205574 0
0.8879515528678894 0
0.01612386852502823 0
0.000512448837980628 0
0.7008354067802429 0
0.0047552501782774925 0
0.0778609961271286 0
0.6323386430740356 0
0.10458656400442123 0
0.024265140295028687 0
0.33720988035202026 0
0.0020251839887350798 0
0.028861194849014282 0
0.4887479245662689 0
0.03904477134346962 0
0.010544798336923122 0
0.4007610082626343 0
0.02537829801440239 0
0.023580551147460938 0
0.41493067145347595 0
0.27350276708602905 0
0.1635107696056366 0
0.49070224165916443 0
0.12464511394500732 0
0.03474599868059158 0
0.3899070620536804 0
0.009830329567193985 0
0.07201249897480011 0
0.32409724593162537 0
0.22568118572235107 0
0.12719380855560303 0
0.7882739901542664 0
0.10104578733444214 0
0.02442685142159462 0
0.4931643009185791 0
0.1816350668668747 0
0.1212424486875534 0
0.7331528663635254 0
0.00805777870118618 0
0.11811986565589905 0
0.49999409914016724 0
0.03471279889345169 0
0.11590743064880371 0
0.5936726927757263 0
0.16934022307395935 0
0.07009770721197128 0
0.6077712774276733 0
0.044108372181653976 0
0.15078791975975037 0
0.4161258637905121 0
0.06348690390586853 0
0.05711762234568596 0
0.780533492565155 0
0.32211628556251526 0
0.015255752019584179 0
0.8071427345275879 0
0.8145689368247986 1
0.9689480662345886 1
0.39861321449279785 1
0.8027393221855164 1
0.9659172296524048 1
0.9633694887161255 1
0.9825574159622192 1
0.9791998863220215 1
0.8655260801315308 1
0.6186900734901428 1
0.6884775161743164 1
0.9565317034721375 1
0.613213837146759 1
0.641295850276947 1
0.6877337694168091 1
0.40773698687553406 1
0.8334128260612488 1
0.70479416847229 1
0.7927975654602051 1
0.6856580972671509 1
0.6519030332565308 1
0.819333553314209 1
0.7081438302993774 1
