0.6597652435302734 1
0.2997184097766876 0
0.32610976696014404 0
0.08390476554632187 0
0.3432794511318207 0
0.6513259410858154 1
0.05799097940325737 0
0.39156216382980347 0
0.2611309289932251 0
0.6440725922584534 0
0.6443797945976257 1
0.3200801610946655 0
0.34048721194267273 0
0.29365968704223633 0
0.3371274471282959 0
0.8847817182540894 1
0.6361086368560791 0
0.829126238822937 0
0.283943772315979 0
0.6384830474853516 0
0.9121865034103394 1
0.8524178266525269 0
0.7750629186630249 0
0.4925838112831116 0
0.6722146272659302 0
0.9795870780944824 1
0.9397334456443787 0
0.8858165740966797 0
0.3445075452327728 0
0.6421995759010315 0
0.7926191091537476 1
0.4448476731777191 0
0.9586300253868103 0
0.19543668627738953 0
0.3504241108894348 0
0.7052988409996033 1
0.9840563535690308 0
0.41834601759910583 0
0.32810935378074646 0
0.601608157157898 0
0.42004984617233276 1
0.9159659147262573 0
0.9957340955734253 0
0.2726284861564636 0
0.34265217185020447 0
0.9874299764633179 1
0.19207808375358582 0
0.33109205961227417 0
0.014013390988111496 0
0.6587318181991577 0
0.9470418691635132 1
0.2854899764060974 0
0.15180568397045135 0
0.4502532482147217 0
0.5582762956619263 0
0.8827275037765503 1
0.3247799277305603 0
0.3363047242164612 0
0.42133384943008423 0
0.6455347537994385 0
0.902179479598999 1
0.3190832734107971 0
0.34320497512817383 0
0.14912106096744537 0
0.2434253990650177 0
0.8462730646133423 1
0.9840957522392273 0
0.982641875743866 0
0.3940598666667938 0
0.8679704666137695 0
0.7212734222412109 1
0.3079488277435303 0
0.3530770540237427 0
0.3398681879043579 0
0.5015408396720886 0
0.6907238960266113 1
0.19233712553977966 0
0.5767948627471924 0
0.24401652812957764 0
0.15188975632190704 0
0.7902902960777283 1
0.6542938947677612 0
0.6544039845466614 0
0.9327029585838318 0
0.4559435248374939 0
0.8967022895812988 1
0.20930856466293335 0
0.6176440715789795 0
0.404468834400177 0
0.30646562576293945 0
0.6318163275718689 1
0.0010753789683803916 0
0.031007206067442894 0
0.2487519383430481 0
0.1716480255126953 0
0.542871356010437 1
0.004631297197192907 0
0.24604949355125427 0
0.028916101902723312 0
0.14757278561592102 0
0.6177884936332703 1
0.029378948733210564 0
0.3014841675758362 0
0.13173754513263702 0
0.11757034063339233 0
0.6905920505523682 1
0.10951801389455795 0
0.7282602190971375 0
0.35128530859947205 0
0.01567290723323822 0
0.6808350086212158 1
0.0689251497387886 0
0.6604018211364746 0
0.22317761182785034 0
0.16534431278705597 0
0.6380547881126404 1
0.24505674839019775 0
0.6200140714645386 0
0.12033653259277344 0
0.1019970178604126 0
0.6696395874023438 1
0.08194981515407562 0
0.8480801582336426 0
0.5914665460586548 0
0.4563279151916504 0
0.7178168296813965 1
0.05101434513926506 0
0.8891379833221436 0
0.5412435531616211 0
0.5383265018463135 0
0.6356688737869263 1
0.2614017426967621 0
0.982039213180542 0
0.12098976224660873 0
0.3156306743621826 0
0.6669430732727051 1
0.08541835844516754 0
0.40403932332992554 0
0.5360727310180664 0
0.4249311089515686 0
0.6787567138671875 1
0.07523554563522339 0
0.3383137583732605 0
0.34345418214797974 0
0.21994584798812866 0
0.661221981048584 1
0.03585822135210037 0
0.31798040866851807 0
0.2549213171005249 0
0.24559611082077026 0
0.7469625473022461 1
0.1598438322544098 0
0.4634320139884949 0
0.25471973419189453 0
0.22674821317195892 0
0.6771520376205444 1
0.1152031347155571 0
0.3493719696998596 0
0.14565305411815643 0
0.003930937498807907 0
0.6727085113525391 1
0.1623631715774536 0
0.28370606899261475 0
0.04514797776937485 0
0.06853995472192764 0
0.5834341049194336 1
0.009573390707373619 0
0.22347615659236908 0
0.3556976020336151 0
0.08167648315429688 0
0.6187596917152405 1
0.007662193384021521 0
0.03451062738895416 0
0.14184759557247162 0
0.01799773797392845 0
0.3420143723487854 1
0.05570171773433685 0
0.17742320895195007 0
0.012177854776382446 0
0.015671201050281525 0
0.3869746923446655 1
0.29789239168167114 0
0.33006349205970764 0
0.3328792452812195 0
0.10112784802913666 0
0.3442314863204956 1
0.17132458090782166 0
0.33289435505867004 0
0.331046462059021 0
0.329459547996521 0
0.3533491790294647 1
0.3121702969074249 0
0.3370576500892639 0
0.03853217139840126 0
0.18190322816371918 0
0.3616596460342407 1
0.008422236889600754 0
0.24761322140693665 0
0.3235398530960083 0
0.00851622223854065 0
0.34169456362724304 1
0.014805827289819717 0
0.03074612095952034 0
0.19064033031463623 0
0.042704805731773376 0
0.6398704648017883 1
0.010207543149590492 0
0.21102915704250336 0
0.3262562155723572 0
0.0924786776304245 0
0.6821080446243286 1
0.5998727083206177 0
0.6435599327087402 0
0.37651848793029785 0
0.1702532172203064 0
0.7195014953613281 1
0.17929327487945557 0
0.6410670876502991 0
0.37879645824432373 0
0.34486812353134155 0
0.8652257919311523 1
0.39199692010879517 0
0.38297972083091736 0
0.14377865195274353 0
0.15346233546733856 0
0.6650260090827942 1
0.1313227415084839 0
0.30202263593673706 0
0.36344844102859497 0
0.015251494012773037 0
0.6733388900756836 1
0.18466977775096893 0
0.5762279033660889 0
0.3315194547176361 0
0.06207319721579552 0
0.8660804033279419 1
0.6040846109390259 0
0.9140076637268066 0
0.6625891923904419 0
0.07777923345565796 0
0.35077911615371704 1
0.5783756375312805 0
0.786817729473114 0
0.41179367899894714 0
0.3221413493156433 0
0.35871249437332153 1
0.4591505229473114 0
0.8978756666183472 0
0.3261016607284546 0
0.4103550612926483 0
0.6075143814086914 1
0.5054967999458313 0
0.9902710914611816 0
0.2997662425041199 0
0.07169752568006516 0
0.4686843752861023 1
0.7328529357910156 0
0.8471853733062744 0
0.3538268506526947 0
0.01881912723183632 0
0.37652668356895447 1
0.2298283874988556 0
0.9271001219749451 0
0.312533974647522 0
0.08612886071205139 0
0.7127652168273926 1
0.6514737010002136 0
0.8272420167922974 0
0.6111520528793335 0
0.6501833200454712 0
0.658368706703186 1
0.2565290331840515 0
0.2912895381450653 0
0.3438197374343872 0
0.20069962739944458 0
0.6579303741455078 1
0.3030626177787781 0
0.3409399688243866 0
0.49931666254997253 0
0.5363335013389587 0
0.9322409629821777 1
0.12571574747562408 0
0.3338778018951416 0
0.22848957777023315 0
0.5289832949638367 0
0.465201199054718 1
0.00021804808056913316 0
0.2690727710723877 0
0.32098129391670227 0
0.0059740133583545685 0
0.6623662710189819 1
0.028306525200605392 0
0.31458067893981934 0
0.3330652117729187 0
0.016981597989797592 0
0.9566231966018677 1
0.1729944944381714 0
0.24914084374904633 0
0.6284703612327576 0
0.011657348833978176 0
0.4072223901748657 1
0.34146544337272644 0
0.33391377329826355 0
0.3376389443874359 0
0.29874223470687866 0
0.6951305866241455 1
0.31766846776008606 0
0.34681496024131775 0
0.3697375953197479 0
0.3923543393611908 0
0.5692898035049438 1
0.13089041411876678 0
0.3359854817390442 0
0.11413317918777466 0
0.15497879683971405 0
0.6650948524475098 1
0.3007354140281677 0
0.641802966594696 0
0.01075515802949667 0
0.023236563429236412 0
0.5499523878097534 1
0.2962002456188202 0
0.3357471227645874 0
0.31932637095451355 0
0.005097564775496721 0
0.8468468189239502 1
0.6264386177062988 0
0.7498044967651367 0
0.6651073098182678 0
0.25211167335510254 0
0.3729652762413025 1
0.2693166136741638 0
0.3579215407371521 0
0.35595378279685974 0
0.025936966761946678 0
0.6022521257400513 1
0.01544877514243126 0
0.25833114981651306 0
0.2630194127559662 0
0.21241991221904755 0
0.5756756067276001 1
0.12740077078342438 0
0.6534658074378967 0
0.18667659163475037 0
0.13636112213134766 0
0.33367419242858887 1
0.054097793996334076 0
0.007879385724663734 0
0.2812879681587219 0
0.0002944876323454082 0
0.4064682722091675 1
0.01184951514005661 0
0.05038179084658623 0
0.30923014879226685 0
0.012754454277455807 0
0.6584516763687134 1
0.17087440192699432 0
0.3762488067150116 0
0.631289005279541 0
0.011631602421402931 0
