0.9996306300163269 1
0.6386851072311401 0
0.7500833868980408 0
0.7500579357147217 0
0.9516677856445312 0
0.9906506538391113 1
0.6364794969558716 0
0.8663730621337891 0
0.8571634292602539 0
0.9937290549278259 0
0.9998855590820312 1
0.7273740768432617 0
0.9897036552429199 0
0.9007611274719238 0
0.95585036277771 0
0.9999499320983887 1
0.9556351900100708 0
0.9507250785827637 0
0.48224300146102905 0
0.9914276003837585 0
0.9967913627624512 1
0.875024676322937 0
0.9499425888061523 0
0.994137704372406 0
0.9925621747970581 0
0.9999710321426392 1
0.9932898283004761 0
0.9959861636161804 0
0.9524073600769043 0
0.9992925524711609 0
0.9992111921310425 1
0.3946780562400818 0
0.9876109957695007 0
0.5015145540237427 0
0.5233258008956909 0
0.9997965693473816 1
0.6913528442382812 0
0.047669798135757446 0
0.4725949466228485 0
0.9841269254684448 0
0.9993230700492859 1
0.9122888445854187 0
0.9947609305381775 0
0.010680618695914745 0
0.6833228468894958 0
0.9998939037322998 1
0.056554973125457764 0
0.8364691734313965 0
0.4369797110557556 0
0.7551947832107544 0
0.9828184843063354 1
0.9062048196792603 0
0.09933263063430786 0
0.980526328086853 0
0.9813045859336853 0
0.9998142719268799 1
0.8465811014175415 0
0.928305983543396 0
0.9095885157585144 0
0.9991505146026611 0
0.9999355673789978 1
0.8730568289756775 0
0.06946473568677902 0
0.5717799663543701 0
0.6394245028495789 0
0.9995498061180115 1
0.9681280851364136 0
0.9983841776847839 0
0.9943210482597351 0
0.999036967754364 0
0.9999319911003113 1
0.9907862544059753 0
0.33571237325668335 0
0.9559339284896851 0
0.9972653388977051 0
0.9994066953659058 1
0.6830241084098816 0
0.8460644483566284 0
0.4458763003349304 0
0.875992476940155 0
0.9981171488761902 1
0.2831352949142456 0
0.03608566150069237 0
0.9986264705657959 0
0.9808589816093445 0
0.9999650716781616 1
0.09402143210172653 0
0.8594096899032593 0
0.9938342571258545 0
0.9695833921432495 0
0.9986841082572937 1
0.00037882616743445396 0
0.004964843392372131 0
0.3511836528778076 0
0.028435390442609787 0
0.9999241828918457 1
0.0030138702131807804 0
0.6096692085266113 0
0.03674013167619705 0
0.18396799266338348 0
0.9988438487052917 1
0.0069044847041368484 0
0.22405239939689636 0
0.013116120360791683 0
0.0938362404704094 0
0.9999658465385437 1
0.016264548525214195 0
0.9967366456985474 0
0.3026767671108246 0
0.014683656394481659 0
0.9998364448547363 1
0.13962861895561218 0
0.9925193190574646 0
0.1653161495923996 0
0.1595374345779419 0
0.9995495676994324 1
0.17988359928131104 0
0.9940329790115356 0
0.031245555728673935 0
0.034959450364112854 0
0.9994821548461914 1
0.047297343611717224 0
0.9823180437088013 0
0.906280517578125 0
0.18481990694999695 0
0.9997353553771973 1
0.06353811174631119 0
0.9889485239982605 0
0.8234238624572754 0
0.8663246631622314 0
0.9959990978240967 1
0.7906977534294128 0
0.99712073802948 0
0.0626777708530426 0
0.26654869318008423 0
0.9918075799942017 1
0.005488594062626362 0
0.282360315322876 0
0.9641754031181335 0
0.5108039379119873 0
0.999893307685852 1
0.08889778703451157 0
0.9384791851043701 0
0.9290968775749207 0
0.2844666838645935 0
0.9919669032096863 1
0.00570456450805068 0
0.3572455048561096 0
0.6042298078536987 0
0.3389996290206909 0
0.999884843826294 1
0.005033179651945829 0
0.24621354043483734 0
0.0024028916377574205 0
0.049521010369062424 0
0.9999459981918335 1
0.3412749767303467 0
0.6897668838500977 0
0.2137170284986496 0
0.001939913141541183 0
0.9999706149101257 1
0.052196647971868515 0
0.7165883779525757 0
0.003920219838619232 0
0.021530693396925926 0
0.8327925205230713 1
0.0009707567514851689 0
0.08997303247451782 0
0.054467421025037766 0
0.017199212685227394 0
0.9967736005783081 1
0.00037472983240149915 0
0.015374664217233658 0
0.07430701702833176 0
0.02321326732635498 0
0.9884853363037109 1
0.0025123797822743654 0
0.050025761127471924 0
0.008975873701274395 0
0.004522267263382673 0
0.9996234178543091 1
0.9012140035629272 0
0.9975449442863464 0
0.9906044006347656 0
0.02712162956595421 0
0.9987680315971375 1
0.6287302374839783 0
0.9985604286193848 0
0.9951745867729187 0
0.9582003355026245 0
0.9941007494926453 1
0.9706809520721436 0
0.99068284034729 0
0.7271806001663208 0
0.9350530505180359 0
0.9987394213676453 1
0.004561024717986584 0
0.70416259765625 0
0.8748070001602173 0
0.0067716012708842754 0
0.9992140531539917 1
0.0018014580709859729 0
0.13491392135620117 0
0.5607213973999023 0
0.0013233110075816512 0
0.9982184171676636 1
0.0037796308752149343 0
0.41967055201530457 0
0.21842661499977112 0
0.06682807207107544 0
0.9987634420394897 1
0.9869184494018555 0
0.9999397993087769 0
0.9984778761863708 0
0.0036597060970962048 0
0.999985933303833 1
0.7784972190856934 0
0.9990963935852051 0
0.9931358098983765 0
0.9665343165397644 0
0.9997503757476807 1
0.9949209094047546 0
0.9933449625968933 0
0.8902245759963989 0
0.6102046966552734 0
0.999933123588562 1
0.006489995867013931 0
0.5220679044723511 0
0.9456682205200195 0
0.0006791094201616943 0
0.999934196472168 1
0.0075538866221904755 0
0.9791910648345947 0
0.952532947063446 0
0.001567735685966909 0
0.9974398612976074 1
0.7502874732017517 0
0.9955019950866699 0
0.9765550494194031 0
0.020314723253250122 0
0.9972698092460632 1
0.9472713470458984 0
0.9681835174560547 0
0.9576751589775085 0
0.8257768154144287 0
0.9916071891784668 1
0.9738235473632812 0
0.989604115486145 0
0.46001583337783813 0
0.8748050928115845 0
0.9881044626235962 1
0.7377877235412598 0
0.9893009662628174 0
0.8559260368347168 0
0.5707147121429443 0
0.998516321182251 1
0.9504281878471375 0
0.8189136385917664 0
0.7629985213279724 0
0.011145363561809063 0
0.9980556964874268 1
0.472385048866272 0
0.9796871542930603 0
0.019136562943458557 0
0.004562807269394398 0
0.9998478889465332 1
0.7774456739425659 0
0.9384174346923828 0
0.6235500574111938 0
0.5550025701522827 0
0.9993874430656433 1
0.11994551867246628 0
0.9885783195495605 0
0.9960121512413025 0
0.026157211512327194 0
0.9944436550140381 1
0.7401019930839539 0
0.9983597993850708 0
0.9953665137290955 0
0.9950660467147827 0
0.9989558458328247 1
0.8117203712463379 0
0.804326057434082 0
0.814979076385498 0
0.9955787658691406 0
0.9891783595085144 1
0.0003699272347148508 0
0.358625590801239 0
0.9748474359512329 0
0.001716857310384512 0
0.9993594884872437 1
0.0019518876215443015 0
0.7422115206718445 0
0.24528458714485168 0
0.0004665231972467154 0
0.9989355802536011 1
0.010913743637502193 0
0.5696609616279602 0
0.6558729410171509 0
0.003955372609198093 0
0.9998972415924072 1
0.997100830078125 0
0.9840444922447205 0
0.9852384328842163 0
0.06903155148029327 0
0.9999772310256958 1
0.904495894908905 0
0.9723846912384033 0
0.9949375987052917 0
0.9839922785758972 0
0.9997482299804688 1
0.5956449508666992 0
0.8686977624893188 0
0.6844220161437988 0
0.6625350713729858 0
0.9999222755432129 1
0.03664996474981308 0
0.992445170879364 0
0.0005175922415219247 0
0.011613791808485985 0
0.9979924559593201 1
0.03527779132127762 0
0.8736120462417603 0
0.23223480582237244 0
0.0007963645621202886 0
0.9990034103393555 1
0.8990868330001831 0
0.9870883822441101 0
0.956669807434082 0
0.10870851576328278 0
0.9923335909843445 1
0.008180632255971432 0
0.9291657209396362 0
0.9592174291610718 0
0.0019882931374013424 0
0.9998435974121094 1
0.15982010960578918 0
0.9956077337265015 0
0.9163960814476013 0
0.3519499897956848 0
0.9980169534683228 1
0.1685521900653839 0
0.9784523844718933 0
0.78000807762146 0
0.5499715209007263 0
0.4660686254501343 1
0.00043253108742646873 0
0.007079766131937504 0
0.05224796384572983 0
2.4206561647588387e-05 0
0.9503209590911865 1
0.002710986416786909 0
0.04964043200016022 0
0.19988517463207245 0
0.003755734069272876 0
0.9947090148925781 1
0.020064417272806168 0
0.1935902088880539 0
0.7452584505081177 0
0.03568785637617111 0
