0.1586398333311081 1
0.3920906186103821 1
0.17319808900356293 1
0.2989078760147095 1
0.058451905846595764 1
0.5037781596183777 1
0.7987871170043945 1
0.1278802454471588 1
0.6549353003501892 1
0.17341625690460205 1
0.42150914669036865 1
0.10726353526115417 1
0.4956149458885193 1
0.6747333407402039 1
0.9574375152587891 1
0.45323607325553894 1
0.010513554327189922 1
0.6209537982940674 1
0.15822845697402954 1
0.8037714958190918 1
0.32288864254951477 1
0.6152085065841675 1
0.9018874168395996 1
0.004078787751495838 0
0.0008235240820795298 0
0.4274768829345703 0
0.0015856735408306122 0
0.06959640234708786 0
0.3186374008655548 0
0.058449920266866684 0
0.0014223734615370631 0
0.27824920415878296 0
0.021203404292464256 0
0.0844048261642456 0
0.8020422458648682 0
0.0001409557880833745 0
0.0006977306911721826 0
0.7527669668197632 0
0.005934878718107939 0
0.0001549791486468166 0
0.32548242807388306 0
0.0017132664797827601 0
0.00957588478922844 0
0.41233402490615845 0
0.021414414048194885 0
0.004630682989954948 0
0.33902713656425476 0
0.0013927442487329245 0
0.009044360369443893 0
0.314688503742218 0
0.007887118496000767 0
0.004854909610003233 0
0.3319505453109741 0
0.05901249498128891 0
0.006794588174670935 0
0.33036279678344727 0
0.004450870677828789 0
0.03847702220082283 0
0.3383893668651581 0
0.01168978400528431 0
0.0010793349938467145 0
0.3289354741573334 0
0.0010039701592177153 0
0.028183212503790855 0
0.35689443349838257 0
0.030376238748431206 0
0.008269127458333969 0
0.5200613737106323 0
0.002646073466166854 0
0.0030445633456110954 0
0.33897656202316284 0
0.011345579288899899 0
0.02482471615076065 0
0.3668428659439087 0
0.0052933222614228725 0
0.018270343542099 0
0.3345585763454437 0
0.0007389453239738941 0
0.03822783753275871 0
0.42578446865081787 0
0.006683656945824623 0
0.0802389606833458 0
0.5382518768310547 0
0.016401192173361778 0
0.04950308799743652 0
0.33893656730651855 0
0.005850674584507942 0
0.007835942320525646 0
0.48642224073410034 0
0.1531282216310501 0
0.00044404732761904597 0
0.6402796506881714 0
0.6862301826477051 1
0.7442185282707214 1
0.5532721281051636 1
0.7259765863418579 1
0.796913743019104 1
0.8725967407226562 1
0.9542020559310913 1
0.9529951810836792 1
0.8063012957572937 1
0.41669923067092896 1
0.583486795425415 1
0.786679208278656 1
0.35114753246307373 1
0.41116058826446533 1
0.42049628496170044 1
0.26307961344718933 1
0.7370302677154541 1
0.32590264081954956 1
0.48377525806427 1
0.3334399163722992 1
0.5298416614532471 1
0.5902145504951477 1
0.5595359802246094 1
