0.9973787069320679 1
0.23578105866909027 0
0.63278728723526 0
0.05808698385953903 0
0.6814268827438354 0
0.9671221971511841 1
0.05260492488741875 0
0.7035667300224304 0
0.4230918884277344 0
0.9910789728164673 0
0.9996720552444458 1
0.32138174772262573 0
0.8836877346038818 0
0.26390713453292847 0
0.714730978012085 0
0.9996716380119324 1
0.24849116802215576 0
0.9592658877372742 0
0.4585655927658081 0
0.9719511270523071 0
0.9952902793884277 1
0.8183507919311523 0
0.8454224467277527 0
0.9922260046005249 0
0.8857399225234985 0
0.9999046325683594 1
0.9189319014549255 0
0.9910081624984741 0
0.9528619647026062 0
0.9953546524047852 0
0.9868935346603394 1
0.011279156431555748 0
0.47620686888694763 0
0.019835717976093292 0
0.11499147117137909 0
0.9987143874168396 1
0.04091370105743408 0
0.07803695648908615 0
0.06679530441761017 0
0.9126065969467163 0
0.9950298070907593 1
0.2544352412223816 0
0.6096293926239014 0
0.00485828286036849 0
0.41391700506210327 0
0.9997156858444214 1
0.19824206829071045 0
0.4892602860927582 0
0.25684577226638794 0
0.8602092266082764 0
0.9890844821929932 1
0.5166482925415039 0
0.05575665831565857 0
0.9345906972885132 0
0.9702619314193726 0
0.9993385076522827 1
0.5148851871490479 0
0.8550667762756348 0
0.8600413203239441 0
0.9965064525604248 0
0.9992156028747559 1
0.051883574575185776 0
0.022475779056549072 0
0.3787473142147064 0
0.4382971227169037 0
0.9961355924606323 1
0.9785269498825073 0
0.9986077547073364 0
0.9834798574447632 0
0.9947676062583923 0
0.9997944235801697 1
0.44798362255096436 0
0.1988922357559204 0
0.936633288860321 0
0.9847737550735474 0
0.998680055141449 1
0.04690444469451904 0
0.10654918849468231 0
0.7322323322296143 0
0.8065147399902344 0
0.9977806806564331 1
0.16280582547187805 0
0.002955616218969226 0
0.9963804483413696 0
0.6061002612113953 0
0.9998253583908081 1
0.0051797968335449696 0
0.25375160574913025 0
0.9430264830589294 0
0.5902926325798035 0
0.9918798804283142 1
0.00011678453302010894 0
0.0021235633175820112 0
0.03736814484000206 0
0.019960826262831688 0
0.9970672130584717 1
0.0016921041533350945 0
0.11994540691375732 0
0.01255027949810028 0
0.03415590524673462 0
0.9737762212753296 1
0.0014979563420638442 0
0.0363830029964447 0
0.006355734542012215 0
0.03297584131360054 0
0.9999305009841919 1
0.01966128870844841 0
0.9933315515518188 0
0.1263100951910019 0
0.007641959469765425 0
0.9982067942619324 1
0.028137322515249252 0
0.965890645980835 0
0.07939725369215012 0
0.059658221900463104 0
0.9995903968811035 1
0.06926269829273224 0
0.9294316172599792 0
0.0049559022299945354 0
0.011835972778499126 0
0.9969958066940308 1
0.01018071174621582 0
0.6949255466461182 0
0.8596796989440918 0
0.06898511946201324 0
0.9975139498710632 1
0.008263036608695984 0
0.769546389579773 0
0.19414272904396057 0
0.5991529822349548 0
0.9866323471069336 1
0.01618397980928421 0
0.9163726568222046 0
0.016825709491968155 0
0.05405811965465546 0
0.9900680780410767 1
0.0030728341080248356 0
0.36956629157066345 0
0.8308955430984497 0
0.14697283506393433 0
0.9994100332260132 1
0.00789186917245388 0
0.7342769503593445 0
0.9285855293273926 0
0.050406649708747864 0
0.989592432975769 1
0.0026818434707820415 0
0.09778736531734467 0
0.13138338923454285 0
0.06527538597583771 0
0.9989892840385437 1
0.012666592374444008 0
0.31035128235816956 0
0.0027180230244994164 0
0.03459225594997406 0
0.9993266463279724 1
0.017053300514817238 0
0.21974274516105652 0
0.10685943067073822 0
0.0012054597027599812 0
0.9993219375610352 1
0.008423294872045517 0
0.07927383482456207 0
0.000833061640150845 0
0.007000924553722143 0
0.7982317805290222 1
0.0015337869990617037 0
0.023291055113077164 0
0.013998132199048996 0
0.0036123625468462706 0
0.9930185079574585 1
8.457091462332755e-05 0
0.0028776018880307674 0
0.049767784774303436 0
0.0036019845865666866 0
0.8679269552230835 1
0.0009865283500403166 0
0.008230124600231647 0
0.0004088329151272774 0
0.00045217404840514064 0
0.9842714071273804 1
0.07278820872306824 0
0.859557569026947 0
0.9484056234359741 0
0.0017303728964179754 0
0.9996082782745361 1
0.08897386491298676 0
0.9955551624298096 0
0.9727603197097778 0
0.6697537302970886 0
0.9879757761955261 1
0.8457114100456238 0
0.983036994934082 0
0.5927742123603821 0
0.9652376174926758 0
0.9596009254455566 1
0.00036090839421376586 0
0.024923767894506454 0
0.5557659268379211 0
0.004413507413119078 0
0.9975852370262146 1
0.0004516565822996199 0
0.012868082150816917 0
0.0852762758731842 0
1.4002444913785439e-05 0
0.9659680128097534 1
0.0007270527421496809 0
0.06411027908325195 0
0.053232938051223755 0
0.007543097250163555 0
0.9945439696311951 1
0.10500352084636688 0
0.9996538162231445 0
0.9854683876037598 0
0.0002507730678189546 0
0.9999685287475586 1
0.08420442789793015 0
0.9993375539779663 0
0.9966632723808289 0
0.5755524635314941 0
0.9994524717330933 1
0.9830055236816406 0
0.9885764122009277 0
0.3493657112121582 0
0.8374997973442078 0
0.9991918802261353 1
0.0002457172959111631 0
0.010730522684752941 0
0.897240161895752 0
0.00018082637689076364 0
0.9996237754821777 1
0.005630177911370993 0
0.9902593493461609 0
0.6240758895874023 0
0.00021224770171102136 0
0.9802591800689697 1
0.21817472577095032 0
0.9798101186752319 0
0.9529728293418884 0
0.014641666784882545 0
0.9973849058151245 1
0.010390247218310833 0
0.09384243190288544 0
0.4105830192565918 0
0.055250994861125946 0
0.9856365919113159 1
0.17018137872219086 0
0.3248748779296875 0
0.235905259847641 0
0.6556097269058228 0
0.8308297991752625 1
0.06903186440467834 0
0.8818814754486084 0
0.3781008720397949 0
0.10683413594961166 0
0.9094370603561401 1
0.26127785444259644 0
0.03070892207324505 0
0.14700892567634583 0
0.004676857963204384 0
0.9473618865013123 1
0.01575196348130703 0
0.40522369742393494 0
0.015485577285289764 0
0.0014428426511585712 0
0.998848557472229 1
0.009247137233614922 0
0.07403562217950821 0
0.094112329185009 0
0.6905144453048706 0
0.9969517588615417 1
0.00290612131357193 0
0.9056226015090942 0
0.9204413890838623 0
0.0014982566935941577 0
0.9507309794425964 1
0.010349704883992672 0
0.999215841293335 0
0.997886061668396 0
0.9449414610862732 0
0.9990111589431763 1
0.8311173319816589 0
0.8112687468528748 0
0.6846778392791748 0
0.9476644992828369 0
0.4906829297542572 1
8.328181866090745e-05 0
0.1317402720451355 0
0.631148636341095 0
0.0005588335916399956 0
0.9993100166320801 1
0.0013026301749050617 0
0.3762097954750061 0
0.6237184405326843 0
4.700298450188711e-05 0
0.9959992170333862 1
0.0013925682287663221 0
0.3093552589416504 0
0.1220221072435379 0
2.591257907624822e-05 0
0.9969221949577332 1
0.7747282981872559 0
0.9695380926132202 0
0.5080994963645935 0
0.02317587286233902 0
0.9998273849487305 1
0.467570036649704 0
0.9407156705856323 0
0.9990887641906738 0
0.9341176748275757 0
0.9990584254264832 1
0.40447527170181274 0
0.8440672755241394 0
0.6704317927360535 0
0.5475555658340454 0
0.9921378493309021 1
0.006754061207175255 0
0.7644039988517761 0
3.3018721296684816e-05 0
0.0009535396820865571 0
0.9959698915481567 1
0.011864764615893364 0
0.5579124689102173 0
0.11500996351242065 0
4.0444385376758873e-05 0
0.9951033592224121 1
0.15748243033885956 0
0.9635553359985352 0
0.851963996887207 0
0.025257736444473267 0
0.6014780402183533 1
0.0002875381032936275 0
0.5751034021377563 0
0.29966339468955994 0
8.600027649663389e-05 0
0.9955786466598511 1
0.0031407014466822147 0
0.9418293833732605 0
0.788784921169281 0
0.2699397802352905 0
0.9783449172973633 1
0.08805745840072632 0
0.9784740209579468 0
0.7810344696044922 0
0.8567997217178345 0
0.016900818794965744 1
7.785933848936111e-05 0
0.00013510818826034665 0
0.1542874127626419 0
3.90649165638024e-06 0
0.6784831285476685 1
7.794275734340772e-05 0
0.0011051646433770657 0
0.00984122883528471 0
1.3990668776386883e-05 0
0.9244641065597534 1
0.0008903846610337496 0
0.0017794817686080933 0
0.159227192401886 0
0.0028365838807076216 0
