0.6840957999229431 1
0.3208844065666199 0
0.3213736414909363 0
0.09041326493024826 0
0.3888370394706726 0
0.629669189453125 1
0.023292969912290573 0
0.348050594329834 0
0.23475490510463715 0
0.6528768539428711 0
0.640939474105835 1
0.3135075271129608 0
0.33510860800743103 0
0.31255313754081726 0
0.3420303463935852 0
0.9114460945129395 1
0.547667384147644 0
0.797643780708313 0
0.16889725625514984 0
0.6431938409805298 0
0.8467077016830444 1
0.5963140726089478 0
0.8105801939964294 0
0.5956516265869141 0
0.6921547651290894 0
0.9696978330612183 1
0.9080490469932556 0
0.8935210704803467 0
0.33571919798851013 0
0.654137134552002 0
0.7040371298789978 1
0.5851714015007019 0
0.9628579616546631 0
0.3130771219730377 0
0.3135033845901489 0
0.6832632422447205 1
0.9056565165519714 0
0.3798247277736664 0
0.33987563848495483 0
0.6422791481018066 0
0.4734976291656494 1
0.8814221620559692 0
0.9765684008598328 0
0.3213866949081421 0
0.3472817540168762 0
0.9887306094169617 1
0.06299600750207901 0
0.3284434378147125 0
0.007594878785312176 0
0.7160512804985046 0
0.8925034999847412 1
0.1263139545917511 0
0.09398140758275986 0
0.5452402234077454 0
0.6755247116088867 0
0.8128980994224548 1
0.3181039094924927 0
0.3316889703273773 0
0.5474575757980347 0
0.693852424621582 0
0.9232953786849976 1
0.3270934522151947 0
0.34432363510131836 0
0.1849546879529953 0
0.30964770913124084 0
0.805013120174408 1
0.966751754283905 0
0.9228453636169434 0
0.547010064125061 0
0.8887125849723816 0
0.7594150900840759 1
0.3332641124725342 0
0.35143810510635376 0
0.34615468978881836 0
0.6569476127624512 0
0.696448028087616 1
0.13733810186386108 0
0.6438535451889038 0
0.2883702516555786 0
0.1987517774105072 0
0.7773803472518921 1
0.6524120569229126 0
0.6435244083404541 0
0.8714060187339783 0
0.5895078182220459 0
0.8017796874046326 1
0.2799018919467926 0
0.6128935217857361 0
0.5070040225982666 0
0.6196494698524475 0
0.6431875228881836 1
0.0012854222441092134 0
0.026672232896089554 0
0.3266288638114929 0
0.2068435400724411 0
0.6373403072357178 1
0.00429239496588707 0
0.24184682965278625 0
0.11394132673740387 0
0.2595262825489044 0
0.6540459394454956 1
0.02148405835032463 0
0.29667580127716064 0
0.24828460812568665 0
0.1944810450077057 0
0.6784061789512634 1
0.09498479962348938 0
0.7227045893669128 0
0.3343504071235657 0
0.015059351921081543 0
0.6755322217941284 1
0.07523854821920395 0
0.6608613729476929 0
0.21852019429206848 0
0.11842568218708038 0
0.6432278156280518 1
0.27225619554519653 0
0.6149017810821533 0
0.1576993763446808 0
0.12676720321178436 0
0.6525750160217285 1
0.03733081370592117 0
0.9815624952316284 0
0.6027095913887024 0
0.5235669612884521 0
0.7173711657524109 1
0.040103569626808167 0
0.9591658115386963 0
0.5679349899291992 0
0.6306108832359314 0
0.653329074382782 1
0.2700192332267761 0
0.9916209578514099 0
0.22340157628059387 0
0.46089133620262146 0
0.6754499673843384 1
0.02374821901321411 0
0.3333441913127899 0
0.5772944688796997 0
0.35676249861717224 0
0.7034943103790283 1
0.0276273675262928 0
0.33546340465545654 0
0.3564998507499695 0
0.2774474620819092 0
0.6676930785179138 1
0.03070801869034767 0
0.34866130352020264 0
0.27867525815963745 0
0.3151746988296509 0
0.8248809576034546 1
0.24071404337882996 0
0.3945589065551758 0
0.08743002265691757 0
0.2844662368297577 0
0.6793396472930908 1
0.15033555030822754 0
0.3430013358592987 0
0.13348066806793213 0
0.0015605002408847213 0
0.7096686363220215 1
0.30564355850219727 0
0.3397723436355591 0
0.05271429568529129 0
0.1293487548828125 0
0.6579675078392029 1
0.007991674356162548 0
0.25949040055274963 0
0.3621610105037689 0
0.13279446959495544 0
0.6543352007865906 1
0.0036506294272840023 0
0.012533802539110184 0
0.05620221793651581 0
0.009640553966164589 0
0.42922937870025635 1
0.05391719937324524 0
0.21215638518333435 0
0.00738947419449687 0
0.01321398839354515 0
0.43538177013397217 1
0.31829798221588135 0
0.3289385735988617 0
0.33343836665153503 0
0.16692844033241272 0
0.3567593991756439 1
0.03604258969426155 0
0.3313070237636566 0
0.3344193696975708 0
0.31720471382141113 0
0.37104901671409607 1
0.30634933710098267 0
0.3323422968387604 0
0.06380650401115417 0
0.254144549369812 0
0.3370513319969177 1
0.0036842867266386747 0
0.3072584271430969 0
0.32784849405288696 0
0.014709912240505219 0
0.44902825355529785 1
0.012036292813718319 0
0.03931516408920288 0
0.25855517387390137 0
0.09195001423358917 0
0.6560318470001221 1
0.010761442594230175 0
0.08260318636894226 0
0.3523659408092499 0
0.23659148812294006 0
0.6756789088249207 1
0.6324383020401001 0
0.6508848071098328 0
0.5804274082183838 0
0.19246268272399902 0
0.6871107816696167 1
0.336975634098053 0
0.6352967023849487 0
0.3707197308540344 0
0.41096818447113037 0
0.815886378288269 1
0.3402833342552185 0
0.3633413314819336 0
0.045440491288900375 0
0.1590605080127716 0
0.6777765154838562 1
0.25684404373168945 0
0.33169981837272644 0
0.4707023799419403 0
0.0289334487169981 0
0.6874036192893982 1
0.27957409620285034 0
0.6624829769134521 0
0.33372730016708374 0
0.12490436434745789 0
0.8594744205474854 1
0.6282610893249512 0
0.9297270178794861 0
0.6658545136451721 0
0.07397562265396118 0
0.3452572822570801 1
0.6861966848373413 0
0.9353141188621521 0
0.6476520299911499 0
0.44052132964134216 0
0.35887548327445984 1
0.4480341374874115 0
0.9245747923851013 0
0.2871626913547516 0
0.379247784614563 0
0.5478423833847046 1
0.45378732681274414 0
0.9804873466491699 0
0.293514609336853 0
0.04644643887877464 0
0.5089356899261475 1
0.7775694727897644 0
0.9434234499931335 0
0.4474092721939087 0
0.09919266402721405 0
0.4806811213493347 1
0.45890137553215027 0
0.7896775603294373 0
0.26962724328041077 0
0.17372916638851166 0
0.7020398378372192 1
0.5851964950561523 0
0.6813325881958008 0
0.6226805448532104 0
0.7088279724121094 0
0.6664955615997314 1
0.1640673279762268 0
0.25908705592155457 0
0.3800206184387207 0
0.22114846110343933 0
0.6637358665466309 1
0.249568909406662 0
0.3416304588317871 0
0.4575541615486145 0
0.6144489645957947 0
0.9635251760482788 1
0.020098168402910233 0
0.3313560485839844 0
0.10841768234968185 0
0.5416107773780823 0
0.6352872848510742 1
5.737952233175747e-05 0
0.2246718853712082 0
0.3577180802822113 0
0.008082104846835136 0
0.6657333374023438 1
0.021997353062033653 0
0.27767667174339294 0
0.35313817858695984 0
0.011311961337924004 0
0.97233647108078 1
0.19089573621749878 0
0.1040443405508995 0
0.6467045545578003 0
0.04872433841228485 0
0.5420277714729309 1
0.3472764492034912 0
0.3343229293823242 0
0.3487260341644287 0
0.33235830068588257 0
0.7485508322715759 1
0.34136176109313965 0
0.34546107053756714 0
0.34543466567993164 0
0.424009770154953 0
0.6557035446166992 1
0.08682174980640411 0
0.33327752351760864 0
0.10193583369255066 0
0.24892525374889374 0
0.6846715807914734 1
0.3186596632003784 0
0.6716142892837524 0
0.009722665883600712 0
0.04482922703027725 0
0.6568455696105957 1
0.3310700058937073 0
0.35112547874450684 0
0.3326045870780945 0
0.008510323241353035 0
0.9213880300521851 1
0.6730835437774658 0
0.9142693281173706 0
0.6716151237487793 0
0.5802741050720215 0
0.4947175681591034 1
0.30446863174438477 0
0.24189120531082153 0
0.35046207904815674 0
0.052933499217033386 0
0.6607590913772583 1
0.014248648658394814 0
0.3582417666912079 0
0.3195918798446655 0
0.09576581418514252 0
0.6160266995429993 1
0.08500276505947113 0
0.6585556864738464 0
0.32803022861480713 0
0.057920850813388824 0
0.3856489062309265 1
0.09496444463729858 0
0.010520847514271736 0
0.17711985111236572 0
0.0004470903368201107 0
0.6390750408172607 1
0.007464119233191013 0
0.13427789509296417 0
0.33213406801223755 0
0.021115748211741447 0
0.7188019752502441 1
0.24800774455070496 0
0.34114664793014526 0
0.6547499895095825 0
0.013738809153437614 0
