0.9989242553710938 1
0.6147003173828125 0
0.875006377696991 0
0.4626536965370178 0
0.9510378241539001 0
0.9941644668579102 1
0.12440358102321625 0
0.9493548274040222 0
0.7374714612960815 0
0.9810128211975098 0
0.9998065233230591 1
0.7397677302360535 0
0.9897691011428833 0
0.719778299331665 0
0.43982669711112976 0
0.99982088804245 1
0.6195106506347656 0
0.8940051794052124 0
0.9238024950027466 0
0.9647510051727295 0
0.9996786117553711 1
0.9787793159484863 0
0.905160665512085 0
0.9987289309501648 0
0.9945184588432312 0
0.9999982714653015 1
0.9707598686218262 0
0.9981087446212769 0
0.9982656240463257 0
0.9951569437980652 0
0.9720363616943359 1
0.0009219834464602172 0
0.059949085116386414 0
0.10745104402303696 0
0.6718820929527283 0
0.9988741874694824 1
0.0016112641897052526 0
0.0015727155841886997 0
0.1304570734500885 0
0.6151706576347351 0
0.9961551427841187 1
0.013787208124995232 0
0.1041170209646225 0
0.009923512116074562 0
0.7542695999145508 0
0.9995633363723755 1
0.6488664746284485 0
0.9712660312652588 0
0.8160238265991211 0
0.45687827467918396 0
0.9953289031982422 1
0.9417287707328796 0
0.7192232012748718 0
0.9710733890533447 0
0.9397481679916382 0
0.9998586177825928 1
0.9678954482078552 0
0.9983938932418823 0
0.9927529096603394 0
0.9967551231384277 0
0.9966764450073242 1
0.24234364926815033 0
0.09463801234960556 0
0.8876304030418396 0
0.8686272501945496 0
0.9998096227645874 1
0.9761468768119812 0
0.9955899119377136 0
0.9737198352813721 0
0.9868459105491638 0
0.9999272227287292 1
0.9113470911979675 0
0.4214034080505371 0
0.7460216283798218 0
0.9485316276550293 0
0.9989686012268066 1
0.33882564306259155 0
0.7808024883270264 0
0.9855331182479858 0
0.9694386720657349 0
0.9992145299911499 1
0.13134804368019104 0
0.015503665432333946 0
0.9995602369308472 0
0.9165439605712891 0
0.9999129772186279 1
0.03578418865799904 0
0.6096086502075195 0
0.9991564154624939 0
0.9817391633987427 0
0.9771820902824402 1
0.00017011350428219885 0
0.019592709839344025 0
0.017315208911895752 0
0.006503082346171141 0
0.9923853874206543 1
0.0035249958746135235 0
0.7651199698448181 0
0.04025055468082428 0
0.09411746263504028 0
0.9346623420715332 1
0.00962087418884039 0
0.4003717303276062 0
0.016212627291679382 0
0.09378764033317566 0
0.9999204874038696 1
0.02235671505331993 0
0.9987203478813171 0
0.22027461230754852 0
0.011443406343460083 0
0.9991424083709717 1
0.08364623039960861 0
0.9956017732620239 0
0.03284687176346779 0
0.06431925296783447 0
0.9922887086868286 1
0.19403515756130219 0
0.9872927665710449 0
0.008608844131231308 0
0.019900638610124588 0
0.9827021360397339 1
0.003191075986251235 0
0.12120100110769272 0
0.4823324680328369 0
0.03378093242645264 0
0.9985766410827637 1
0.00456224475055933 0
0.2311420738697052 0
0.22409600019454956 0
0.3501313626766205 0
0.30356478691101074 1
0.012433812022209167 0
0.44757533073425293 0
0.016242127865552902 0
0.07491540908813477 0
0.9906476736068726 1
0.015974920243024826 0
0.9018301963806152 0
0.864721953868866 0
0.1986006200313568 0
0.999697208404541 1
0.05717448517680168 0
0.9558903574943542 0
0.45083269476890564 0
0.1497814804315567 0
0.9839339256286621 1
0.021039657294750214 0
0.4497358500957489 0
0.4329861104488373 0
0.3153385818004608 0
0.99852454662323 1
0.010254623368382454 0
0.3042747378349304 0
0.0034385686740279198 0
0.02590743452310562 0
0.9980728030204773 1
0.02973320335149765 0
0.12394566833972931 0
0.06758987903594971 0
0.001949600176885724 0
0.9443983435630798 1
0.050727345049381256 0
0.3286345601081848 0
0.004767965991050005 0
0.01865149475634098 0
0.6736401915550232 1
0.0005257421871647239 0
0.03843044489622116 0
0.028159601613879204 0
0.02537526562809944 0
0.9978227615356445 1
9.311173926107585e-05 0
0.002562922425568104 0
0.026347488164901733 0
0.008021024987101555 0
0.7399619817733765 1
0.001243351842276752 0
0.024107253178954124 0
0.006495276000350714 0
0.01035093329846859 0
0.9818512797355652 1
0.013336325995624065 0
0.9156460762023926 0
0.4945724904537201 0
0.00686483271420002 0
0.9676488637924194 1
0.026796981692314148 0
0.970369279384613 0
0.816443145275116 0
0.3154070973396301 0
0.9196361303329468 1
0.8190833330154419 0
0.9911665916442871 0
0.45263808965682983 0
0.9138866662979126 0
0.677596926689148 1
0.00025897478917613626 0
0.06346029043197632 0
0.46608173847198486 0
0.0024924513418227434 0
0.6815628409385681 1
0.0002160558069590479 0
0.011568941175937653 0
0.01982954517006874 0
0.00020461136591620743 0
0.8911106586456299 1
0.00034165073884651065 0
0.07506296038627625 0
0.034428246319293976 0
0.007303910329937935 0
0.9999536275863647 1
0.5978585481643677 0
0.9956098794937134 0
0.9206466674804688 0
0.00783226266503334 0
0.999994158744812 1
0.21140465140342712 0
0.9958245158195496 0
0.9612153768539429 0
0.06234779581427574 0
0.999489963054657 1
0.8855024576187134 0
0.9743144512176514 0
0.7544792890548706 0
0.08939999341964722 0
0.9997765421867371 1
0.006348028313368559 0
0.0930323451757431 0
0.6490338444709778 0
0.0019388919463381171 0
0.9999426603317261 1
0.005481915082782507 0
0.8545190691947937 0
0.5402008295059204 0
0.002373908180743456 0
0.9992725253105164 1
0.24899475276470184 0
0.8926571607589722 0
0.9794979095458984 0
0.042182475328445435 0
0.9756039381027222 1
0.013999102637171745 0
0.004206739366054535 0
0.008913267403841019 0
0.07349419593811035 0
0.8204750418663025 1
0.05417456850409508 0
0.04119179770350456 0
0.004596860613673925 0
0.04327886551618576 0
0.7275100946426392 1
0.007371558807790279 0
0.29103004932403564 0
0.4459022879600525 0
0.23919185996055603 0
0.7291853427886963 1
0.02569769136607647 0
0.004712969996035099 0
0.045728765428066254 0
0.011943617835640907 0
0.4341132640838623 1
0.003172618104144931 0
0.05956004559993744 0
0.0026395160239189863 0
0.00038348088855855167 0
0.963533878326416 1
0.002592150354757905 0
0.006775836460292339 0
0.02764195203781128 0
0.7967569231987 0
0.9994144439697266 1
0.002180249895900488 0
0.9543588161468506 0
0.9610866904258728 0
0.026758594438433647 0
0.9581558108329773 1
0.16797535121440887 0
0.9989075660705566 0
0.9983331561088562 0
0.7705159187316895 0
0.9963339567184448 1
0.5838727951049805 0
0.9965643882751465 0
0.8440920114517212 0
0.9545764923095703 0
0.9144558906555176 1
0.0001272849040105939 0
0.4350352883338928 0
0.6761500835418701 0
0.0013590905582532287 0
0.9994856715202332 1
0.0006878373678773642 0
0.8315516710281372 0
0.44911569356918335 0
0.003453233977779746 0
0.9989160895347595 1
0.002344163367524743 0
0.9409151077270508 0
0.4081922173500061 0
0.023906070739030838 0
0.9925607442855835 1
0.7019877433776855 0
0.04772880673408508 0
0.691356897354126 0
0.04920729622244835 0
0.9965466856956482 1
0.031197478994727135 0
0.3692413568496704 0
0.6047733426094055 0
0.2450331300497055 0
0.968422532081604 1
0.2675401568412781 0
0.9227439761161804 0
0.5045315623283386 0
0.6665632128715515 0
0.9777266383171082 1
0.0020383414812386036 0
0.2753445506095886 0
0.00010347161878598854 0
0.004559813067317009 0
0.6101573705673218 1
0.0022458850871771574 0
0.005018212832510471 0
0.0012162037892267108 0
0.000871015596203506 0
0.9990929365158081 1
0.4791616201400757 0
0.9945351481437683 0
0.41783469915390015 0
0.13171076774597168 0
0.7842551469802856 1
0.0012109853560104966 0
0.2970868945121765 0
0.6298648715019226 0
0.0040244003757834435 0
0.9928895831108093 1
0.0015763591509312391 0
0.9038941264152527 0
0.2893718481063843 0
0.03814566135406494 0
0.9780501127243042 1
0.03351130709052086 0
0.845573902130127 0
0.5211194753646851 0
0.18556247651576996 0
0.17744332551956177 1
7.441002526320517e-05 0
0.00040767580503597856 0
0.012797791510820389 0
2.508487887098454e-05 0
0.7643399238586426 1
0.00017035746714100242 0
0.0010238148970529437 0
0.024422045797109604 0
9.771840268513188e-05 0
0.9506057500839233 1
0.0009394254884682596 0
0.001524956664070487 0
0.15731053054332733 0
0.02410321682691574 0
