0.10267641395330429 1
0.44576844573020935 1
0.2752249538898468 1
0.3519143760204315 1
0.0002540869463700801 1
0.4780026376247406 1
0.6840745210647583 1
0.00318263191729784 1
0.5105477571487427 1
0.17309018969535828 1
0.3460720181465149 1
0.084073506295681 1
0.6291587352752686 1
0.6431733965873718 1
0.9474339485168457 1
0.222542405128479 1
0.002308670897036791 1
0.43382972478866577 1
0.008351657539606094 1
0.6642541885375977 1
0.3012058734893799 1
0.13063277304172516 1
0.9230713844299316 1
0.0019312206422910094 0
0.004893340636044741 0
0.6213356256484985 0
0.0004257267282810062 0
0.08373507857322693 0
0.12659962475299835 0
0.00028464285423979163 0
0.0016360064037144184 0
0.26186591386795044 0
0.002602848457172513 0
0.047953009605407715 0
0.7292566299438477 0
0.00012732390314340591 0
0.000125241611385718 0
0.7265741229057312 0
0.004929731134325266 0
0.00018819537945091724 0
0.2946208119392395 0
0.0006238993955776095 0
0.005815647076815367 0
0.45396196842193604 0
0.03220367431640625 0
0.0023481305688619614 0
0.3341814875602722 0
0.0018335160566493869 0
0.004809045698493719 0
0.42337656021118164 0
0.0006684400141239166 0
0.0013366725761443377 0
0.3265387713909149 0
0.003381334710866213 0
0.011525481007993221 0
0.31881433725357056 0
0.007016588933765888 0
0.0059986053965985775 0
0.3398629128932953 0
0.0012473538517951965 0
0.0017437645001336932 0
0.3396896719932556 0
0.0006061628228053451 0
0.005101925693452358 0
0.34860989451408386 0
0.015009100548923016 0
0.0018258376512676477 0
0.461759090423584 0
0.0012393102515488863 0
0.0012194218579679728 0
0.35442060232162476 0
0.012680498883128166 0
0.009927931241691113 0
0.4330160319805145 0
0.00020626920741051435 0
0.013241447508335114 0
0.38047516345977783 0
0.0002457377268001437 0
0.0023867900017648935 0
0.3640540540218353 0
0.008824829943478107 0
0.005735653918236494 0
0.6401140689849854 0
0.0043086400255560875 0
0.03332040458917618 0
0.4501017928123474 0
0.0023315325379371643 0
0.002910682698711753 0
0.6664506196975708 0
0.011244479566812515 0
0.000678138283547014 0
0.6692205667495728 0
0.7046924829483032 1
0.8739386796951294 1
0.4118437170982361 1
0.7294771075248718 1
0.7904340028762817 1
0.9674110412597656 1
0.9429125189781189 1
0.9794349074363708 1
0.7812756299972534 1
0.3402252793312073 1
0.6636563539505005 1
0.8121430277824402 1
0.46308714151382446 1
0.39131706953048706 1
0.6571858525276184 1
0.35945045948028564 1
0.8925406336784363 1
0.4323391616344452 1
0.47737693786621094 1
0.33645087480545044 1
0.7466193437576294 1
0.5308092832565308 1
0.6194528341293335 1
