0.051411330699920654 1
0.3582448661327362 1
0.1627402901649475 1
0.6533125638961792 1
0.30491605401039124 1
0.557525098323822 1
0.6660596132278442 1
0.006442793644964695 1
0.613149881362915 1
0.16706809401512146 1
0.33214014768600464 1
0.06009075790643692 1
0.659858226776123 1
0.6534095406532288 1
0.9307783842086792 1
0.6549703478813171 1
0.010981443338096142 1
0.42271754145622253 1
0.022725453600287437 1
0.8931442499160767 1
0.3772742748260498 1
0.1759340614080429 1
0.8242983818054199 1
0.005320569034665823 0
0.0018132542027160525 0
0.5282089114189148 0
0.0018115760758519173 0
0.15406018495559692 0
0.2468090057373047 0
0.000512526195961982 0
0.0009516461286693811 0
0.26117491722106934 0
0.005170490592718124 0
0.05908925086259842 0
0.7325968146324158 0
0.00028248390299268067 0
0.0001401041226927191 0
0.6474291086196899 0
0.0010353499092161655 0
0.0006895256228744984 0
0.6012759804725647 0
0.00029665688634850085 0
0.00017060848767869174 0
0.6661262512207031 0
0.08543863892555237 0
0.004559827037155628 0
0.3426285982131958 0
0.0014617175329476595 0
0.009843043051660061 0
0.481446236371994 0
0.0005119222914800048 0
0.0014487997395917773 0
0.3360952138900757 0
0.0037927827797830105 0
0.006174068432301283 0
0.31936612725257874 0
0.0021489663049578667 0
0.03730490803718567 0
0.36634618043899536 0
0.016948090866208076 0
0.004270812496542931 0
0.5246990919113159 0
0.0009612961439415812 0
0.048268482089042664 0
0.34329652786254883 0
0.03107926994562149 0
0.00939961988478899 0
0.652030885219574 0
0.0037422270979732275 0
0.0045232102274894714 0
0.37776947021484375 0
0.15732648968696594 0
0.015315387398004532 0
0.6630183458328247 0
0.00013622126425616443 0
0.015952706336975098 0
0.3286515474319458 0
0.0013083142694085836 0
0.0032414481975138187 0
0.49343621730804443 0
0.0067388745956122875 0
0.0030215876176953316 0
0.5990635752677917 0
0.010833030566573143 0
0.055471502244472504 0
0.4408120810985565 0
0.002503718016669154 0
0.00411357544362545 0
0.6542347073554993 0
0.1947619915008545 0
0.001996717182919383 0
0.71122807264328 0
0.6874565482139587 1
0.8793950080871582 1
0.5616564750671387 1
0.7593481540679932 1
0.704258143901825 1
0.9389681816101074 1
0.9035665392875671 1
0.932499885559082 1
0.7552913427352905 1
0.4022004306316376 1
0.6484627723693848 1
0.711284339427948 1
0.47210443019866943 1
0.1905115842819214 1
0.6796741485595703 1
0.3705441653728485 1
0.8663889765739441 1
0.5861818790435791 1
0.6171415448188782 1
0.3690084218978882 1
0.6300617456436157 1
0.7161297798156738 1
0.655108630657196 1
