0.6726908683776855 1
0.32349035143852234 0
0.3192150592803955 0
0.08556011319160461 0
0.3910024166107178 0
0.6848083734512329 1
0.13846446573734283 0
0.3918917179107666 0
0.2868267297744751 0
0.5990336537361145 0
0.5764222145080566 1
0.30706220865249634 0
0.3435312509536743 0
0.3207440972328186 0
0.33050936460494995 0
0.9435434341430664 1
0.6086411476135254 0
0.7133946418762207 0
0.04471646249294281 0
0.5673110485076904 0
0.8020800352096558 1
0.649994969367981 0
0.8552817106246948 0
0.538638174533844 0
0.6874789595603943 0
0.9670984148979187 1
0.8781628608703613 0
0.9692694544792175 0
0.3306524157524109 0
0.5184480547904968 0
0.7642423510551453 1
0.5262008905410767 0
0.967955470085144 0
0.23905198276042938 0
0.29521557688713074 0
0.6454310417175293 1
0.9204106330871582 0
0.4096878468990326 0
0.32770705223083496 0
0.5907198190689087 0
0.3837077021598816 1
0.838901698589325 0
0.9740617275238037 0
0.23538939654827118 0
0.3308252990245819 0
0.9844812154769897 1
0.1328190267086029 0
0.3194888234138489 0
0.09717553108930588 0
0.6550822854042053 0
0.8847235441207886 1
0.1447817087173462 0
0.15194112062454224 0
0.15645553171634674 0
0.6140966415405273 0
0.8904163241386414 1
0.3061543107032776 0
0.3300366699695587 0
0.31593573093414307 0
0.7147628664970398 0
0.9258445501327515 1
0.23602990806102753 0
0.35052892565727234 0
0.09330801665782928 0
0.24156096577644348 0
0.816926121711731 1
0.9897390604019165 0
0.983165979385376 0
0.3830767273902893 0
0.9584783315658569 0
0.7093011736869812 1
0.3130628168582916 0
0.34614890813827515 0
0.336280882358551 0
0.5444177389144897 0
0.7458733916282654 1
0.20173373818397522 0
0.6594359874725342 0
0.23019838333129883 0
0.15646475553512573 0
0.821500301361084 1
0.7212602496147156 0
0.7060655355453491 0
0.9812730550765991 0
0.5330942869186401 0
0.8676166534423828 1
0.2208462953567505 0
0.6668796539306641 0
0.47994694113731384 0
0.5892422199249268 0
0.5716791152954102 1
0.0008023444097489119 0
0.024041619151830673 0
0.09190894663333893 0
0.04802042245864868 0
0.5990688800811768 1
0.003110342426225543 0
0.27453112602233887 0
0.03600498288869858 0
0.12607771158218384 0
0.4980592429637909 1
0.02426263503730297 0
0.2999550700187683 0
0.10206641256809235 0
0.08572166413068771 0
0.667765736579895 1
0.09033404290676117 0
0.6842376589775085 0
0.2007942646741867 0
0.005941382609307766 0
0.6679807901382446 1
0.06580904126167297 0
0.655523419380188 0
0.162087544798851 0
0.09733998775482178 0
0.5513557195663452 1
0.20242939889431 0
0.5984822511672974 0
0.05703670531511307 0
0.09437736123800278 0
0.6490468978881836 1
0.07847341895103455 0
0.9334393739700317 0
0.5287424921989441 0
0.3575063943862915 0
0.7375168204307556 1
0.10230700671672821 0
0.9424088001251221 0
0.44096583127975464 0
0.5454878807067871 0
0.6222307085990906 1
0.14725616574287415 0
0.943482518196106 0
0.15322467684745789 0
0.3836510181427002 0
0.6481911540031433 1
0.007459048181772232 0
0.241810604929924 0
0.4819325804710388 0
0.345547080039978 0
0.7028458118438721 1
0.04295390471816063 0
0.33531469106674194 0
0.3485977053642273 0
0.21703720092773438 0
0.5983428955078125 1
0.028122631832957268 0
0.2934402823448181 0
0.17269669473171234 0
0.26055997610092163 0
0.6977704763412476 1
0.06572463363409042 0
0.304484099149704 0
0.022442501038312912 0
0.17093978822231293 0
0.6876541376113892 1
0.20447497069835663 0
0.37657424807548523 0
0.04227547347545624 0
0.001655304105952382 0
0.6515552997589111 1
0.15571704506874084 0
0.30356329679489136 0
0.031598545610904694 0
0.07107704877853394 0
0.5325874090194702 1
0.006925282068550587 0
0.11146892607212067 0
0.2447766363620758 0
0.04884275048971176 0
0.6038674116134644 1
0.0057713789865374565 0
0.011934949085116386 0
0.021586168557405472 0
0.011008682660758495 0
0.32677701115608215 1
0.013929701410233974 0
0.14180490374565125 0
0.008781470358371735 0
0.020898951217532158 0
0.35960423946380615 1
0.3063613474369049 0
0.33271080255508423 0
0.3324071764945984 0
0.04739025980234146 0
0.3335186839103699 1
0.31280267238616943 0
0.33432167768478394 0
0.33936816453933716 0
0.3403298258781433 0
0.3416115939617157 1
0.3071785569190979 0
0.3414400517940521 0
0.056699614971876144 0
0.2636614441871643 0
0.3366684913635254 1
0.03776967152953148 0
0.30694258213043213 0
0.3150293827056885 0
0.007526584900915623 0
0.38769853115081787 1
0.020700670778751373 0
0.12211272120475769 0
0.27020972967147827 0
0.015079355798661709 0
0.6328094601631165 1
0.011986120603978634 0
0.28483375906944275 0
0.2925553619861603 0
0.05144214257597923 0
0.7244033813476562 1
0.533162534236908 0
0.6739591360092163 0
0.35178935527801514 0
0.09874327480792999 0
0.7093047499656677 1
0.22697249054908752 0
0.6563166379928589 0
0.4008478820323944 0
0.3602287769317627 0
0.852545440196991 1
0.387733519077301 0
0.38118571043014526 0
0.10076011717319489 0
0.2320442646741867 0
0.6666973829269409 1
0.09318782389163971 0
0.24434982240200043 0
0.35337886214256287 0
0.009549361653625965 0
0.6745147109031677 1
0.17275667190551758 0
0.6941373348236084 0
0.31230929493904114 0
0.04235322028398514 0
0.7702333331108093 1
0.5534724593162537 0
0.8756336569786072 0
0.6585876941680908 0
0.01586514338850975 0
0.3349415063858032 1
0.32710763812065125 0
0.896471381187439 0
0.6201531887054443 0
0.53622967004776 0
0.3490029573440552 1
0.48424291610717773 0
0.9410318732261658 0
0.23197340965270996 0
0.43998533487319946 0
0.5370690822601318 1
0.5802878141403198 0
0.9833785891532898 0
0.2272755354642868 0
0.11194588989019394 0
0.38300496339797974 1
0.5692569613456726 0
0.8976044058799744 0
0.42564889788627625 0
0.04545876011252403 0
0.3893141448497772 1
0.34121954441070557 0
0.8335055112838745 0
0.2166110724210739 0
0.0729900449514389 0
0.6484886407852173 1
0.6067598462104797 0
0.7498072385787964 0
0.6045550107955933 0
0.6354569792747498 0
0.6570255756378174 1
0.2773280739784241 0
0.3205178380012512 0
0.45710116624832153 0
0.0643833726644516 0
0.6647689342498779 1
0.3346526622772217 0
0.34200596809387207 0
0.5645362138748169 0
0.6116892695426941 0
0.9928483963012695 1
0.20397266745567322 0
0.3330152630805969 0
0.21971605718135834 0
0.3981698155403137 0
0.56905198097229 1
0.00015620962949469686 0
0.32591408491134644 0
0.34385788440704346 0
0.003103684401139617 0
0.6665754318237305 1
0.02391236275434494 0
0.32534128427505493 0
0.3157210350036621 0
0.0019039674662053585 0
0.9455617666244507 1
0.13261987268924713 0
0.16868248581886292 0
0.6190958023071289 0
0.0017997024115175009 0
0.48798128962516785 1
0.346315860748291 0
0.33647793531417847 0
0.37637758255004883 0
0.3033040165901184 0
0.6385200023651123 1
0.3126670718193054 0
0.3498062789440155 0
0.3616202473640442 0
0.4081740975379944 0
0.6510276794433594 1
0.1911289542913437 0
0.3311838209629059 0
0.2413063645362854 0
0.16021649539470673 0
0.6816639304161072 1
0.16591838002204895 0
0.672868013381958 0
0.010437886230647564 0
0.024300768971443176 0
0.613584041595459 1
0.2928716838359833 0
0.35095474123954773 0
0.3279606103897095 0
0.004901405423879623 0
0.7136406898498535 1
0.6439111232757568 0
0.8978232741355896 0
0.6598604917526245 0
0.16007471084594727 0
0.5303831100463867 1
0.3027060627937317 0
0.36489924788475037 0
0.3230953812599182 0
0.03618761897087097 0
0.6286219358444214 1
0.027601391077041626 0
0.47332876920700073 0
0.3208131492137909 0
0.24316005408763885 0
0.5473904609680176 1
0.08091126382350922 0
0.6441819667816162 0
0.04169165715575218 0
0.030742574483156204 0
0.3180418312549591 1
0.023792535066604614 0
0.020220782607793808 0
0.10888800024986267 0
0.0003999347682110965 0
0.5409058332443237 1
0.004593520425260067 0
0.18847915530204773 0
0.2705991864204407 0
0.007689398713409901 0
0.5637882947921753 1
0.07706935703754425 0
0.5827170014381409 0
0.4324319362640381 0
0.009364906698465347 0
