0.6411665081977844 1
0.318658709526062 0
0.34592148661613464 0
0.23255595564842224 0
0.38972708582878113 0
0.685731053352356 1
0.15069201588630676 0
0.37692421674728394 0
0.3259457051753998 0
0.6643490791320801 0
0.5358202457427979 1
0.33156484365463257 0
0.3473803699016571 0
0.3312261700630188 0
0.34688103199005127 0
0.9068111181259155 1
0.45945000648498535 0
0.5465904474258423 0
0.1624276041984558 0
0.4542688727378845 0
0.9445199370384216 1
0.6321222186088562 0
0.8808020949363708 0
0.4322192370891571 0
0.6654239892959595 0
0.980907678604126 1
0.8573683500289917 0
0.8044599294662476 0
0.3393309712409973 0
0.5956894755363464 0
0.513031005859375 1
0.6516223549842834 0
0.9720203876495361 0
0.3125418424606323 0
0.41580212116241455 0
0.6393194198608398 1
0.8056844472885132 0
0.3497127890586853 0
0.3268531560897827 0
0.5002111196517944 0
0.33995315432548523 1
0.6152145266532898 0
0.7854524850845337 0
0.32642102241516113 0
0.3671719431877136 0
0.990217924118042 1
0.2209930717945099 0
0.3320627212524414 0
0.2269333302974701 0
0.6621183156967163 0
0.9411153793334961 1
0.35319745540618896 0
0.17644307017326355 0
0.5987505912780762 0
0.4589923322200775 0
0.9434263706207275 1
0.33473968505859375 0
0.33245861530303955 0
0.4203687310218811 0
0.7231569290161133 0
0.8188006281852722 1
0.38993531465530396 0
0.3451145589351654 0
0.2411424219608307 0
0.3002532422542572 0
0.8164843916893005 1
0.9499439001083374 0
0.9614260196685791 0
0.5937268137931824 0
0.8746094107627869 0
0.6591494083404541 1
0.333342045545578 0
0.34509703516960144 0
0.34688371419906616 0
0.5030682682991028 0
0.6991952657699585 1
0.290623277425766 0
0.6431383490562439 0
0.2919422388076782 0
0.24911849200725555 0
0.8367230296134949 1
0.6725635528564453 0
0.6622619032859802 0
0.9312159419059753 0
0.36772069334983826 0
0.9172222018241882 1
0.16241814196109772 0
0.7398673295974731 0
0.38150566816329956 0
0.28961870074272156 0
0.5830367803573608 1
0.0007496543112210929 0
0.016293950378894806 0
0.13573907315731049 0
0.018144894391298294 0
0.6046815514564514 1
0.010145338252186775 0
0.2593801021575928 0
0.057940773665905 0
0.1098121926188469 0
0.47313496470451355 1
0.033079154789447784 0
0.2943171560764313 0
0.09429500997066498 0
0.061810269951820374 0
0.6663954854011536 1
0.08277831226587296 0
0.7001811861991882 0
0.3042476773262024 0
0.012476937845349312 0
0.6685104370117188 1
0.22453582286834717 0
0.6774827837944031 0
0.14011803269386292 0
0.126834899187088 0
0.43335288763046265 1
0.23260150849819183 0
0.5573750734329224 0
0.11542743444442749 0
0.03108934871852398 0
0.6509352326393127 1
0.019175216555595398 0
0.5908600091934204 0
0.2446281760931015 0
0.2809002697467804 0
0.6645257472991943 1
0.05429474264383316 0
0.8342715501785278 0
0.4066464304924011 0
0.4463333487510681 0
0.4276543855667114 1
0.0687858834862709 0
0.7077839374542236 0
0.04800570011138916 0
0.17230573296546936 0
0.6499292254447937 1
0.004988017491996288 0
0.2678530216217041 0
0.43731093406677246 0
0.5809558629989624 0
0.6783022284507751 1
0.08821448683738708 0
0.4492517411708832 0
0.3067626953125 0
0.2601419687271118 0
0.46012020111083984 1
0.013938359916210175 0
0.30912351608276367 0
0.20447134971618652 0
0.1909249722957611 0
0.7003313302993774 1
0.03880308195948601 0
0.25357118248939514 0
0.018121860921382904 0
0.07235066592693329 0
0.6983904242515564 1
0.27523529529571533 0
0.3673623502254486 0
0.132234126329422 0
0.0036615198478102684 0
0.5629288554191589 1
0.1664733588695526 0
0.19606608152389526 0
0.024329571053385735 0
0.05158179998397827 0
0.4503595530986786 1
0.0065359207801520824 0
0.0875687301158905 0
0.08257080614566803 0
0.01902688667178154 0
0.5345556735992432 1
0.00599106028676033 0
0.01551841851323843 0
0.0745045617222786 0
0.052117690443992615 0
0.2332477867603302 1
0.005118350964039564 0
0.042255278676748276 0
0.008831679821014404 0
0.008829263970255852 0
0.38565513491630554 1
0.30349200963974 0
0.33234867453575134 0
0.33292829990386963 0
0.008425004780292511 0
0.37750470638275146 1
0.2941034436225891 0
0.38769376277923584 0
0.34166020154953003 0
0.33985960483551025 0
0.35278749465942383 1
0.30775031447410583 0
0.33883529901504517 0
0.19659166038036346 0
0.31686967611312866 0
0.34483250975608826 1
0.016190286725759506 0
0.30553966760635376 0
0.32674485445022583 0
0.0018231659196317196 0
0.46826741099357605 1
0.03627300634980202 0
0.17995792627334595 0
0.32807624340057373 0
0.00579740758985281 0
0.5755674839019775 1
0.013989364728331566 0
0.28392717242240906 0
0.31275779008865356 0
0.015079349279403687 0
0.8084663152694702 1
0.6086165904998779 0
0.6239097118377686 0
0.36331379413604736 0
0.050912097096443176 0
0.7713106870651245 1
0.4937114417552948 0
0.5684926509857178 0
0.465769499540329 0
0.34188312292099 0
0.8391932249069214 1
0.43801507353782654 0
0.35702264308929443 0
0.11066953837871552 0
0.22865281999111176 0
0.6693289279937744 1
0.22721081972122192 0
0.3346653878688812 0
0.3033785820007324 0
0.007966781966388226 0
0.7287136912345886 1
0.39856332540512085 0
0.7152019739151001 0
0.33267974853515625 0
0.00788521021604538 0
0.8958057761192322 1
0.5611001253128052 0
0.8027650117874146 0
0.6472205519676208 0
0.006685659289360046 0
0.33373698592185974 1
0.02717318944633007 0
0.35726842284202576 0
0.5188656449317932 0
0.4266429841518402 0
0.3634757995605469 1
0.12222681939601898 0
0.6754294633865356 0
0.32760363817214966 0
0.3726842999458313 0
0.5002678632736206 1
0.3638080358505249 0
0.9261853694915771 0
0.07324619591236115 0
0.16731655597686768 0
0.3651817739009857 1
0.08306559175252914 0
0.3611864745616913 0
0.2933996319770813 0
0.033325254917144775 0
0.3448804020881653 1
0.030865516513586044 0
0.6110059022903442 0
0.21322456002235413 0
0.01599067449569702 0
0.5982103943824768 1
0.39271146059036255 0
0.5456200838088989 0
0.2267957627773285 0
0.5937817096710205 0
0.7019673585891724 1
0.20132741332054138 0
0.3331032991409302 0
0.34204110503196716 0
0.1654810607433319 0
0.7015955448150635 1
0.3483697772026062 0
0.5590133666992188 0
0.5349604487419128 0
0.5831667184829712 0
0.9839221835136414 1
0.21779672801494598 0
0.34538769721984863 0
0.2373853325843811 0
0.4962129294872284 0
0.6060441732406616 1
0.000927396584302187 0
0.3252722918987274 0
0.27285173535346985 0
0.002787982812151313 0
0.6787282824516296 1
0.032666467130184174 0
0.3237016499042511 0
0.3353375196456909 0
0.010564587078988552 0
0.9889599680900574 1
0.1730455756187439 0
0.47905659675598145 0
0.348037451505661 0
0.016538869589567184 0
0.3897654414176941 1
0.34824228286743164 0
0.3339869976043701 0
0.5287596583366394 0
0.10864713788032532 0
0.6032520532608032 1
0.34145498275756836 0
0.4051060676574707 0
0.365156352519989 0
0.4059017598628998 0
0.554193913936615 1
0.16065147519111633 0
0.3354015052318573 0
0.2526470422744751 0
0.2847081124782562 0
0.6687716245651245 1
0.26043352484703064 0
0.5337830781936646 0
0.0015801202971488237 0
0.007181993685662746 0
0.5154893398284912 1
0.32510846853256226 0
0.34255608916282654 0
0.3297705054283142 0
0.03361477330327034 0
0.8541914820671082 1
0.4395448565483093 0
0.9228875041007996 0
0.6364337205886841 0
0.06544650346040726 0
0.4721786677837372 1
0.1421670913696289 0
0.24354694783687592 0
0.3498901128768921 0
0.015925511717796326 0
0.6478599309921265 1
0.019030172377824783 0
0.5422474145889282 0
0.3374982476234436 0
0.12818202376365662 0
0.4289845824241638 1
0.03323006257414818 0
0.7014434337615967 0
0.26313847303390503 0
0.07524548470973969 0
0.21064534783363342 1
0.005107463803142309 0
0.027653736993670464 0
0.03560284525156021 0
0.00012073163816239685 0
0.5851134061813354 1
0.006543643306940794 0
0.24237409234046936 0
0.2647266387939453 0
0.002677014097571373 0
0.6078569293022156 1
0.029884440824389458 0
0.4042918086051941 0
0.37486597895622253 0
0.0029215910471975803 0
