0.9999913573265076 1
0.5697872042655945 0
0.35117921233177185 0
0.4238205850124359 0
0.9850211143493652 0
0.9965543150901794 1
0.0860481709241867 0
0.7691613435745239 0
0.5412207841873169 0
0.997640073299408 0
0.999990701675415 1
0.7761213183403015 0
0.8944112658500671 0
0.9528168439865112 0
0.9734499454498291 0
0.9999889135360718 1
0.7229201197624207 0
0.9758739471435547 0
0.6488158106803894 0
0.9980398416519165 0
0.9932935237884521 1
0.989569365978241 0
0.9683014750480652 0
0.975326657295227 0
0.9988104104995728 0
0.9999955892562866 1
0.9830831289291382 0
0.998748242855072 0
0.7708597183227539 0
0.9999628067016602 0
0.9985014796257019 1
0.02214043401181698 0
0.9013833999633789 0
0.027088604867458344 0
0.6273850798606873 0
0.9999806880950928 1
0.09126423299312592 0
0.03846995159983635 0
0.2077069729566574 0
0.9593596458435059 0
0.9986519813537598 1
0.18973569571971893 0
0.8710545897483826 0
0.00357237970456481 0
0.9934291839599609 0
0.9999631643295288 1
0.2229655683040619 0
0.5244317054748535 0
0.3595612049102783 0
0.9996940493583679 0
0.9892896413803101 1
0.3738313615322113 0
0.13999846577644348 0
0.8833557963371277 0
0.9979162216186523 0
0.9999222755432129 1
0.603819727897644 0
0.849235475063324 0
0.9971873760223389 0
0.999983012676239 0
0.9999555349349976 1
0.44663792848587036 0
0.0069181350991129875 0
0.5409302115440369 0
0.7951716780662537 0
0.9998503923416138 1
0.9821828603744507 0
0.9999442100524902 0
0.9978207349777222 0
0.9998587369918823 0
0.9999658465385437 1
0.8224705457687378 0
0.061596110463142395 0
0.9009890556335449 0
0.9979242086410522 0
0.9999717473983765 1
0.974982738494873 0
0.9878779649734497 0
0.5558257102966309 0
0.9804579615592957 0
0.9998253583908081 1
0.32086676359176636 0
0.11680685728788376 0
0.9999327063560486 0
0.9437784552574158 0
0.9999761581420898 1
0.6614229679107666 0
0.7774555087089539 0
0.9969105124473572 0
0.9984071254730225 0
0.9997860193252563 1
0.00023148814216256142 0
0.0028643240220844746 0
0.30411162972450256 0
0.4731142520904541 0
0.9999974966049194 1
0.0010311375372111797 0
0.5183922052383423 0
0.07216347754001617 0
0.3444180190563202 0
0.9842926859855652 1
0.017913343384861946 0
0.5981394052505493 0
0.015454168431460857 0
0.19294488430023193 0
0.9999901652336121 1
0.23363541066646576 0
0.9997333884239197 0
0.9850195646286011 0
0.023492053151130676 0
0.9999770522117615 1
0.3054642081260681 0
0.99921053647995 0
0.09303521364927292 0
0.135740727186203 0
0.9999823570251465 1
0.36357173323631287 0
0.999923586845398 0
0.006277802400290966 0
0.025155141949653625 0
0.9998302459716797 1
0.4503322243690491 0
0.9912091493606567 0
0.9982415437698364 0
0.40250062942504883 0
0.9999948740005493 1
0.1126476526260376 0
0.9713951945304871 0
0.9539316892623901 0
0.9567497968673706 0
0.9932124614715576 1
0.35956907272338867 0
0.8760499358177185 0
0.36717426776885986 0
0.3289536237716675 0
0.9998189806938171 1
0.016264859586954117 0
0.24213039875030518 0
0.9998042583465576 0
0.7238909006118774 0
0.9999979734420776 1
0.001982805784791708 0
0.9352076053619385 0
0.9935872554779053 0
0.5264453291893005 0
0.9998321533203125 1
0.06477764248847961 0
0.0752805694937706 0
0.8746647834777832 0
0.5544023513793945 0
0.9999911189079285 1
0.10061141848564148 0
0.9831691980361938 0
0.031828589737415314 0
0.33219021558761597 0
0.9999968409538269 1
0.4964751601219177 0
0.9771422743797302 0
0.4761294722557068 0
0.00273532560095191 0
0.9997999668121338 1
0.17047357559204102 0
0.8804677724838257 0
0.004645792301744223 0
0.09267699718475342 0
0.9999375343322754 1
0.005638591479510069 0
0.6598151922225952 0
0.7628675699234009 0
0.3354061245918274 0
0.9999936819076538 1
0.0020362830255180597 0
0.19617334008216858 0
0.2688083350658417 0
0.48037242889404297 0
0.9993724822998047 1
0.0219326950609684 0
0.405256450176239 0
0.007000005804002285 0
0.01792966201901436 0
0.9999749660491943 1
0.6544089913368225 0
0.9930092096328735 0
0.9980713725090027 0
0.02115681767463684 0
0.9999901652336121 1
0.5284726023674011 0
0.9993180632591248 0
0.9975347518920898 0
0.9987530708312988 0
0.9984638094902039 1
0.9866063594818115 0
0.988998532295227 0
0.5496888756752014 0
0.9777132868766785 0
0.9997986555099487 1
0.01933097094297409 0
0.6473488807678223 0
0.9597220420837402 0
0.006648009177297354 0
0.9999980330467224 1
0.05066823214292526 0
0.3519260883331299 0
0.7998571395874023 0
0.01771349459886551 0
0.9996471405029297 1
0.19173681735992432 0
0.7167644500732422 0
0.7527588605880737 0
0.319731205701828 0
0.9999436140060425 1
0.9974449872970581 0
0.9999791979789734 0
0.9999527931213379 0
0.0031168495770543814 0
0.9999949336051941 1
0.9839611053466797 0
0.9999556541442871 0
0.9803423881530762 0
0.9962196350097656 0
0.999420166015625 1
0.9971514940261841 0
0.9862772822380066 0
0.2574305534362793 0
0.9421135783195496 0
0.9999906420707703 1
0.08556109666824341 0
0.973052978515625 0
0.9954935908317566 0
0.0013146250275895 0
0.9999915957450867 1
0.5604469180107117 0
0.9999847412109375 0
0.9979650974273682 0
0.004034615587443113 0
0.9999094009399414 1
0.988498866558075 0
0.9995862245559692 0
0.9978658556938171 0
0.3226580023765564 0
0.9989886283874512 1
0.26466524600982666 0
0.25972265005111694 0
0.9659398794174194 0
0.9828155040740967 0
0.9970006346702576 1
0.06661245226860046 0
0.36638808250427246 0
0.7834598422050476 0
0.9836339354515076 0
0.993248462677002 1
0.11331741511821747 0
0.8640704154968262 0
0.8659455180168152 0
0.7803235054016113 0
0.9974697828292847 1
0.15530461072921753 0
0.4784320592880249 0
0.9832395911216736 0
0.6999974250793457 0
0.9999884366989136 1
0.03331030532717705 0
0.5868304371833801 0
0.12702533602714539 0
0.1393132209777832 0
0.9999334216117859 1
0.29726606607437134 0
0.6044330596923828 0
0.9798585176467896 0
0.9927856922149658 0
0.999904990196228 1
0.46982622146606445 0
0.9660741686820984 0
0.9996333122253418 0
0.047490522265434265 0
0.9997167587280273 1
0.7725386619567871 0
0.9986681938171387 0
0.9999767541885376 0
0.9997216463088989 0
0.9996454119682312 1
0.5569173097610474 0
0.757178544998169 0
0.7090145349502563 0
0.9933260679244995 0
0.9963412284851074 1
0.001167370704934001 0
0.1436307430267334 0
0.9998871088027954 0
0.010749347507953644 0
0.999992847442627 1
0.11560507118701935 0
0.5680737495422363 0
0.9997338056564331 0
0.021633446216583252 0
0.9995445609092712 1
0.21243372559547424 0
0.590705394744873 0
0.9968693256378174 0
0.07123002409934998 0
0.999687671661377 1
0.9998011589050293 0
0.9537779688835144 0
0.9952564239501953 0
0.6377276182174683 0
0.9999986886978149 1
0.960473895072937 0
0.9802905917167664 0
0.99967360496521 0
0.9972564578056335 0
0.9990494251251221 1
0.8334732055664062 0
0.9126383662223816 0
0.7704479098320007 0
0.626853346824646 0
0.9999756813049316 1
0.6938029527664185 0
0.9975985288619995 0
0.0007209464674815536 0
0.0027225452940911055 0
0.9999802112579346 1
0.8113003969192505 0
0.9949458837509155 0
0.9716769456863403 0
0.08252455294132233 0
0.9998944997787476 1
0.9953101873397827 0
0.9973851442337036 0
0.9996160864830017 0
0.9627673029899597 0
0.9997565746307373 1
0.10686342418193817 0
0.9905826449394226 0
0.9994964599609375 0
0.0005503237480297685 0
0.999987781047821 1
0.6008673906326294 0
0.999267578125 0
0.9997374415397644 0
0.9858121871948242 0
0.9975813627243042 1
0.9036819338798523 0
0.9997994303703308 0
0.9571541547775269 0
0.79707932472229 0
0.9934864044189453 1
0.0031238840892910957 0
0.03527266904711723 0
0.8032475709915161 0
5.391196464188397e-05 0
0.9946966171264648 1
0.05751943588256836 0
0.21898995339870453 0
0.9611371755599976 0
0.00448549073189497 0
0.999593198299408 1
0.45184239745140076 0
0.0937226414680481 0
0.9362540245056152 0
0.013956507667899132 0
