0.9998888969421387 1
0.055934350937604904 0
0.08637871593236923 0
0.07828830182552338 0
0.8512153625488281 0
0.9209291338920593 1
0.03879883512854576 0
0.3018154203891754 0
0.07397283613681793 0
0.8569828867912292 0
0.99996018409729 1
0.033026739954948425 0
0.5776817798614502 0
0.1244276911020279 0
0.39551275968551636 0
0.9999644160270691 1
0.18303553760051727 0
0.49597156047821045 0
0.25147539377212524 0
0.9377316832542419 0
0.9777799844741821 1
0.12961530685424805 0
0.8369711637496948 0
0.9987701177597046 0
0.845465898513794 0
0.9999663233757019 1
0.8807228803634644 0
0.9896645545959473 0
0.9979812502861023 0
0.9991685152053833 0
0.9980666041374207 1
0.3733360171318054 0
0.9394235610961914 0
0.02018575370311737 0
0.15822000801563263 0
0.998733401298523 1
0.266851007938385 0
0.01278500072658062 0
0.035214655101299286 0
0.5169983506202698 0
0.9997961521148682 1
0.853800892829895 0
0.9722533226013184 0
0.003977816551923752 0
0.17953316867351532 0
0.9999637603759766 1
0.0187595933675766 0
0.21290835738182068 0
0.19300930202007294 0
0.20366665720939636 0
0.9923027753829956 1
0.0525909960269928 0
0.018026474863290787 0
0.9141966104507446 0
0.9642560482025146 0
0.9978282451629639 1
0.11125142872333527 0
0.820863664150238 0
0.9520272016525269 0
0.9975460767745972 0
0.9999570846557617 1
0.0601184144616127 0
0.0008205060148611665 0
0.09771782159805298 0
0.4936544895172119 0
0.9991873502731323 1
0.9836050271987915 0
0.9995898008346558 0
0.9759148359298706 0
0.9898354411125183 0
0.999834418296814 1
0.7651855945587158 0
0.18934392929077148 0
0.898527979850769 0
0.9931251406669617 0
0.9985610842704773 1
0.12219785153865814 0
0.12536278367042542 0
0.8102537393569946 0
0.9898470640182495 0
0.9917693138122559 1
0.0414927676320076 0
0.04017540067434311 0
0.9995709657669067 0
0.9315129518508911 0
0.9989599585533142 1
0.0017669806256890297 0
0.13418199121952057 0
0.505118727684021 0
0.9959051012992859 0
0.9913591146469116 1
3.0389019229914993e-05 0
7.109827129170299e-05 0
0.08275490999221802 0
0.016311824321746826 0
0.9997255206108093 1
0.0002462063857819885 0
0.014572696760296822 0
0.002615798730403185 0
0.07303857803344727 0
0.970615804195404 1
0.0007608931045979261 0
0.0053802188485860825 0
0.004466152749955654 0
0.032664746046066284 0
0.9999803304672241 1
0.0070427097380161285 0
0.9664911031723022 0
0.14570632576942444 0
0.010073870420455933 0
0.9991065859794617 1
0.011245397850871086 0
0.7087010145187378 0
0.08149723708629608 0
0.04065239429473877 0
0.9997785091400146 1
0.02481217309832573 0
0.8576745986938477 0
0.0031685929279774427 0
0.013994297944009304 0
0.9979655146598816 1
0.004548130556941032 0
0.9166903495788574 0
0.6037133932113647 0
0.08771231025457382 0
0.9999601244926453 1
0.055055540055036545 0
0.9639769792556763 0
0.2543056905269623 0
0.3482016324996948 0
0.9953660368919373 1
0.9655880928039551 0
0.9962303042411804 0
0.016161493957042694 0
0.028716430068016052 0
0.9141961932182312 1
0.0004049042472615838 0
0.0028450186364352703 0
0.7060902118682861 0
0.017096973955631256 0
0.9999143481254578 1
0.013745173811912537 0
0.9540526270866394 0
0.9686129093170166 0
0.0555376261472702 0
0.9986913204193115 1
0.003108549863100052 0
0.06307064741849899 0
0.1600130796432495 0
0.08038736879825592 0
0.9998783469200134 1
0.0036371941678225994 0
0.14537367224693298 0
0.00482139503583312 0
0.03239251673221588 0
0.9998418688774109 1
0.01414540410041809 0
0.11326169967651367 0
0.1466008424758911 0
0.0007039300980977714 0
0.9998080134391785 1
0.0039510661736130714 0
0.2023313343524933 0
0.005575312301516533 0
0.03804275393486023 0
0.8733953833580017 1
0.0005925834411755204 0
0.004677780903875828 0
0.01729365810751915 0
0.04015089198946953 0
0.9995502233505249 1
0.00010875696170842275 0
0.0009413182269781828 0
0.033507511019706726 0
0.21228313446044922 0
0.9806902408599854 1
0.0007475581369362772 0
0.004593253135681152 0
0.01017419807612896 0
0.02609044685959816 0
0.9948245882987976 1
0.0008465810096822679 0
0.42797374725341797 0
0.42370399832725525 0
0.0029044083785265684 0
0.8300269842147827 1
0.0013508045813068748 0
0.8209336996078491 0
0.4202606678009033 0
0.1787692755460739 0
0.9829823970794678 1
0.7470985651016235 0
0.9523599147796631 0
0.0977422446012497 0
0.5276468396186829 0
0.9588556289672852 1
0.00017349873087368906 0
0.002480301773175597 0
0.05340578407049179 0
0.002082264516502619 0
0.997468888759613 1
0.00045022310223430395 0
0.0006055896519683301 0
0.11752914637327194 0
0.00024998243316076696 0
0.9602808952331543 1
9.54145725700073e-05 0
0.010204547084867954 0
0.004486623220145702 0
0.0018564732745289803 0
0.9988681077957153 1
0.5857235193252563 0
0.9986757636070251 0
0.9449124336242676 0
0.00020606545149348676 0
0.9999793767929077 1
0.010115758515894413 0
0.9967729449272156 0
0.9705788493156433 0
0.4074968993663788 0
0.9974055290222168 1
0.8329596519470215 0
0.9354085326194763 0
0.40317076444625854 0
0.5406548380851746 0
0.9977278113365173 1
0.00037568877451121807 0
0.016902737319469452 0
0.9026539325714111 0
0.0007663845317438245 0
0.9997814893722534 1
0.004242717754095793 0
0.9273671507835388 0
0.33540308475494385 0
0.0004594825441017747 0
0.9803402423858643 1
0.028211694210767746 0
0.9473309516906738 0
0.8830215334892273 0
0.005944440141320229 0
0.9981670379638672 1
0.3053683936595917 0
0.15154629945755005 0
0.03186534345149994 0
0.036457158625125885 0
0.6477465033531189 1
0.41660866141319275 0
0.7040567398071289 0
0.0033100293949246407 0
0.05582462251186371 0
0.9183365702629089 1
0.2651878893375397 0
0.761441171169281 0
0.06638522446155548 0
0.1280515342950821 0
0.9632046222686768 1
0.8026916980743408 0
0.7005910873413086 0
0.0222436785697937 0
0.002281048335134983 0
0.9312559366226196 1
0.6027294993400574 0
0.9072766304016113 0
0.006205763202160597 0
0.0008404399268329144 0
0.9974839091300964 1
0.6960409879684448 0
0.9366170167922974 0
0.009273016825318336 0
0.5173826813697815 0
0.9976707696914673 1
0.00020761210180353373 0
0.3528718948364258 0
0.8768321871757507 0
0.00657515786588192 0
0.9700590968132019 1
0.010346487164497375 0
0.9968552589416504 0
0.999742865562439 0
0.6844751238822937 0
0.9746667742729187 1
0.5169119238853455 0
0.7311586141586304 0
0.7556205987930298 0
0.8489128947257996 0
0.25496578216552734 1
9.079046139959246e-05 0
0.018401868641376495 0
0.885769248008728 0
0.00038580712862312794 0
0.9950386881828308 1
0.0009533480042591691 0
0.060607220977544785 0
0.12941068410873413 0
0.0006392790819518268 0
0.9661273956298828 1
0.0002839550143107772 0
0.01334381103515625 0
0.17750464379787445 0
0.007474538870155811 0
0.9996041655540466 1
0.404394268989563 0
0.8066537380218506 0
0.8066592216491699 0
0.03259574621915817 0
0.9999774694442749 1
0.05048278719186783 0
0.2919692397117615 0
0.9783627986907959 0
0.7977985739707947 0
0.9924311637878418 1
0.02684853971004486 0
0.6957879066467285 0
0.46731874346733093 0
0.6190378665924072 0
0.9997743368148804 1
0.0006444823229685426 0
0.7243435382843018 0
2.057134042843245e-05 0
0.0015079807490110397 0
0.9588931798934937 1
0.00396264623850584 0
0.23626957833766937 0
0.03219849616289139 0
0.001284051570110023 0
0.9772200584411621 1
0.18548916280269623 0
0.867030143737793 0
0.3105408251285553 0
0.15588508546352386 0
0.7850021123886108 1
0.0010020015761256218 0
0.9034321308135986 0
0.20417895913124084 0
0.00020563541329465806 0
0.9992517232894897 1
0.0004557833890430629 0
0.9072505831718445 0
0.8923829793930054 0
0.8906148672103882 0
0.9881069660186768 1
0.26480957865715027 0
0.9878532886505127 0
0.5554221272468567 0
0.9754214286804199 0
0.16654613614082336 1
0.00013724854215979576 0
0.0005651136161759496 0
0.07526944577693939 0
8.994496602099389e-05 0
0.888011634349823 1
0.00038567843148484826 0
0.016688846051692963 0
0.010550844483077526 0
0.00672902911901474 0
0.9451172351837158 1
0.0034769882913678885 0
0.0035026790574193 0
0.01978263258934021 0
0.009380224160850048 0
