0.9999961853027344 1
0.9708437919616699 0
0.90015709400177 0
0.922116756439209 0
0.9881653189659119 0
0.9978377223014832 1
0.057936571538448334 0
0.8132032155990601 0
0.887047529220581 0
0.9998133182525635 0
0.9999987483024597 1
0.4541741609573364 0
0.7783039808273315 0
0.721362829208374 0
0.9877126216888428 0
0.9999954104423523 1
0.8487406969070435 0
0.9433080554008484 0
0.7355169653892517 0
0.9984889030456543 0
0.9893724918365479 1
0.8847329020500183 0
0.9895981550216675 0
0.9940927028656006 0
0.9990329146385193 0
0.99998539686203 1
0.9813775420188904 0
0.9987021684646606 0
0.9437920451164246 0
0.9999885559082031 0
0.9984357357025146 1
0.27208903431892395 0
0.9566445350646973 0
0.5758779048919678 0
0.42320120334625244 0
0.9999737739562988 1
0.17566810548305511 0
0.004711807239800692 0
0.021900540217757225 0
0.9285092353820801 0
0.9999097585678101 1
0.6295700073242188 0
0.8249090909957886 0
0.007173124700784683 0
0.5644963979721069 0
0.9999925494194031 1
0.25567078590393066 0
0.18194077908992767 0
0.34014439582824707 0
0.9999244213104248 0
0.9864981174468994 1
0.6844224333763123 0
0.08126412332057953 0
0.9728158712387085 0
0.9938604831695557 0
0.9999099969863892 1
0.4500419497489929 0
0.7016865611076355 0
0.998214602470398 0
0.999912440776825 0
0.9999982714653015 1
0.5760266780853271 0
0.0036973522510379553 0
0.6496555209159851 0
0.8060605525970459 0
0.9999527335166931 1
0.9949433207511902 0
0.9998607635498047 0
0.9914950132369995 0
0.9999356269836426 0
0.9999985098838806 1
0.6580358743667603 0
0.015683287754654884 0
0.8909355998039246 0
0.9998165965080261 0
0.9999626874923706 1
0.9727976322174072 0
0.9509446620941162 0
0.9717714786529541 0
0.9993364810943604 0
0.9993636608123779 1
0.34809648990631104 0
0.04906385391950607 0
0.999775767326355 0
0.9427110552787781 0
0.9999760985374451 1
0.33247026801109314 0
0.7255327105522156 0
0.9981288909912109 0
0.9893480539321899 0
0.9999550580978394 1
0.00017006862617563456 0
0.012649070471525192 0
0.7639533877372742 0
0.09985192865133286 0
0.9999964237213135 1
0.004649957176297903 0
0.8458209037780762 0
0.6787926554679871 0
0.7135952711105347 0
0.9973642230033875 1
0.010005038231611252 0
0.8601241111755371 0
0.13459378480911255 0
0.34228652715682983 0
0.9999997019767761 1
0.36718088388442993 0
0.9997454881668091 0
0.9834635257720947 0
0.07302096486091614 0
0.9999968409538269 1
0.5751721858978271 0
0.9998552799224854 0
0.8382303714752197 0
0.6874083280563354 0
0.9999951720237732 1
0.6700837016105652 0
0.9999474287033081 0
0.03410263732075691 0
0.07629306614398956 0
0.9999260902404785 1
0.06868408620357513 0
0.9343273043632507 0
0.9955605268478394 0
0.5443671345710754 0
0.9999932646751404 1
0.4249104857444763 0
0.9853836894035339 0
0.9239015579223633 0
0.9797674417495728 0
0.9940073490142822 1
0.7128889560699463 0
0.9258872270584106 0
0.25926148891448975 0
0.4170582890510559 0
0.9976764917373657 1
0.005749066825956106 0
0.28746604919433594 0
0.999208927154541 0
0.38042041659355164 0
0.9999995231628418 1
0.1587478667497635 0
0.9816393852233887 0
0.9987258911132812 0
0.6969447135925293 0
0.9999739527702332 1
0.0485285148024559 0
0.5378538370132446 0
0.8657025694847107 0
0.5304247140884399 0
0.9999958872795105 1
0.1462915539741516 0
0.7079162001609802 0
0.010254334658384323 0
0.3350979685783386 0
0.9999985694885254 1
0.8286656141281128 0
0.9654989242553711 0
0.9789791107177734 0
0.015107465907931328 0
0.9998294711112976 1
0.25758370757102966 0
0.8666626811027527 0
0.027130678296089172 0
0.044715896248817444 0
0.9990853071212769 1
0.006830211728811264 0
0.12579108774662018 0
0.7481241226196289 0
0.24363145232200623 0
0.9999791979789734 1
0.001088394201360643 0
0.012621036730706692 0
0.8913711309432983 0
0.762843132019043 0
0.999403715133667 1
0.00731396209448576 0
0.03329908102750778 0
0.02479732036590576 0
0.0556618832051754 0
0.9999480247497559 1
0.03759872540831566 0
0.9517306089401245 0
0.9380691051483154 0
0.002431127242743969 0
0.9973778128623962 1
0.07134544104337692 0
0.9738814234733582 0
0.9930703043937683 0
0.9943034052848816 0
0.9998244047164917 1
0.9910902976989746 0
0.9950528144836426 0
0.8619108200073242 0
0.9991240501403809 0
0.9983975887298584 1
0.0008736743475310504 0
0.08279646933078766 0
0.9667465686798096 0
0.002540630754083395 0
0.9998514652252197 1
0.02264530584216118 0
0.13685837388038635 0
0.6988024711608887 0
0.0008404979016631842 0
0.9997624158859253 1
0.08910612761974335 0
0.76286780834198 0
0.13627435266971588 0
0.08347450941801071 0
0.9987460374832153 1
0.7568982839584351 0
0.9999739527702332 0
0.9964761734008789 0
7.411042315652594e-05 0
0.9999886751174927 1
0.39953863620758057 0
0.9998070597648621 0
0.983532190322876 0
0.996715784072876 0
0.9998073577880859 1
0.992346465587616 0
0.9917749166488647 0
0.7036432027816772 0
0.9929647445678711 0
0.999996542930603 1
0.0024926026817411184 0
0.5130369663238525 0
0.9945473074913025 0
0.0005837263888679445 0
0.9999874830245972 1
0.2071584165096283 0
0.9997310042381287 0
0.9893507361412048 0
0.0010385727509856224 0
0.9998657703399658 1
0.8259257078170776 0
0.9995591640472412 0
0.9967452883720398 0
0.13211791217327118 0
0.9956326484680176 1
0.052106283605098724 0
0.10805635154247284 0
0.5038264393806458 0
0.5219132900238037 0
0.9934327006340027 1
0.27588608860969543 0
0.43832969665527344 0
0.03607233986258507 0
0.8202290534973145 0
0.9908218383789062 1
0.05859881266951561 0
0.4529370963573456 0
0.9205829501152039 0
0.8569226264953613 0
0.9990648627281189 1
0.03403463959693909 0
0.15891586244106293 0
0.6258490085601807 0
0.003285264130681753 0
0.9929887056350708 1
0.5914591550827026 0
0.8347455263137817 0
0.002952714916318655 0
0.0005717782769352198 0
0.9997715950012207 1
0.4631081819534302 0
0.640154242515564 0
0.40881502628326416 0
0.9654721617698669 0
0.9972050189971924 1
0.0013230046024546027 0
0.6028807759284973 0
0.8461745977401733 0
0.0009336058283224702 0
0.9941701889038086 1
0.1805369108915329 0
0.993988037109375 0
0.9998832941055298 0
0.9982720613479614 0
0.999332845211029 1
0.6753826141357422 0
0.892898440361023 0
0.9546222686767578 0
0.9995450377464294 0
0.962239146232605 1
4.3023603211622685e-05 0
0.014878991059958935 0
0.9828082323074341 0
0.00024076280533336103 0
0.9999550580978394 1
0.011936686933040619 0
0.10107862204313278 0
0.09657351672649384 0
0.0001261395518667996 0
0.999041736125946 1
0.010660993866622448 0
0.4633296728134155 0
0.9791079759597778 0
0.018929498270154 0
0.9999582171440125 1
0.9188350439071655 0
0.8442785143852234 0
0.9306880831718445 0
0.0012250004801899195 0
0.9999971389770508 1
0.7662996053695679 0
0.5664621591567993 0
0.9981445670127869 0
0.9881664514541626 0
0.9993054270744324 1
0.9106783866882324 0
0.8120452761650085 0
0.9422828555107117 0
0.9810391664505005 0
0.9999560713768005 1
0.011756908148527145 0
0.9872086048126221 0
1.9074370811722474e-06 0
0.000349133595591411 0
0.9996258020401001 1
0.38547080755233765 0
0.9687176942825317 0
0.26381826400756836 0
8.513579814461991e-05 0
0.9998301863670349 1
0.9632859230041504 0
0.9896770715713501 0
0.998851478099823 0
0.29609858989715576 0
0.9966549873352051 1
0.024601932615041733 0
0.9990377426147461 0
0.7644910216331482 0
0.00012457076809369028 0
0.9998390078544617 1
0.04487589746713638 0
0.9660148620605469 0
0.9297088384628296 0
0.991179883480072 0
0.9993950128555298 1
0.9823112487792969 0
0.9979328513145447 0
0.992569088935852 0
0.9904758334159851 0
0.26131004095077515 1
0.001429482363164425 0
0.008382204920053482 0
0.5912957191467285 0
1.1791259566962253e-05 0
0.8491446375846863 1
0.004183472134172916 0
0.05037848278880119 0
0.5843473672866821 0
0.007512439042329788 0
0.9981078505516052 1
0.14014524221420288 0
0.005065773148089647 0
0.23758551478385925 0
0.010579671710729599 0
