0.5592151880264282 1
0.3733448386192322 1
0.2057437151670456 1
0.4020497798919678 1
0.1333806961774826 1
0.3605627715587616 1
0.5098640322685242 1
0.04585736617445946 1
0.3554670214653015 1
0.10423369705677032 1
0.2859371304512024 1
0.04717370495200157 1
0.15787285566329956 1
0.3828457295894623 1
0.6610704660415649 1
0.2937266230583191 1
0.05049140751361847 1
0.1907547116279602 1
0.11739858984947205 1
0.6303911209106445 1
0.28239357471466064 1
0.27383536100387573 1
0.5867194533348083 1
0.016673345118761063 0
0.03108479641377926 0
0.5083944797515869 0
0.009399442002177238 0
0.22468715906143188 0
0.3363751173019409 0
0.002541474299505353 0
0.005324013531208038 0
0.24530945718288422 0
0.09463757276535034 0
0.050127774477005005 0
0.8162104487419128 0
0.003970640245825052 0
0.013352125883102417 0
0.8559948205947876 0
0.0035654096864163876 0
0.0003031421802006662 0
0.5277391672134399 0
0.0007621666882187128 0
0.00451661879196763 0
0.5222554206848145 0
0.052880629897117615 0
0.011901984922587872 0
0.3282129764556885 0
0.0024145683273673058 0
0.028679078444838524 0
0.38538938760757446 0
0.010550344362854958 0
0.04198750853538513 0
0.318694531917572 0
0.050578802824020386 0
0.03731232136487961 0
0.354483962059021 0
0.18339984118938446 0
0.19397953152656555 0
0.4036374092102051 0
0.06217213720083237 0
0.06170099228620529 0
0.4388439655303955 0
0.007004258222877979 0
0.04214515909552574 0
0.3051406443119049 0
0.17166642844676971 0
0.05893079936504364 0
0.5560579299926758 0
0.0682627484202385 0
0.026168329641222954 0
0.5203818678855896 0
0.1955069750547409 0
0.15600687265396118 0
0.6183228492736816 0
0.004586303140968084 0
0.1851389855146408 0
0.47088098526000977 0
0.035261690616607666 0
0.04936598986387253 0
0.6617745161056519 0
0.05986868590116501 0
0.07082530856132507 0
0.5831824541091919 0
0.022944195196032524 0
0.06229809671640396 0
0.40067192912101746 0
0.058453720062971115 0
0.0343497134745121 0
0.7296514511108398 0
0.2572346329689026 0
0.010800739750266075 0
0.7258393168449402 0
0.761189341545105 1
0.9051294326782227 1
0.4249493479728699 1
0.6293755769729614 1
0.946998119354248 1
0.8623473644256592 1
0.9287557005882263 1
0.9426693320274353 1
0.8740355968475342 1
0.4365662932395935 1
0.43899449706077576 1
0.862430989742279 1
0.5377770662307739 1
0.39061176776885986 1
0.6759738922119141 1
0.3979542851448059 1
0.8424453735351562 1
0.5116437673568726 1
0.63322913646698 1
0.3544769287109375 1
0.5101568698883057 1
0.8017199039459229 1
0.5980909466743469 1
