0.6523669958114624 1
0.32406389713287354 0
0.33020490407943726 0
0.19402775168418884 0
0.4229609966278076 0
0.5703803896903992 1
0.022762274369597435 0
0.3103567957878113 0
0.2573065459728241 0
0.3560597598552704 0
0.5005407929420471 1
0.3294072449207306 0
0.3368586301803589 0
0.3098914623260498 0
0.3272170424461365 0
0.7342227697372437 1
0.4679824709892273 0
0.5546949505805969 0
0.19383011758327484 0
0.626659095287323 0
0.7642320394515991 1
0.5584455132484436 0
0.456217885017395 0
0.48228758573532104 0
0.6200251579284668 0
0.9048359394073486 1
0.8660911917686462 0
0.6632964015007019 0
0.33155557513237 0
0.6520088911056519 0
0.4458012580871582 1
0.75121009349823 0
0.9764461517333984 0
0.28090018033981323 0
0.31855452060699463 0
0.6248623132705688 1
0.8710732460021973 0
0.35148924589157104 0
0.3116627335548401 0
0.23398111760616302 0
0.35399776697158813 1
0.8887524604797363 0
0.9572111964225769 0
0.27706634998321533 0
0.32669344544410706 0
0.9280280470848083 1
0.12908445298671722 0
0.32191142439842224 0
0.06562118232250214 0
0.6567261219024658 0
0.7298941016197205 1
0.12268906831741333 0
0.045779865235090256 0
0.2958616614341736 0
0.2602914571762085 0
0.681462287902832 1
0.29162079095840454 0
0.322765052318573 0
0.3942505717277527 0
0.646403431892395 0
0.7666801810264587 1
0.37336838245391846 0
0.3334215581417084 0
0.2510443925857544 0
0.3311433792114258 0
0.6823300719261169 1
0.8817157745361328 0
0.7572736740112305 0
0.4054623544216156 0
0.7579948306083679 0
0.6619210243225098 1
0.30956321954727173 0
0.3408311605453491 0
0.29014313220977783 0
0.5965394377708435 0
0.6412453055381775 1
0.20086351037025452 0
0.7100905776023865 0
0.3218597173690796 0
0.18756675720214844 0
0.666107714176178 1
0.5861348509788513 0
0.4665321111679077 0
0.701233983039856 0
0.596105694770813 0
0.6852030754089355 1
0.1268608570098877 0
0.4191455543041229 0
0.43713104724884033 0
0.8772190809249878 0
0.6050368547439575 1
0.00027152354596182704 0
0.01115882582962513 0
0.1470125913619995 0
0.07255812734365463 0
0.5859208703041077 1
0.0020472598262131214 0
0.20630942285060883 0
0.10144242644309998 0
0.2560063600540161 0
0.5901846289634705 1
0.01639833301305771 0
0.2858600914478302 0
0.18032889068126678 0
0.09209957718849182 0
0.6685086488723755 1
0.03622651845216751 0
0.663777768611908 0
0.3344552516937256 0
0.01064966432750225 0
0.6705026030540466 1
0.056211378425359726 0
0.6556997895240784 0
0.23973630368709564 0
0.15221382677555084 0
0.644029974937439 1
0.26416707038879395 0
0.6120544075965881 0
0.09963512420654297 0
0.12569691240787506 0
0.6451504826545715 1
0.06028818339109421 0
0.8819950819015503 0
0.42506611347198486 0
0.42481061816215515 0
0.6606080532073975 1
0.1929914802312851 0
0.9778494834899902 0
0.5023460388183594 0
0.5268505811691284 0
0.6121827363967896 1
0.7305960059165955 0
0.9723724722862244 0
0.12833452224731445 0
0.19069817662239075 0
0.5636012554168701 1
0.003055018140003085 0
0.3412820100784302 0
0.6025822162628174 0
0.25271275639533997 0
0.6761462092399597 1
0.051410265266895294 0
0.3465980291366577 0
0.41085749864578247 0
0.2699350118637085 0
0.6665080785751343 1
0.01000488642603159 0
0.33040785789489746 0
0.29381805658340454 0
0.23994284868240356 0
0.6855069994926453 1
0.10682128369808197 0
0.30378448963165283 0
0.14449505507946014 0
0.2739116847515106 0
0.6600046157836914 1
0.18826773762702942 0
0.3759419620037079 0
0.25660139322280884 0
0.00847461074590683 0
0.6699365377426147 1
0.27815544605255127 0
0.3258810043334961 0
0.02823074534535408 0
0.19140726327896118 0
0.6092604398727417 1
0.006107795052230358 0
0.09888970106840134 0
0.3290891647338867 0
0.13104264438152313 0
0.6370066404342651 1
0.0013572757598012686 0
0.06042381748557091 0
0.09507063031196594 0
0.017222121357917786 0
0.47923851013183594 1
0.04958502948284149 0
0.23140697181224823 0
0.009414763189852238 0
0.012911994010210037 0
0.34004101157188416 1
0.2915636897087097 0
0.32616138458251953 0
0.3329644799232483 0
0.027884185314178467 0
0.3344309329986572 1
0.06561495363712311 0
0.33551403880119324 0
0.3332371711730957 0
0.309200644493103 0
0.3433692157268524 1
0.328746497631073 0
0.33434492349624634 0
0.13141894340515137 0
0.25677093863487244 0
0.33519548177719116 1
0.007130865007638931 0
0.22677931189537048 0
0.3249375522136688 0
0.0029700060840696096 0
0.3763580024242401 1
0.012874674052000046 0
0.03655059635639191 0
0.22640299797058105 0
0.014509741216897964 0
0.5165989398956299 1
0.0036919033154845238 0
0.02143820747733116 0
0.31835249066352844 0
0.1141304299235344 0
0.6626773476600647 1
0.6226370930671692 0
0.6218799352645874 0
0.3342536389827728 0
0.1133761927485466 0
0.6676563024520874 1
0.3814360499382019 0
0.5888299942016602 0
0.33248230814933777 0
0.4128432869911194 0
0.6729299426078796 1
0.3629806637763977 0
0.3529305160045624 0
0.15104041993618011 0
0.25862830877304077 0
0.649563193321228 1
0.08889733254909515 0
0.09444506466388702 0
0.33792442083358765 0
0.013110490515828133 0
0.7076965570449829 1
0.2355358898639679 0
0.6773998141288757 0
0.3353312015533447 0
0.03839288651943207 0
0.7594932317733765 1
0.3639783263206482 0
0.7662266492843628 0
0.6609489917755127 0
0.0487920343875885 0
0.33342552185058594 1
0.8130087852478027 0
0.836967408657074 0
0.37029385566711426 0
0.2138684093952179 0
0.3361499011516571 1
0.6818472146987915 0
0.9748517870903015 0
0.21503105759620667 0
0.33700162172317505 0
0.45641374588012695 1
0.7738978266716003 0
0.9846932291984558 0
0.1492971032857895 0
0.08431683480739594 0
0.3350341022014618 1
0.7174540758132935 0
0.7669234275817871 0
0.29915186762809753 0
0.04319247603416443 0
0.3383021950721741 1
0.7521125674247742 0
0.8357768058776855 0
0.2955743968486786 0
0.05156475305557251 0
0.6458643078804016 1
0.656031608581543 0
0.6921119093894958 0
0.5946854948997498 0
0.646683394908905 0
0.6436702013015747 1
0.011018669232726097 0
0.12520579993724823 0
0.3338182866573334 0
0.01187730859965086 0
0.6580965518951416 1
0.2914298474788666 0
0.34150928258895874 0
0.036909449845552444 0
0.4520130753517151 0
0.8734259009361267 1
0.028184695169329643 0
0.32995492219924927 0
0.1233854740858078 0
0.4738658368587494 0
0.3441924750804901 1
0.0005674935528077185 0
0.16924898326396942 0
0.3276006579399109 0
0.003623710013926029 0
0.6572784185409546 1
0.01193810161203146 0
0.29328805208206177 0
0.14846643805503845 0
0.009906977415084839 0
0.9085676074028015 1
0.1618531197309494 0
0.08008603751659393 0
0.5541375279426575 0
0.008882032707333565 0
0.33625873923301697 1
0.3328027129173279 0
0.33343154191970825 0
0.33387869596481323 0
0.22533491253852844 0
0.6562509536743164 1
0.3164249062538147 0
0.37104055285453796 0
0.3521057367324829 0
0.5222553014755249 0
0.3857191801071167 1
0.24259446561336517 0
0.33404868841171265 0
0.14047400653362274 0
0.1428367644548416 0
0.6108685731887817 1
0.04938086122274399 0
0.5514792203903198 0
0.0030906132888048887 0
0.02963944897055626 0
0.36029189825057983 1
0.3263155221939087 0
0.35406070947647095 0
0.3293541371822357 0
0.009216031059622765 0
0.7258290648460388 1
0.6368492841720581 0
0.8029325008392334 0
0.652617335319519 0
0.2824593186378479 0
0.35348019003868103 1
0.29162490367889404 0
0.04335179552435875 0
0.33297714591026306 0
0.013975532725453377 0
0.6546350121498108 1
0.008300418965518475 0
0.5030996799468994 0
0.2596321105957031 0
0.2312377393245697 0
0.5245494842529297 1
0.06425207108259201 0
0.6497207880020142 0
0.2934490740299225 0
0.09254392981529236 0
0.2932887077331543 1
0.019405972212553024 0
0.009686488658189774 0
0.11064212769269943 0
0.00013843641499988735 0
0.637825608253479 1
0.009074442088603973 0
0.18421456217765808 0
0.3175511062145233 0
0.01061313133686781 0
0.6002389192581177 1
0.04719080775976181 0
0.40103983879089355 0
0.5363961458206177 0
0.019519034773111343 0
