0.6643641591072083 1
0.3221747577190399 0
0.3211134076118469 0
0.19575706124305725 0
0.34845948219299316 0
0.6829863786697388 1
0.029904305934906006 0
0.35476064682006836 0
0.1667490303516388 0
0.6411728858947754 0
0.6025940775871277 1
0.32873058319091797 0
0.33297231793403625 0
0.27592432498931885 0
0.315186470746994 0
0.9381176829338074 1
0.462196946144104 0
0.6160231828689575 0
0.1136503517627716 0
0.5131669044494629 0
0.8172281980514526 1
0.7235549688339233 0
0.7483172416687012 0
0.6957356929779053 0
0.7137231826782227 0
0.982661247253418 1
0.8467223644256592 0
0.8010512590408325 0
0.3317584991455078 0
0.6040176153182983 0
0.7256619334220886 1
0.4890819787979126 0
0.9484353065490723 0
0.2231837809085846 0
0.3210729956626892 0
0.6527707576751709 1
0.8875530958175659 0
0.3756595849990845 0
0.33175215125083923 0
0.6319386959075928 0
0.4058733880519867 1
0.795157790184021 0
0.9847801923751831 0
0.22726964950561523 0
0.3690168857574463 0
0.9906476736068726 1
0.07509268075227737 0
0.32003486156463623 0
0.16539406776428223 0
0.6624108552932739 0
0.9631271362304688 1
0.06588269770145416 0
0.10588864982128143 0
0.4711317718029022 0
0.6782554984092712 0
0.776992917060852 1
0.31493210792541504 0
0.32220223546028137 0
0.3599080443382263 0
0.6655170321464539 0
0.9192189574241638 1
0.3117225170135498 0
0.33233386278152466 0
0.10492278635501862 0
0.3164252042770386 0
0.7964324355125427 1
0.964391827583313 0
0.9716602563858032 0
0.38832148909568787 0
0.9351565837860107 0
0.6790890097618103 1
0.30611297488212585 0
0.3350031077861786 0
0.3495325446128845 0
0.40750789642333984 0
0.6971545219421387 1
0.0906074047088623 0
0.5373230576515198 0
0.15401393175125122 0
0.15998727083206177 0
0.7581439018249512 1
0.6618080139160156 0
0.6644489765167236 0
0.7935775518417358 0
0.6584124565124512 0
0.8005658984184265 1
0.07975603640079498 0
0.6135846376419067 0
0.3694680631160736 0
0.6616857051849365 0
0.583287239074707 1
0.0014584664022549987 0
0.056489259004592896 0
0.04503794014453888 0
0.05079696699976921 0
0.474650502204895 1
0.0061306944116950035 0
0.2689863443374634 0
0.04672066494822502 0
0.1671922206878662 0
0.5709512233734131 1
0.034213848412036896 0
0.3221147358417511 0
0.22970572113990784 0
0.13876989483833313 0
0.6708702445030212 1
0.04749290272593498 0
0.6629170179367065 0
0.3005886673927307 0
0.0053750514052808285 0
0.6670021414756775 1
0.046587686985731125 0
0.6253689527511597 0
0.25800323486328125 0
0.09667252749204636 0
0.6241448521614075 1
0.2781064510345459 0
0.5884369015693665 0
0.11582040786743164 0
0.14195466041564941 0
0.6309072971343994 1
0.059910740703344345 0
0.8728198409080505 0
0.5380270481109619 0
0.3603386878967285 0
0.6919112205505371 1
0.06840430200099945 0
0.9366183280944824 0
0.42012232542037964 0
0.4908439815044403 0
0.6344643831253052 1
0.1547304391860962 0
0.9913977980613708 0
0.2483494132757187 0
0.3046202063560486 0
0.6692103147506714 1
0.02278279885649681 0
0.3236774504184723 0
0.549789547920227 0
0.28661617636680603 0
0.6717135906219482 1
0.06794636696577072 0
0.3352651000022888 0
0.3426128625869751 0
0.25422465801239014 0
0.6630748510360718 1
0.034355856478214264 0
0.2995704114437103 0
0.2590068578720093 0
0.26301366090774536 0
0.6936944723129272 1
0.09601305425167084 0
0.32870423793792725 0
0.15974101424217224 0
0.1524663269519806 0
0.6691077947616577 1
0.06555947661399841 0
0.3142043352127075 0
0.1724921464920044 0
0.005358661990612745 0
0.6604134440422058 1
0.2492544949054718 0
0.3231627345085144 0
0.028232190757989883 0
0.14400318264961243 0
0.5574530363082886 1
0.00839996337890625 0
0.06600962579250336 0
0.2507029175758362 0
0.062425397336483 0
0.6179698705673218 1
0.003375973319634795 0
0.009496636688709259 0
0.04328444227576256 0
0.006827902980148792 0
0.3627210259437561 1
0.02962072193622589 0
0.19181209802627563 0
0.013572825118899345 0
0.008153337053954601 0
0.33916017413139343 1
0.313553124666214 0
0.33075863122940063 0
0.33318907022476196 0
0.08602114021778107 0
0.34014618396759033 1
0.1754709780216217 0
0.3319922387599945 0
0.33079221844673157 0
0.2819669246673584 0
0.337248295545578 1
0.3214554786682129 0
0.3325117230415344 0
0.06780131161212921 0
0.28946200013160706 0
0.3335534334182739 1
0.04539459943771362 0
0.26838481426239014 0
0.31507307291030884 0
0.02206365019083023 0
0.35281485319137573 1
0.040722280740737915 0
0.10832646489143372 0
0.20366358757019043 0
0.0722273737192154 0
0.5989931225776672 1
0.01205068826675415 0
0.08711322396993637 0
0.3194308280944824 0
0.13430505990982056 0
0.6734291911125183 1
0.585296630859375 0
0.6117128133773804 0
0.3425017297267914 0
0.14124080538749695 0
0.6844207644462585 1
0.27119842171669006 0
0.5229289531707764 0
0.3273051977157593 0
0.3324478268623352 0
0.8118538856506348 1
0.3218900263309479 0
0.3394108712673187 0
0.23995369672775269 0
0.12296190857887268 0
0.668501079082489 1
0.2503272294998169 0
0.2973248064517975 0
0.3571159541606903 0
0.02404492348432541 0
0.6736220121383667 1
0.2880183756351471 0
0.6403601169586182 0
0.31950199604034424 0
0.04404008388519287 0
0.8438645601272583 1
0.5912303924560547 0
0.9069578051567078 0
0.6617597937583923 0
0.12543323636054993 0
0.33340346813201904 1
0.5818659663200378 0
0.9518169164657593 0
0.36719414591789246 0
0.4952024817466736 0
0.34250038862228394 1
0.3590317964553833 0
0.9544667601585388 0
0.21695749461650848 0
0.3338542878627777 0
0.5575659275054932 1
0.3761001527309418 0
0.9796833992004395 0
0.2877528667449951 0
0.20427119731903076 0
0.43010827898979187 1
0.9370046854019165 0
0.9561631679534912 0
0.3310805559158325 0
0.13766786456108093 0
0.38200223445892334 1
0.5175115466117859 0
0.8677384257316589 0
0.2579582929611206 0
0.060885652899742126 0
0.652366042137146 1
0.5880864858627319 0
0.8125302195549011 0
0.6069188117980957 0
0.7126083374023438 0
0.6680208444595337 1
0.24876552820205688 0
0.2563241124153137 0
0.34225571155548096 0
0.1634848415851593 0
0.6592946648597717 1
0.2903727889060974 0
0.3375179171562195 0
0.47439509630203247 0
0.5019674897193909 0
0.9887000322341919 1
0.013571435585618019 0
0.3296681046485901 0
0.12936261296272278 0
0.34996482729911804 0
0.5113836526870728 1
0.0002636302378959954 0
0.2194833755493164 0
0.34869083762168884 0
0.015355168841779232 0
0.6578372716903687 1
0.04360345005989075 0
0.2863345444202423 0
0.31224021315574646 0
0.021995065733790398 0
0.9557017683982849 1
0.1720411479473114 0
0.014447176828980446 0
0.6459332704544067 0
0.01182408258318901 0
0.4794101119041443 1
0.33452877402305603 0
0.33338403701782227 0
0.3706572949886322 0
0.3085477948188782 0
0.690737247467041 1
0.27689993381500244 0
0.3341209888458252 0
0.3340933322906494 0
0.35160303115844727 0
0.586402177810669 1
0.09657725691795349 0
0.3320840299129486 0
0.10866662859916687 0
0.15761426091194153 0
0.6649731397628784 1
0.30148622393608093 0
0.5110727548599243 0
0.016925500705838203 0
0.0903174877166748 0
0.5126528739929199 1
0.32293105125427246 0
0.33353370428085327 0
0.33056026697158813 0
0.013038430362939835 0
0.8174700736999512 1
0.6631777286529541 0
0.866506814956665 0
0.6791776418685913 0
0.4658481776714325 0
0.38868820667266846 1
0.321270227432251 0
0.27390313148498535 0
0.34097254276275635 0
0.03375083953142166 0
0.6179055571556091 1
0.025847990065813065 0
0.3671156167984009 0
0.2925533056259155 0
0.2488088458776474 0
0.4423515498638153 1
0.03206957131624222 0
0.605063796043396 0
0.18211357295513153 0
0.14011849462985992 0
0.3304922580718994 1
0.13997212052345276 0
0.0501478910446167 0
0.13896313309669495 0
0.000343726685969159 0
0.5980193018913269 1
0.0578402541577816 0
0.03136695548892021 0
0.3149060904979706 0
0.023076966404914856 0
0.6472121477127075 1
0.16506679356098175 0
0.5146766304969788 0
0.5832849740982056 0
0.0042905043810606 0
