0.9375312328338623 1
0.041832488030195236 0
0.1112380251288414 0
0.050724394619464874 0
0.26559343934059143 0
0.6595409512519836 1
0.026738470420241356 0
0.11268039792776108 0
0.08999314904212952 0
0.5654144287109375 0
0.8871543407440186 1
0.06826317310333252 0
0.2700497508049011 0
0.04696674644947052 0
0.13897839188575745 0
0.9750766158103943 1
0.5051203966140747 0
0.7460294961929321 0
0.255440354347229 0
0.5969054698944092 0
0.9642165899276733 1
0.31101298332214355 0
0.4669768512248993 0
0.5914109945297241 0
0.7471377849578857 0
0.9857789278030396 1
0.6925262808799744 0
0.9223947525024414 0
0.580287516117096 0
0.7667641043663025 0
0.9083957672119141 1
0.15859127044677734 0
0.8066863417625427 0
0.0693928450345993 0
0.3972921073436737 0
0.9209246039390564 1
0.48498401045799255 0
0.0675169974565506 0
0.13716009259223938 0
0.6137884855270386 0
0.8239194750785828 1
0.4678231179714203 0
0.9087079763412476 0
0.04201071709394455 0
0.23562781512737274 0
0.9919301867485046 1
0.0680285394191742 0
0.11891914904117584 0
0.06244084984064102 0
0.5943959951400757 0
0.8612077236175537 1
0.2014399766921997 0
0.007802336942404509 0
0.36098402738571167 0
0.46403512358665466 0
0.9580771327018738 1
0.08368539065122604 0
0.27680009603500366 0
0.3683016896247864 0
0.8167381286621094 0
0.9637262225151062 1
0.14747272431850433 0
0.14955143630504608 0
0.09300601482391357 0
0.26190245151519775 0
0.9352409243583679 1
0.8720638751983643 0
0.6711678504943848 0
0.5900381207466125 0
0.9255605936050415 0
0.9416024088859558 1
0.21782651543617249 0
0.18944641947746277 0
0.45764726400375366 0
0.6727622747421265 0
0.8955421447753906 1
0.03562263026833534 0
0.30219829082489014 0
0.15728849172592163 0
0.5482338666915894 0
0.7454710006713867 1
0.05216479301452637 0
0.006644467823207378 0
0.9442543387413025 0
0.7456345558166504 0
0.9588083028793335 1
0.01696113869547844 0
0.7298790812492371 0
0.7825134992599487 0
0.6197689771652222 0
0.7743896842002869 1
0.0007442863425239921 0
0.008349601179361343 0
0.24714654684066772 0
0.29247531294822693 0
0.8175467252731323 1
0.004625109024345875 0
0.05514305457472801 0
0.024261608719825745 0
0.16951094567775726 0
0.5827752351760864 1
0.006645356770604849 0
0.019954053685069084 0
0.012538893148303032 0
0.01686822436749935 0
0.9546263217926025 1
0.08169297873973846 0
0.9427722692489624 0
0.5472940802574158 0
0.10999001562595367 0
0.9574522376060486 1
0.05453353375196457 0
0.8576110601425171 0
0.09932540357112885 0
0.4408235251903534 0
0.7612778544425964 1
0.0299887266010046 0
0.5012334585189819 0
0.013106903061270714 0
0.026072915643453598 0
0.9459210634231567 1
0.008138345554471016 0
0.20171797275543213 0
0.7106081247329712 0
0.7034260630607605 0
0.978683590888977 1
0.04017893224954605 0
0.5030829906463623 0
0.6904072761535645 0
0.8085646629333496 0
0.3896913230419159 1
0.032947711646556854 0
0.3440174460411072 0
0.05078337714076042 0
0.3525103032588959 0
0.8009285926818848 1
0.021020902320742607 0
0.649860143661499 0
0.7437195777893066 0
0.6260027885437012 0
0.9309179186820984 1
0.08363347500562668 0
0.5235111713409424 0
0.6511996984481812 0
0.29893457889556885 0
0.5937923192977905 1
0.005658327601850033 0
0.07249748706817627 0
0.07512693107128143 0
0.1762462854385376 0
0.9795252680778503 1
0.02634343132376671 0
0.312985360622406 0
0.058917202055454254 0
0.5405734181404114 0
0.9597684144973755 1
0.08009237796068192 0
0.26155155897140503 0
0.06692089140415192 0
0.016471194103360176 0
0.8324584364891052 1
0.013033408671617508 0
0.08004292845726013 0
0.004424650222063065 0
0.018998688086867332 0
0.6287230253219604 1
0.010139632038772106 0
0.46426793932914734 0
0.17348113656044006 0
0.056689582765102386 0
0.762024998664856 1
0.0023746234364807606 0
0.035266172140836716 0
0.12138758599758148 0
0.08876414597034454 0
0.33367687463760376 1
0.0032028607092797756 0
0.08601560443639755 0
0.0019300347194075584 0
0.008381679654121399 0
0.5703905820846558 1
0.00206444738432765 0
0.09725960344076157 0
0.12142510712146759 0
0.007190236356109381 0
0.5232946872711182 1
0.010890282690525055 0
0.33457380533218384 0
0.2936120629310608 0
0.23200327157974243 0
0.5355616211891174 1
0.07580545544624329 0
0.2896404564380646 0
0.09936963021755219 0
0.3792601525783539 0
0.2252431958913803 1
0.0021062667947262526 0
0.02092765085399151 0
0.08281528949737549 0
0.0038286251947283745 0
0.5590419769287109 1
0.001947595621459186 0
0.007164189592003822 0
0.010100191459059715 0
0.0007813718402758241 0
0.5718199610710144 1
0.0025005347561091185 0
0.017547909170389175 0
0.0071736606769263744 0
0.008964942768216133 0
0.9586412310600281 1
0.13162080943584442 0
0.6106797456741333 0
0.5839195251464844 0
0.00015578742022626102 0
0.9944958090782166 1
0.08585469424724579 0
0.8759998679161072 0
0.6258006691932678 0
0.10800551623106003 0
0.9673267602920532 1
0.23038798570632935 0
0.5545939207077026 0
0.028996195644140244 0
0.12174813449382782 0
0.7936875820159912 1
0.0005004644626751542 0
0.003501960774883628 0
0.34032517671585083 0
0.00240958109498024 0
0.8973395824432373 1
0.015571671538054943 0
0.6131722927093506 0
0.33953341841697693 0
0.005939343478530645 0
0.8380857706069946 1
0.14427058398723602 0
0.6801972389221191 0
0.5495572686195374 0
0.017309099435806274 0
0.4874938428401947 1
0.004460618831217289 0
0.012014455161988735 0
0.4157833456993103 0
0.15763582289218903 0
0.4535289704799652 1
0.2765401005744934 0
0.4877777099609375 0
0.030497442930936813 0
0.22889676690101624 0
0.4414118230342865 1
0.050193749368190765 0
0.45729726552963257 0
0.12827686965465546 0
0.07193715125322342 0
0.6101155877113342 1
0.009218265302479267 0
0.096957266330719 0
0.18139523267745972 0
0.015223721973598003 0
0.6871179342269897 1
0.12179978936910629 0
0.37760573625564575 0
0.031475722789764404 0
0.023477336391806602 0
0.8065857887268066 1
0.11058786511421204 0
0.5254119634628296 0
0.23511779308319092 0
0.6151979565620422 0
0.6909826993942261 1
0.0034613851457834244 0
0.2644089162349701 0
0.04258798807859421 0
0.0005006075953133404 0
0.7111753225326538 1
0.06440957635641098 0
0.5140068531036377 0
0.2034936398267746 0
0.3062214255332947 0
0.987165093421936 1
0.05025714635848999 0
0.28371304273605347 0
0.0905916690826416 0
0.5502009391784668 0
0.13055932521820068 1
0.009772613644599915 0
0.025304824113845825 0
0.2899494469165802 0
0.0026564118452370167 0
0.8994555473327637 1
0.006177105009555817 0
0.17275050282478333 0
0.32998907566070557 0
0.00023878869251348078 0
0.9699124693870544 1
0.0077520753256976604 0
0.1665882170200348 0
0.1618574559688568 0
0.0012907745549455285 0
0.768051266670227 1
0.13970427215099335 0
0.2335028499364853 0
0.03587473928928375 0
0.004946693778038025 0
0.8605513572692871 1
0.08269097656011581 0
0.38185203075408936 0
0.19631163775920868 0
0.4415137767791748 0
0.8953468203544617 1
0.010826069861650467 0
0.33270150423049927 0
0.016948344185948372 0
0.05313309282064438 0
0.7688878774642944 1
0.0017819565255194902 0
0.07176326960325241 0
0.0015900807920843363 0
0.008089268580079079 0
0.7504193186759949 1
0.006898680701851845 0
0.33136922121047974 0
0.024891193956136703 0
0.00025555535103194416 0
0.8805655241012573 1
0.466835081577301 0
0.7774733304977417 0
0.26119017601013184 0
0.007263178937137127 0
0.31374022364616394 1
0.0010866776574403048 0
0.41905367374420166 0
0.016271434724330902 0
0.00027211272390559316 0
0.7806607484817505 1
0.007170599885284901 0
0.6660457849502563 0
0.27744361758232117 0
0.08951329439878464 0
0.6339513659477234 1
0.033456362783908844 0
0.842557430267334 0
0.03247368335723877 0
0.09191733598709106 0
0.02339952066540718 1
0.000980456592515111 0
0.00183402793481946 0
0.18529635667800903 0
0.0002315382589586079 0
0.570087194442749 1
0.0037840078584849834 0
0.011800957843661308 0
0.08999674767255783 0
0.0008452953188680112 0
0.6879720687866211 1
0.02540484443306923 0
0.060972850769758224 0
0.17050985991954803 0
0.001626121113076806 0
