0.656517744064331 1
0.3159092664718628 0
0.32372912764549255 0
0.07967589795589447 0
0.5184251666069031 0
0.6808446645736694 1
0.04721652716398239 0
0.3653726577758789 0
0.28234225511550903 0
0.6256278157234192 0
0.643134593963623 1
0.32461538910865784 0
0.33640608191490173 0
0.30218663811683655 0
0.29943323135375977 0
0.9342014193534851 1
0.6459821462631226 0
0.7167438864707947 0
0.1433335542678833 0
0.602220892906189 0
0.9082024097442627 1
0.8343797922134399 0
0.7872511744499207 0
0.45926183462142944 0
0.8321681022644043 0
0.9862712621688843 1
0.8578278422355652 0
0.9582371711730957 0
0.3207136392593384 0
0.6336936354637146 0
0.7105647921562195 1
0.5046447515487671 0
0.9533443450927734 0
0.25493186712265015 0
0.33989936113357544 0
0.667871356010437 1
0.9264435172080994 0
0.36074206233024597 0
0.3413560092449188 0
0.6483975648880005 0
0.5014998316764832 1
0.7066802978515625 0
0.9734794497489929 0
0.31509244441986084 0
0.34882861375808716 0
0.9964816570281982 1
0.23471377789974213 0
0.33096086978912354 0
0.061392076313495636 0
0.6141453981399536 0
0.9755126237869263 1
0.09425559639930725 0
0.0747239738702774 0
0.5723795890808105 0
0.679079532623291 0
0.902929961681366 1
0.3267934322357178 0
0.31912320852279663 0
0.43464720249176025 0
0.6764416098594666 0
0.8924533128738403 1
0.26236656308174133 0
0.33869779109954834 0
0.20397023856639862 0
0.3288882076740265 0
0.8428186774253845 1
0.988021969795227 0
0.985237717628479 0
0.44568032026290894 0
0.9692463278770447 0
0.6848816871643066 1
0.3128959834575653 0
0.3379482626914978 0
0.35061562061309814 0
0.6347138285636902 0
0.6722581386566162 1
0.26853105425834656 0
0.6637699604034424 0
0.25684791803359985 0
0.3062915503978729 0
0.8854360580444336 1
0.6616405248641968 0
0.661178469657898 0
0.9232645034790039 0
0.7724122405052185 0
0.8778476715087891 1
0.15514245629310608 0
0.6206786632537842 0
0.535819411277771 0
0.6604658365249634 0
0.6327841281890869 1
0.0010370613308623433 0
0.02059311978518963 0
0.0877688080072403 0
0.08067692071199417 0
0.6131263971328735 1
0.006684929132461548 0
0.3194793164730072 0
0.0955890417098999 0
0.23055844008922577 0
0.6429172158241272 1
0.05129490792751312 0
0.31864437460899353 0
0.2482297420501709 0
0.1607808768749237 0
0.6672563552856445 1
0.0970277339220047 0
0.6717585325241089 0
0.3098383843898773 0
0.03492329269647598 0
0.6706850528717041 1
0.20963768661022186 0
0.6666738390922546 0
0.2361142486333847 0
0.17454533278942108 0
0.6159815788269043 1
0.2936075031757355 0
0.6143433451652527 0
0.20597440004348755 0
0.2419254630804062 0
0.6649157404899597 1
0.04380922019481659 0
0.9442417025566101 0
0.5607181787490845 0
0.33962583541870117 0
0.6738123297691345 1
0.07646593451499939 0
0.953117311000824 0
0.46687108278274536 0
0.51976078748703 0
0.6137000918388367 1
0.24215352535247803 0
0.9641512632369995 0
0.21492904424667358 0
0.3699355721473694 0
0.6591559052467346 1
0.016446515917778015 0
0.22848545014858246 0
0.4967946410179138 0
0.41236168146133423 0
0.6703011989593506 1
0.06758901476860046 0
0.34488818049430847 0
0.3456498384475708 0
0.30391016602516174 0
0.6410106420516968 1
0.06807318329811096 0
0.3659621477127075 0
0.2948426306247711 0
0.3372785747051239 0
0.6852182149887085 1
0.12688301503658295 0
0.330913782119751 0
0.12765054404735565 0
0.2073071002960205 0
0.6687909364700317 1
0.19155412912368774 0
0.3813265562057495 0
0.0901511013507843 0
0.006573657505214214 0
0.6738054156303406 1
0.2691280245780945 0
0.3232221007347107 0
0.08895337581634521 0
0.2086406648159027 0
0.6182637214660645 1
0.01359060313552618 0
0.14239278435707092 0
0.28655821084976196 0
0.08939407765865326 0
0.6346539258956909 1
0.006819848902523518 0
0.0179312564432621 0
0.07684288173913956 0
0.028254961594939232 0
0.3598760962486267 1
0.03070366010069847 0
0.24192701280117035 0
0.03801148757338524 0
0.0531146377325058 0
0.35220158100128174 1
0.24888336658477783 0
0.33070462942123413 0
0.33307787775993347 0
0.0839938223361969 0
0.34178611636161804 1
0.14832767844200134 0
0.3345087766647339 0
0.32891541719436646 0
0.320057213306427 0
0.36196547746658325 1
0.32769179344177246 0
0.3350757360458374 0
0.05349278450012207 0
0.32349491119384766 0
0.3440079391002655 1
0.010262987576425076 0
0.26055431365966797 0
0.3279721438884735 0
0.026495929807424545 0
0.3536779582500458 1
0.01607484370470047 0
0.07398967444896698 0
0.2962341606616974 0
0.047500573098659515 0
0.615615725517273 1
0.04234836995601654 0
0.23416057229042053 0
0.3090793192386627 0
0.1839022934436798 0
0.7479010820388794 1
0.5717477798461914 0
0.6519209146499634 0
0.4204973578453064 0
0.18588471412658691 0
0.7680997848510742 1
0.2444642037153244 0
0.5798059701919556 0
0.3356509804725647 0
0.35466742515563965 0
0.9034063220024109 1
0.37906575202941895 0
0.4691070020198822 0
0.13572706282138824 0
0.17537884414196014 0
0.6664132475852966 1
0.1434137374162674 0
0.2846510410308838 0
0.34691786766052246 0
0.04422092065215111 0
0.6737689971923828 1
0.13749977946281433 0
0.6102287769317627 0
0.33106550574302673 0
0.09335556626319885 0
0.9121135473251343 1
0.5991911292076111 0
0.9093283414840698 0
0.6544582843780518 0
0.11751233041286469 0
0.33366164565086365 1
0.4017776846885681 0
0.810839056968689 0
0.47415316104888916 0
0.469015896320343 0
0.3655875325202942 1
0.36947113275527954 0
0.7599743604660034 0
0.1985262632369995 0
0.3477027118206024 0
0.5147114992141724 1
0.6026224493980408 0
0.9832305908203125 0
0.2522224485874176 0
0.33372196555137634 0
0.5482323169708252 1
0.6542372107505798 0
0.9342421293258667 0
0.5672436952590942 0
0.2736269235610962 0
0.4391143023967743 1
0.4283350706100464 0
0.7315964698791504 0
0.2303316593170166 0
0.055223703384399414 0
0.6416281461715698 1
0.5571183562278748 0
0.7414126396179199 0
0.5800042748451233 0
0.6686095595359802 0
0.7262386083602905 1
0.2757818102836609 0
0.3207955062389374 0
0.4679592251777649 0
0.2064027488231659 0
0.6659237146377563 1
0.28196269273757935 0
0.3857845067977905 0
0.47640591859817505 0
0.5765194892883301 0
0.9824508428573608 1
0.05366605520248413 0
0.3312751054763794 0
0.27468442916870117 0
0.45778149366378784 0
0.5889981985092163 1
0.00023603798763360828 0
0.32851430773735046 0
0.3671816289424896 0
0.009589956142008305 0
0.6672649383544922 1
0.009270920418202877 0
0.3215959668159485 0
0.33327576518058777 0
0.017550423741340637 0
0.9795524477958679 1
0.14179213345050812 0
0.250387966632843 0
0.6397677659988403 0
0.031114866957068443 0
0.48901885747909546 1
0.33965742588043213 0
0.33342477679252625 0
0.37724220752716064 0
0.32919180393218994 0
0.6617788076400757 1
0.2874121069908142 0
0.35719722509384155 0
0.3325771391391754 0
0.41432902216911316 0
0.5833267569541931 1
0.1805867999792099 0
0.33200377225875854 0
0.2682766318321228 0
0.29802829027175903 0
0.668424129486084 1
0.29761025309562683 0
0.6714229583740234 0
0.027171624824404716 0
0.06883478164672852 0
0.6327954530715942 1
0.2546009421348572 0
0.33604463934898376 0
0.33293241262435913 0
0.02216322533786297 0
0.8107489347457886 1
0.6663633584976196 0
0.9727782607078552 0
0.6652063131332397 0
0.4597243666648865 0
0.46891161799430847 1
0.2730354368686676 0
0.23814015090465546 0
0.34011197090148926 0
0.1057949960231781 0
0.6414839029312134 1
0.010173562914133072 0
0.35734623670578003 0
0.16405364871025085 0
0.14610427618026733 0
0.5306166410446167 1
0.02721564844250679 0
0.5098847150802612 0
0.24995777010917664 0
0.010391129180788994 0
0.33608025312423706 1
0.04500313103199005 0
0.024714305996894836 0
0.17936044931411743 0
0.0003825110325124115 0
0.6252723932266235 1
0.006516310386359692 0
0.09894375503063202 0
0.31379973888397217 0
0.019328225404024124 0
0.6385179758071899 1
0.07773935794830322 0
0.466078519821167 0
0.5486608147621155 0
0.0094816405326128 0
