0.666277289390564 1
0.31139063835144043 0
0.3247194290161133 0
0.24081891775131226 0
0.4338882565498352 0
0.6574726700782776 1
0.030583631247282028 0
0.35980552434921265 0
0.3085135519504547 0
0.6041868329048157 0
0.5189423561096191 1
0.3153553009033203 0
0.33481892943382263 0
0.28904902935028076 0
0.32981184124946594 0
0.9097967147827148 1
0.5498558282852173 0
0.672317624092102 0
0.18519216775894165 0
0.6231696009635925 0
0.898427426815033 1
0.7060908675193787 0
0.7531739473342896 0
0.5182018280029297 0
0.7356115579605103 0
0.9658920168876648 1
0.7454322576522827 0
0.8802613019943237 0
0.37568649649620056 0
0.629330575466156 0
0.6846681833267212 1
0.5064773559570312 0
0.9607957601547241 0
0.34261637926101685 0
0.2899503707885742 0
0.6689999103546143 1
0.9337133169174194 0
0.349306583404541 0
0.32995545864105225 0
0.6395025849342346 0
0.38919493556022644 1
0.9001724123954773 0
0.9942901134490967 0
0.2968600392341614 0
0.321417897939682 0
0.9854590892791748 1
0.2306700348854065 0
0.3307919502258301 0
0.057889174669981 0
0.6730211973190308 0
0.9628243446350098 1
0.2617103159427643 0
0.1491270363330841 0
0.36250466108322144 0
0.6082369089126587 0
0.8960727453231812 1
0.32652318477630615 0
0.3339397609233856 0
0.3508985936641693 0
0.6514670252799988 0
0.7935785055160522 1
0.2520609498023987 0
0.3368610143661499 0
0.18355338275432587 0
0.297418475151062 0
0.7394067645072937 1
0.9697185754776001 0
0.9621288776397705 0
0.3804870545864105 0
0.8786212801933289 0
0.7067782878875732 1
0.2713676691055298 0
0.3363569974899292 0
0.32910478115081787 0
0.5383082628250122 0
0.6601163148880005 1
0.14924001693725586 0
0.5306777954101562 0
0.2665793001651764 0
0.20250847935676575 0
0.8342996835708618 1
0.6635671854019165 0
0.6421158313751221 0
0.9680521488189697 0
0.6085511445999146 0
0.8064531683921814 1
0.19265666604042053 0
0.6464099884033203 0
0.39603590965270996 0
0.5774737596511841 0
0.6143765449523926 1
0.0006511963438242674 0
0.01300145871937275 0
0.15496952831745148 0
0.09675608575344086 0
0.5660874247550964 1
0.00422245729714632 0
0.2593822479248047 0
0.06630013138055801 0
0.17708316445350647 0
0.6102723479270935 1
0.0247783400118351 0
0.31968748569488525 0
0.1633351445198059 0
0.1856067031621933 0
0.6795370578765869 1
0.06804825365543365 0
0.7183663249015808 0
0.3474852740764618 0
0.010814569890499115 0
0.6747344732284546 1
0.06324322521686554 0
0.6528208255767822 0
0.20625077188014984 0
0.1389191448688507 0
0.616239070892334 1
0.25515690445899963 0
0.5999854207038879 0
0.13996292650699615 0
0.19806985557079315 0
0.6614052653312683 1
0.03548736497759819 0
0.9245781898498535 0
0.6041170954704285 0
0.3946797251701355 0
0.7014486193656921 1
0.0411309152841568 0
0.9083425402641296 0
0.5116438865661621 0
0.5750898718833923 0
0.6148850321769714 1
0.44364166259765625 0
0.9907979369163513 0
0.16123516857624054 0
0.3653375804424286 0
0.6694321632385254 1
0.030259888619184494 0
0.3389277160167694 0
0.5953675508499146 0
0.4684450030326843 0
0.6773995161056519 1
0.04133612662553787 0
0.3401728570461273 0
0.35831886529922485 0
0.2638811469078064 0
0.6651558876037598 1
0.0325092151761055 0
0.36219292879104614 0
0.2606554925441742 0
0.3345498740673065 0
0.7068244814872742 1
0.19947904348373413 0
0.56180340051651 0
0.18061307072639465 0
0.2577701807022095 0
0.6805726289749146 1
0.19144558906555176 0
0.32558250427246094 0
0.1859757900238037 0
0.003862022887915373 0
0.6705722808837891 1
0.17386272549629211 0
0.3412178158760071 0
0.0758434608578682 0
0.20407620072364807 0
0.6398184299468994 1
0.021438978612422943 0
0.3412817716598511 0
0.34878966212272644 0
0.15979373455047607 0
0.6578123569488525 1
0.005360523238778114 0
0.03964840993285179 0
0.12467053532600403 0
0.027976274490356445 0
0.3783210217952728 1
0.0926109254360199 0
0.33043956756591797 0
0.02119414508342743 0
0.03298742696642876 0
0.3402370810508728 1
0.3196572959423065 0
0.3280718922615051 0
0.3331776261329651 0
0.16030776500701904 0
0.335213303565979 1
0.04792588949203491 0
0.3331325054168701 0
0.33141055703163147 0
0.3309752643108368 0
0.3482931852340698 1
0.3062402307987213 0
0.33625614643096924 0
0.1827344298362732 0
0.25664830207824707 0
0.33339616656303406 1
0.012999279424548149 0
0.3134312927722931 0
0.31944331526756287 0
0.01400933787226677 0
0.4209349751472473 1
0.018883809447288513 0
0.05170675367116928 0
0.27098891139030457 0
0.05677482485771179 0
0.592128336429596 1
0.02173936367034912 0
0.17198549211025238 0
0.3223203420639038 0
0.20687174797058105 0
0.6802600622177124 1
0.5302621722221375 0
0.5668535828590393 0
0.33907192945480347 0
0.23274587094783783 0
0.6925179362297058 1
0.1927655041217804 0
0.5101599097251892 0
0.3440791964530945 0
0.37283748388290405 0
0.7974032759666443 1
0.41599828004837036 0
0.37000545859336853 0
0.1567242294549942 0
0.16166147589683533 0
0.6676937937736511 1
0.22771164774894714 0
0.34310194849967957 0
0.33803123235702515 0
0.026484986767172813 0
0.6766210794448853 1
0.2811897099018097 0
0.5520936250686646 0
0.3303450345993042 0
0.12816308438777924 0
0.90281742811203 1
0.5966682434082031 0
0.8761927485466003 0
0.6600016951560974 0
0.09882870316505432 0
0.3363415002822876 1
0.616411566734314 0
0.9006399512290955 0
0.33415958285331726 0
0.4020640552043915 0
0.35218316316604614 1
0.26558637619018555 0
0.90363609790802 0
0.1600097119808197 0
0.3208562731742859 0
0.4992520213127136 1
0.4244903326034546 0
0.9728171825408936 0
0.13786177337169647 0
0.09723356366157532 0
0.35625991225242615 1
0.8233593702316284 0
0.9353078603744507 0
0.20786049962043762 0
0.11146439611911774 0
0.36064574122428894 1
0.3644198775291443 0
0.8775888681411743 0
0.30319201946258545 0
0.08827614784240723 0
0.6529431343078613 1
0.46860194206237793 0
0.7458063960075378 0
0.6196901798248291 0
0.718597412109375 0
0.6606121063232422 1
0.0643085315823555 0
0.28373920917510986 0
0.34785398840904236 0
0.1754152625799179 0
0.6508790254592896 1
0.30455681681632996 0
0.35587167739868164 0
0.44631218910217285 0
0.44481295347213745 0
0.8787683248519897 1
0.2559302747249603 0
0.3352352976799011 0
0.30424565076828003 0
0.5415933132171631 0
0.514424741268158 1
0.00010404275235487148 0
0.2796007990837097 0
0.36808082461357117 0
0.012462230399250984 0
0.6633375287055969 1
0.02034834772348404 0
0.3214768171310425 0
0.3351432681083679 0
0.040824487805366516 0
0.9683564901351929 1
0.13806071877479553 0
0.323305606842041 0
0.6512620449066162 0
0.13861118257045746 0
0.38602572679519653 1
0.33635103702545166 0
0.33335134387016296 0
0.34033268690109253 0
0.3234947919845581 0
0.41861459612846375 1
0.32473957538604736 0
0.33484750986099243 0
0.3449206054210663 0
0.4203413426876068 0
0.5412020087242126 1
0.12391124665737152 0
0.3340156674385071 0
0.22599756717681885 0
0.23961374163627625 0
0.6332433223724365 1
0.1691540777683258 0
0.6417959928512573 0
0.012183661572635174 0
0.0524110421538353 0
0.4720752239227295 1
0.2897906005382538 0
0.3334542512893677 0
0.3163641691207886 0
0.013966776430606842 0
0.8246049284934998 1
0.6562050580978394 0
0.9594707489013672 0
0.6638059020042419 0
0.46900853514671326 0
0.4975295662879944 1
0.32463008165359497 0
0.27715378999710083 0
0.3429986238479614 0
0.10421271622180939 0
0.6362285017967224 1
0.030025243759155273 0
0.2564903497695923 0
0.28712043166160583 0
0.2805405855178833 0
0.622121274471283 1
0.1284864842891693 0
0.6210328340530396 0
0.041315264999866486 0
0.1392693966627121 0
0.38518375158309937 1
0.10773523896932602 0
0.07888025790452957 0
0.29589152336120605 0
0.0007206185255199671 0
0.5837909579277039 1
0.014577653259038925 0
0.06568177044391632 0
0.32650673389434814 0
0.029535001143813133 0
0.7014956474304199 1
0.2761596739292145 0
0.5673319101333618 0
0.6257515549659729 0
0.058171309530735016 0
