0.1128837987780571 1
0.48774808645248413 1
0.14457812905311584 1
0.6449745893478394 1
0.05999324843287468 1
0.5035330057144165 1
0.6775573492050171 1
0.0012370049953460693 1
0.6613222360610962 1
0.1481764316558838 1
0.43217039108276367 1
0.01259666495025158 1
0.5421320796012878 1
0.5663425326347351 1
0.9326578378677368 1
0.2948918342590332 1
0.0010547528509050608 1
0.5615172386169434 1
0.02312326245009899 1
0.8361837267875671 1
0.3154640793800354 1
0.339816689491272 1
0.9057923555374146 1
0.001648673671297729 0
0.0017557343235239387 0
0.6641174554824829 0
0.0005163513706065714 0
0.04721727594733238 0
0.2060399055480957 0
0.00025822987663559616 0
0.0011922988342121243 0
0.23728817701339722 0
0.013404577039182186 0
0.0335545614361763 0
0.6975828409194946 0
0.0001170718387584202 0
0.00032461941009387374 0
0.6859620809555054 0
0.004539270885288715 0
0.00011411057494115084 0
0.6525105237960815 0
0.0011492022313177586 0
0.003847495187073946 0
0.6569238901138306 0
0.04304248094558716 0
0.0049829245544970036 0
0.3484986424446106 0
0.0006275600753724575 0
0.007771444506943226 0
0.3301728665828705 0
0.0009922636672854424 0
0.00107709807343781 0
0.31470179557800293 0
0.004923346918076277 0
0.008529562503099442 0
0.30672940611839294 0
0.0021276939660310745 0
0.01068322267383337 0
0.33897751569747925 0
0.0011253354605287313 0
0.003925645723938942 0
0.3256499171257019 0
0.0005147564224898815 0
0.006470066495239735 0
0.2995263338088989 0
0.013112678192555904 0
0.000954768096562475 0
0.45315486192703247 0
0.0032838922925293446 0
0.002744772005826235 0
0.36815327405929565 0
0.024543412029743195 0
0.015438108704984188 0
0.3979467749595642 0
0.00022550142602995038 0
0.008761928416788578 0
0.296225905418396 0
0.0003518133598845452 0
0.00035784224746748805 0
0.4124901294708252 0
0.010930446907877922 0
0.0017398814670741558 0
0.5071299076080322 0
0.009140005335211754 0
0.04622374102473259 0
0.28307974338531494 0
0.001339623937383294 0
0.0018938154680654407 0
0.6333609819412231 0
0.03585806488990784 0
0.00104240863583982 0
0.713899552822113 0
0.6901329755783081 1
0.8493850231170654 1
0.5585274696350098 1
0.6992796659469604 1
0.7599165439605713 1
0.8118698596954346 1
0.8558493852615356 1
0.908961296081543 1
0.7610368132591248 1
0.3516894578933716 1
0.594443678855896 1
0.743280827999115 1
0.40552183985710144 1
0.39964303374290466 1
0.525065004825592 1
0.36190807819366455 1
0.7680513262748718 1
0.3583638072013855 1
0.36714014410972595 1
0.17777857184410095 1
0.5707294940948486 1
0.6871251463890076 1
0.5527825355529785 1
