0.13562631607055664 1
0.16954031586647034 1
0.17559108138084412 1
0.215696319937706 1
0.12727797031402588 1
0.13058750331401825 1
0.15834516286849976 1
0.09576809406280518 1
0.12518048286437988 1
0.15075446665287018 1
0.15354183316230774 1
0.14372996985912323 1
0.1918889880180359 1
0.17397597432136536 1
0.21060770750045776 1
0.12809012830257416 1
0.15572893619537354 1
0.19490687549114227 1
0.1344415843486786 1
0.176376074552536 1
0.17095129191875458 1
0.20505556464195251 1
0.20871083438396454 1
0.13471923768520355 0
0.15168912708759308 0
0.1700100600719452 0
0.12582753598690033 0
0.13515016436576843 0
0.11146992444992065 0
0.07260942459106445 0
0.06248621270060539 0
0.12491487711668015 0
0.09499632567167282 0
0.09258778393268585 0
0.18633173406124115 0
0.07946157455444336 0
0.07992633432149887 0
0.1831636279821396 0
0.10934721678495407 0
0.11134185642004013 0
0.13208886981010437 0
0.10837604850530624 0
0.0902838334441185 0
0.12444093078374863 0
0.13544127345085144 0
0.07826381921768188 0
0.10595434904098511 0
0.080703005194664 0
0.08050411194562912 0
0.130751371383667 0
0.10484427213668823 0
0.13575315475463867 0
0.10698353499174118 0
0.06737548112869263 0
0.08466808497905731 0
0.09504245221614838 0
0.12313896417617798 0
0.09959521144628525 0
0.17477773129940033 0
0.12195494771003723 0
0.12376384437084198 0
0.1790628284215927 0
0.08123461157083511 0
0.12241606414318085 0
0.1247403547167778 0
0.10384764522314072 0
0.07882536947727203 0
0.19016019999980927 0
0.12790259718894958 0
0.09486009180545807 0
0.1405227780342102 0
0.14472608268260956 0
0.12440856546163559 0
0.21509383618831635 0
0.09589628875255585 0
0.10399088263511658 0
0.13163715600967407 0
0.054517120122909546 0
0.08024358004331589 0
0.13065502047538757 0
0.078166164457798 0
0.07078413665294647 0
0.12276963889598846 0
0.09366200864315033 0
0.13390803337097168 0
0.11343199014663696 0
0.1288895606994629 0
0.1129121333360672 0
0.14696401357650757 0
0.1511513590812683 0
0.16884693503379822 0
0.1903342604637146 0
0.16618600487709045 1
0.2047482579946518 1
0.19086933135986328 1
0.20215676724910736 1
0.22942662239074707 1
0.17624853551387787 1
0.1723964810371399 1
0.18336616456508636 1
0.1462104320526123 1
0.1361646056175232 1
0.10832725465297699 1
0.18609929084777832 1
0.17417936027050018 1
0.16880512237548828 1
0.21011579036712646 1
0.15562203526496887 1
0.1551523655653 1
0.13169525563716888 1
0.15987160801887512 1
0.17208489775657654 1
0.19802138209342957 1
0.16381306946277618 1
0.18863818049430847 1
