0.16775479912757874 1
0.4848848581314087 1
0.08926548808813095 1
0.37001991271972656 1
0.02710048109292984 1
0.4259733557701111 1
0.849626898765564 1
0.01812128722667694 1
0.4117361903190613 1
0.1367902308702469 1
0.3562167286872864 1
0.22523769736289978 1
0.5545650720596313 1
0.5577520132064819 1
0.9172398447990417 1
0.28701722621917725 1
0.014401741325855255 1
0.4475504159927368 1
0.06860502064228058 1
0.8399448394775391 1
0.2948646545410156 1
0.2780415117740631 1
0.6862503886222839 1
0.0018396945670247078 0
0.002587794791907072 0
0.608242928981781 0
0.0017475499771535397 0
0.033140771090984344 0
0.32171356678009033 0
0.0007453036960214376 0
0.0011370561551302671 0
0.21603839099407196 0
0.01197032630443573 0
0.020056018605828285 0
0.8728113174438477 0
9.209220297634602e-05 0
0.00021055438264738768 0
0.37927722930908203 0
0.0008192308596335351 0
0.00014189135981723666 0
0.29826459288597107 0
0.0002512368082534522 0
0.009583267383277416 0
0.35493582487106323 0
0.011945399455726147 0
0.003993753343820572 0
0.37403976917266846 0
0.0006959252059459686 0
0.006779893301427364 0
0.3414649963378906 0
0.0008121830178424716 0
0.004657619632780552 0
0.32889997959136963 0
0.0017783609218895435 0
0.011885101906955242 0
0.3268287181854248 0
0.009610523469746113 0
0.019893521443009377 0
0.3524303436279297 0
0.012468034401535988 0
0.000740847026463598 0
0.32514405250549316 0
0.0017052215989679098 0
0.010994412004947662 0
0.336504191160202 0
0.030553892254829407 0
0.0030390440952032804 0
0.5690826773643494 0
0.0033984824549406767 0
0.004450816661119461 0
0.40558600425720215 0
0.0732041448354721 0
0.020041292533278465 0
0.38362962007522583 0
0.0004873911093454808 0
0.024232884868979454 0
0.38626572489738464 0
0.0007061263895593584 0
0.002453569555655122 0
0.3461948335170746 0
0.004819907248020172 0
0.018876507878303528 0
0.5195116996765137 0
0.011347224935889244 0
0.025428203865885735 0
0.44123923778533936 0
0.002846643328666687 0
0.005698387511074543 0
0.6469298601150513 0
0.045306023210287094 0
0.001024510944262147 0
0.6819888353347778 0
0.674616277217865 1
0.8213983774185181 1
0.4251657724380493 1
0.6716651916503906 1
0.7139567732810974 1
0.87079256772995 1
0.827346920967102 1
0.9732251167297363 1
0.7557086944580078 1
0.411048024892807 1
0.6540176272392273 1
0.8641544580459595 1
0.3795918822288513 1
0.3900323808193207 1
0.4674456715583801 1
0.34212708473205566 1
0.7594254016876221 1
0.30497288703918457 1
0.4316123425960541 1
0.3127986788749695 1
0.6813100576400757 1
0.6886872053146362 1
0.5497719049453735 1
