0.3031490743160248 1
0.3234899044036865 1
0.05279805511236191 1
0.21443462371826172 1
0.007448449265211821 1
0.2056947946548462 1
0.7072243094444275 1
0.007190944626927376 1
0.26892203092575073 1
0.03880959749221802 1
0.23910850286483765 1
0.09345468133687973 1
0.21297839283943176 1
0.41058215498924255 1
0.8925204277038574 1
0.45762893557548523 1
0.0011864647967740893 1
0.11887137591838837 1
0.033324360847473145 1
0.4591479003429413 1
0.23696333169937134 1
0.3015296459197998 1
0.5932254791259766 1
0.0026980452239513397 0
0.00071048887912184 0
0.7354437708854675 0
0.0014781317440792918 0
0.012431684881448746 0
0.05234990641474724 0
0.0005083312280476093 0
0.0002532975631766021 0
0.051502078771591187 0
0.0030090135987848043 0
0.003463987959548831 0
0.870257556438446 0
0.00043551140697672963 0
0.00016091763973236084 0
0.904711127281189 0
0.00014346667740028352 0
0.0002339376078452915 0
0.7483806610107422 0
0.00047082718810997903 0
0.00020674674306064844 0
0.6788585186004639 0
0.0032237255945801735 0
0.0009528364753350616 0
0.25897693634033203 0
0.00019474307191558182 0
0.0016677381936460733 0
0.34659144282341003 0
0.0009504898334853351 0
0.003964701201766729 0
0.2139211893081665 0
0.0011458424851298332 0
0.001690336735919118 0
0.3225744366645813 0
0.0350334569811821 0
0.010461702942848206 0
0.38630104064941406 0
0.010461784899234772 0
0.0019177523208782077 0
0.4606383740901947 0
0.0012476372066885233 0
0.00810251571238041 0
0.29710638523101807 0
0.003609463106840849 0
0.002620288170874119 0
0.5756490230560303 0
0.012615444138646126 0
0.002978808945044875 0
0.7962686419487 0
0.03077065572142601 0
0.004996846430003643 0
0.7512452006340027 0
0.0017241424648091197 0
0.005501299165189266 0
0.37396642565727234 0
0.0006599280750378966 0
0.0009957329602912068 0
0.4362025260925293 0
0.016069460660219193 0
0.0018583808559924364 0
0.41295069456100464 0
0.0015325205167755485 0
0.0051552848890423775 0
0.26243871450424194 0
0.020641431212425232 0
0.004005001857876778 0
0.6824923753738403 0
0.06512922048568726 0
0.0016262456774711609 0
0.7835873961448669 0
0.8038653135299683 1
0.8674478530883789 1
0.2943265438079834 1
0.4957907199859619 1
0.9796242713928223 1
0.9700127840042114 1
0.984603762626648 1
0.9908765554428101 1
0.9287464618682861 1
0.35099685192108154 1
0.3739565312862396 1
0.8506299257278442 1
0.6329555511474609 1
0.4129713773727417 1
0.7378807067871094 1
0.31402403116226196 1
0.8976503610610962 1
0.5621718168258667 1
0.5371412038803101 1
0.48280319571495056 1
0.8913671970367432 1
0.8339332342147827 1
0.6333928108215332 1
