0.037146132439374924 1
0.4911317527294159 1
0.32507532835006714 1
0.383034348487854 1
0.24918720126152039 1
0.48669373989105225 1
0.7009432315826416 1
0.01101641170680523 1
0.6478757262229919 1
0.2142551839351654 1
0.5002118349075317 1
0.2259470820426941 1
0.46854934096336365 1
0.6501450538635254 1
0.9452987909317017 1
0.3283862769603729 1
0.004090305883437395 1
0.4944809079170227 1
0.025360971689224243 1
0.6385049819946289 1
0.32647669315338135 1
0.23291072249412537 1
0.7179032564163208 1
0.006365412380546331 0
0.003075504209846258 0
0.7204458713531494 0
0.0004488830454647541 0
0.07984072715044022 0
0.32526645064353943 0
0.0031366408802568913 0
0.0024058837443590164 0
0.280132532119751 0
0.021870708093047142 0
0.09450241923332214 0
0.8063207864761353 0
8.656075078761205e-05 0
0.0007619643583893776 0
0.6256821155548096 0
0.0010108377318829298 0
0.0002557800034992397 0
0.6245051622390747 0
0.0009057349525392056 0
0.0010618616361171007 0
0.6264985203742981 0
0.04078378528356552 0
0.02124739997088909 0
0.336973637342453 0
0.002738173119723797 0
0.026845425367355347 0
0.3317657709121704 0
0.0011949274921789765 0
0.002543739741668105 0
0.33384913206100464 0
0.008497778326272964 0
0.017971929162740707 0
0.32957661151885986 0
0.002012212760746479 0
0.014079047366976738 0
0.337988018989563 0
0.00903282966464758 0
0.001897252630442381 0
0.32570844888687134 0
0.0013560045044869184 0
0.02961062639951706 0
0.3463173806667328 0
0.050335079431533813 0
0.007760137319564819 0
0.5208806991577148 0
0.0010293159866705537 0
0.0026152674108743668 0
0.3561024069786072 0
0.02576565369963646 0
0.24082648754119873 0
0.38928836584091187 0
0.0007618910167366266 0
0.027989398688077927 0
0.4765235185623169 0
0.0014069662429392338 0
0.012240602634847164 0
0.39956730604171753 0
0.016185875982046127 0
0.0028540813364088535 0
0.6288586854934692 0
0.036106038838624954 0
0.048405297100543976 0
0.5584853887557983 0
0.00658439239487052 0
0.015110805630683899 0
0.6669540405273438 0
0.09630922973155975 0
0.001367173157632351 0
0.701766848564148 0
0.7228279113769531 1
0.8229466676712036 1
0.3777013421058655 1
0.7016295194625854 1
0.7153164744377136 1
0.8928711414337158 1
0.9114980697631836 1
0.9416201114654541 1
0.8021152019500732 1
0.4220758080482483 1
0.7078654170036316 1
0.7419823408126831 1
0.37386175990104675 1
0.5439216494560242 1
0.5868213176727295 1
0.3588167428970337 1
0.7851293087005615 1
0.41690322756767273 1
0.574998140335083 1
0.3372766673564911 1
0.7320021986961365 1
0.5754492282867432 1
0.6061912775039673 1
