0.6687666773796082 1
0.2995324730873108 0
0.3192442059516907 0
0.19259172677993774 0
0.40182384848594666 0
0.6532598733901978 1
0.07769875973463058 0
0.2939152717590332 0
0.16440579295158386 0
0.5411827564239502 0
0.6017248630523682 1
0.3081774115562439 0
0.3383858799934387 0
0.33077338337898254 0
0.3316139578819275 0
0.920016884803772 1
0.6435905694961548 0
0.5173653364181519 0
0.10026711225509644 0
0.5255184769630432 0
0.8673442602157593 1
0.47659558057785034 0
0.7029563784599304 0
0.38761311769485474 0
0.7681103944778442 0
0.9703558683395386 1
0.6486412882804871 0
0.5503100752830505 0
0.3257562220096588 0
0.6357495784759521 0
0.7789978384971619 1
0.6069419384002686 0
0.9402450323104858 0
0.3229783773422241 0
0.428760290145874 0
0.6640822291374207 1
0.612373411655426 0
0.3380119204521179 0
0.3196050822734833 0
0.6541562080383301 0
0.3468315005302429 1
0.6588537096977234 0
0.9319217205047607 0
0.32107269763946533 0
0.33351561427116394 0
0.9842521548271179 1
0.03289846330881119 0
0.2879444360733032 0
0.003062613308429718 0
0.6709257364273071 0
0.9341851472854614 1
0.05800626799464226 0
0.10234422981739044 0
0.34599506855010986 0
0.6089786291122437 0
0.9078600406646729 1
0.31668102741241455 0
0.3153928518295288 0
0.35689160227775574 0
0.7244340777397156 0
0.8933981657028198 1
0.3914559483528137 0
0.321529358625412 0
0.20195065438747406 0
0.31409701704978943 0
0.9016973376274109 1
0.914598822593689 0
0.9722038507461548 0
0.4211145341396332 0
0.9287692904472351 0
0.6938208341598511 1
0.3288147449493408 0
0.3341313302516937 0
0.341797411441803 0
0.5330922603607178 0
0.6649187803268433 1
0.1869906485080719 0
0.6558017730712891 0
0.254230260848999 0
0.15812329947948456 0
0.900225818157196 1
0.6368412375450134 0
0.6436352133750916 0
0.911888599395752 0
0.5007171630859375 0
0.7711011171340942 1
0.15696534514427185 0
0.6494916081428528 0
0.36047226190567017 0
0.6729864478111267 0
0.6188355684280396 1
0.002048374153673649 0
0.025430811569094658 0
0.2209549993276596 0
0.054696209728717804 0
0.5679473280906677 1
0.011821206659078598 0
0.30461281538009644 0
0.07675755769014359 0
0.26895439624786377 0
0.421958863735199 1
0.044553935527801514 0
0.3125971853733063 0
0.23013094067573547 0
0.17260265350341797 0
0.6689194440841675 1
0.14243292808532715 0
0.6912857890129089 0
0.33465516567230225 0
0.033261124044656754 0
0.6736921668052673 1
0.19266514480113983 0
0.6462634801864624 0
0.26667624711990356 0
0.23776894807815552 0
0.4200173318386078 1
0.2933052182197571 0
0.5662739872932434 0
0.16283950209617615 0
0.21302270889282227 0
0.6561028957366943 1
0.04352966696023941 0
0.9645448923110962 0
0.5299587249755859 0
0.3371763229370117 0
0.670577883720398 1
0.05109299719333649 0
0.8563570976257324 0
0.4420914649963379 0
0.5495073199272156 0
0.43685346841812134 1
0.18796896934509277 0
0.9411797523498535 0
0.2821497321128845 0
0.4335128664970398 0
0.6556397676467896 1
0.016962101683020592 0
0.35547035932540894 0
0.5002482533454895 0
0.3870287835597992 0
0.701413094997406 1
0.0765981376171112 0
0.3453882932662964 0
0.3578372597694397 0
0.38262006640434265 0
0.5915427803993225 1
0.030227361246943474 0
0.1661626696586609 0
0.2850581407546997 0
0.31603366136550903 0
0.7457857131958008 1
0.19134029746055603 0
0.3354431390762329 0
0.11379128694534302 0
0.22753266990184784 0
0.676153838634491 1
0.15471480786800385 0
0.32220637798309326 0
0.1685047596693039 0
0.010279781185090542 0
0.6709549427032471 1
0.26580801606178284 0
0.307112455368042 0
0.041187405586242676 0
0.17636233568191528 0
0.4782916307449341 1
0.00938343070447445 0
0.05354158580303192 0
0.3122619390487671 0
0.060985367745161057 0
0.5578325390815735 1
0.013804822228848934 0
0.02588055282831192 0
0.1498441845178604 0
0.04731404408812523 0
0.3107832670211792 1
0.05428992211818695 0
0.15124711394309998 0
0.02576109580695629 0
0.03567695990204811 0
0.33888980746269226 1
0.3059512972831726 0
0.32833191752433777 0
0.3330311179161072 0
0.0720311775803566 0
0.3476315140724182 1
0.2955809533596039 0
0.33828839659690857 0
0.3524530529975891 0
0.26668331027030945 0
0.3400673568248749 1
0.2852517366409302 0
0.3272539973258972 0
0.15642550587654114 0
0.2984819710254669 0
0.3434576988220215 1
0.007980193942785263 0
0.28786501288414 0
0.32799032330513 0
0.01747715286910534 0
0.45630449056625366 1
0.008767782710492611 0
0.13508066534996033 0
0.3068864941596985 0
0.0911790132522583 0
0.5897881388664246 1
0.012752460315823555 0
0.12690415978431702 0
0.329230934381485 0
0.22681483626365662 0
0.7580804228782654 1
0.5545472502708435 0
0.6381750106811523 0
0.3386540114879608 0
0.2506435215473175 0
0.6995726823806763 1
0.35517629981040955 0
0.6033387780189514 0
0.41248032450675964 0
0.36964869499206543 0
0.8562304973602295 1
0.3731881380081177 0
0.3664173483848572 0
0.1856599897146225 0
0.10807445645332336 0
0.6615728735923767 1
0.21688233315944672 0
0.31649112701416016 0
0.3568074405193329 0
0.02126353234052658 0
0.6785529851913452 1
0.2517724335193634 0
0.43514448404312134 0
0.32863709330558777 0
0.1003408282995224 0
0.8389456272125244 1
0.5544036030769348 0
0.7828077673912048 0
0.6469581127166748 0
0.1209346354007721 0
0.3347816467285156 1
0.31428062915802 0
0.6664506196975708 0
0.34637516736984253 0
0.5978085994720459 0
0.3698219656944275 1
0.38953739404678345 0
0.7260289192199707 0
0.2776523530483246 0
0.44280219078063965 0
0.5363075137138367 1
0.3231862783432007 0
0.9148344993591309 0
0.20052862167358398 0
0.08601480722427368 0
0.43082353472709656 1
0.6537249088287354 0
0.8956844806671143 0
0.3957452178001404 0
0.06173209100961685 0
0.35343921184539795 1
0.45111680030822754 0
0.7261704802513123 0
0.2639874219894409 0
0.11403241753578186 0
0.6374119520187378 1
0.4963042438030243 0
0.6916148662567139 0
0.5508005619049072 0
0.6587562561035156 0
0.6737737059593201 1
0.29084277153015137 0
0.3283202648162842 0
0.33774054050445557 0
0.22235631942749023 0
0.6587590575218201 1
0.0703793466091156 0
0.3648098111152649 0
0.3102116286754608 0
0.6146866679191589 0
0.9695830345153809 1
0.015011657029390335 0
0.30824336409568787 0
0.04970069229602814 0
0.4865569472312927 0
0.5378186702728271 1
0.00018739225924946368 0
0.287467896938324 0
0.34679728746414185 0
0.013286786153912544 0
0.6640552878379822 1
0.03815632686018944 0
0.2803933024406433 0
0.3338276147842407 0
0.02188814990222454 0
0.9743584990501404 1
0.16775023937225342 0
0.2110302746295929 0
0.6488381028175354 0
0.02144473046064377 0
0.44476592540740967 1
0.3374731242656708 0
0.333513468503952 0
0.36996638774871826 0
0.2651989459991455 0
0.4566131830215454 1
0.33496683835983276 0
0.3398318886756897 0
0.36574453115463257 0
0.37397223711013794 0
0.5597933530807495 1
0.06510823965072632 0
0.32738685607910156 0
0.08506356179714203 0
0.13390633463859558 0
0.6564229726791382 1
0.32306843996047974 0
0.543535590171814 0
0.021687261760234833 0
0.0542115680873394 0
0.5485803484916687 1
0.329248309135437 0
0.3341582715511322 0
0.320063054561615 0
0.006948317401111126 0
0.773460865020752 1
0.6452270746231079 0
0.8925824165344238 0
0.659013032913208 0
0.2887682318687439 0
0.4454922378063202 1
0.2480921447277069 0
0.2432381510734558 0
0.3418956696987152 0
0.14657807350158691 0
0.6410250067710876 1
0.03399869054555893 0
0.4771439731121063 0
0.2572290003299713 0
0.11962814629077911 0
0.35311323404312134 1
0.0794447660446167 0
0.6291121244430542 0
0.2917294502258301 0
0.058111757040023804 0
0.3291952908039093 1
0.04497170075774193 0
0.028924016281962395 0
0.1653176099061966 0
0.0010950632859021425 0
0.6034051179885864 1
0.004203407093882561 0
0.1724962592124939 0
0.33004236221313477 0
0.03412029892206192 0
0.6429000496864319 1
0.0679924264550209 0
0.6324449181556702 0
0.5538301467895508 0
0.026150314137339592 0
