0.19581332802772522 1
0.6447568535804749 1
0.24579517543315887 1
0.45838138461112976 1
0.3535497188568115 1
0.37341833114624023 1
0.7487618923187256 1
0.12747281789779663 1
0.6078276038169861 1
0.19436544179916382 1
0.37069588899612427 1
0.28923797607421875 1
0.503088116645813 1
0.7130851149559021 1
0.973913848400116 1
0.31684666872024536 1
0.004947715904563665 1
0.6558577418327332 1
0.24372020363807678 1
0.7738953828811646 1
0.3131042718887329 1
0.29399174451828003 1
0.911228597164154 1
0.0030670035630464554 0
0.001974869519472122 0
0.4012925326824188 0
0.0006786559242755175 0
0.08789665997028351 0
0.30379703640937805 0
0.0019530439749360085 0
0.0028784654568880796 0
0.23436592519283295 0
0.009342270903289318 0
0.047275759279727936 0
0.730426549911499 0
8.155454270308837e-05 0
0.0003934431297238916 0
0.6950198411941528 0
0.0015534297563135624 0
0.0001809552195481956 0
0.16346405446529388 0
0.00014013535110279918 0
0.007410617545247078 0
0.3494988679885864 0
0.03303554281592369 0
0.0030845003202557564 0
0.3334599733352661 0
0.0023404352832585573 0
0.00944502279162407 0
0.31297895312309265 0
0.0013056821189820766 0
0.004082325845956802 0
0.32983505725860596 0
0.01906769722700119 0
0.012410915456712246 0
0.31403741240501404 0
0.001124577596783638 0
0.010182295925915241 0
0.34003597497940063 0
0.009976821020245552 0
0.002096896292641759 0
0.33750271797180176 0
0.0010474103037267923 0
0.0435468927025795 0
0.35266607999801636 0
0.015903616324067116 0
0.00477150734513998 0
0.3438872992992401 0
0.0008642656612209976 0
0.0016026049852371216 0
0.32560810446739197 0
0.002310278359800577 0
0.024124622344970703 0
0.3561949133872986 0
0.0003245494153816253 0
0.008661775849759579 0
0.3537448048591614 0
0.0010683645959943533 0
0.005679307505488396 0
0.3615451455116272 0
0.0042142621241509914 0
0.0109235979616642 0
0.6238106489181519 0
0.01708831638097763 0
0.02458510920405388 0
0.31558287143707275 0
0.0051587847992777824 0
0.003521987237036228 0
0.6045705676078796 0
0.10037076473236084 0
0.0009451265796087682 0
0.4657611548900604 0
0.7297863960266113 1
0.8073848485946655 1
0.5564329624176025 1
0.6860572695732117 1
0.7839778661727905 1
0.9715765714645386 1
0.8880235552787781 1
0.9677421450614929 1
0.856073260307312 1
0.36733222007751465 1
0.49377378821372986 1
0.8590764403343201 1
0.4227941930294037 1
0.37622034549713135 1
0.36004048585891724 1
0.3379209041595459 1
0.7735831141471863 1
0.30166471004486084 1
0.35475701093673706 1
0.3145439028739929 1
0.38262617588043213 1
0.5973199009895325 1
0.5887013673782349 1
