0.04990045726299286 1
0.3565823435783386 1
0.16578739881515503 1
0.6355463266372681 1
0.0009660633513703942 1
0.27920132875442505 1
0.640170693397522 1
0.0023247937206178904 1
0.6241286993026733 1
0.18423424661159515 1
0.34315726161003113 1
0.1215752512216568 1
0.45089197158813477 1
0.5840530395507812 1
0.9376551508903503 1
0.2687811851501465 1
0.0009297211072407663 1
0.26700854301452637 1
0.015250465832650661 1
0.6967881917953491 1
0.2933880090713501 1
0.04688494652509689 1
0.8175950050354004 1
0.003597462549805641 0
0.0011813936289399862 0
0.3393336236476898 0
0.0004404444480314851 0
0.08615504950284958 0
0.22688329219818115 0
0.0006004252936691046 0
0.0006726894062012434 0
0.2160315215587616 0
0.005855030845850706 0
0.014141544699668884 0
0.6889486312866211 0
3.26090375892818e-05 0
0.00028367480263113976 0
0.3172137141227722 0
0.0008423059480264783 0
9.098599548451602e-05 0
0.420355886220932 0
0.0003689711447805166 0
0.0016540115466341376 0
0.5153288841247559 0
0.008046092465519905 0
0.0019015459110960364 0
0.33725792169570923 0
0.0011331839486956596 0
0.008766832761466503 0
0.35921019315719604 0
0.00021448128973133862 0
0.005491544492542744 0
0.33133813738822937 0
0.0017521632835268974 0
0.002947297878563404 0
0.305858314037323 0
0.001734454999677837 0
0.017841242253780365 0
0.3346443176269531 0
0.05754898488521576 0
0.004126632120460272 0
0.33792853355407715 0
0.00017497106455266476 0
0.01464399229735136 0
0.3204808235168457 0
0.009282639250159264 0
0.0038465203251689672 0
0.38281863927841187 0
0.0034485221840441227 0
0.003418973181396723 0
0.3410273492336273 0
0.005742707289755344 0
0.016413528472185135 0
0.366277813911438 0
0.00041765329660847783 0
0.040900953114032745 0
0.28266558051109314 0
0.00030228900141082704 0
0.0011170727666467428 0
0.3815370798110962 0
0.0010482914512977004 0
0.007149162702262402 0
0.5351726412773132 0
0.005199029576033354 0
0.00660204840824008 0
0.38233423233032227 0
0.0018241163343191147 0
0.003646938828751445 0
0.5875284075737 0
0.031144551932811737 0
0.0006337118102237582 0
0.6448131203651428 0
0.6952287554740906 1
0.8131596446037292 1
0.14200669527053833 1
0.6931742429733276 1
0.6999404430389404 1
0.8015536069869995 1
0.8318478465080261 1
0.8754886388778687 1
0.7525829076766968 1
0.33847546577453613 1
0.5908384323120117 1
0.7295060157775879 1
0.3445313572883606 1
0.3507893681526184 1
0.6309303045272827 1
0.33941513299942017 1
0.8164148330688477 1
0.4341825246810913 1
0.4484582841396332 1
0.24391698837280273 1
0.6937518119812012 1
0.6533616781234741 1
0.5951570868492126 1
