0.2858087420463562 1
0.3020828664302826 1
0.11042400449514389 1
0.2162463665008545 1
0.09203560650348663 1
0.2301277369260788 1
0.26441967487335205 1
0.07085707783699036 1
0.1921880692243576 1
0.15247875452041626 1
0.1821473091840744 1
0.18132749199867249 1
0.27868524193763733 1
0.15614807605743408 1
0.31796175241470337 1
0.2892182469367981 1
0.10954935848712921 1
0.1827104538679123 1
0.127592995762825 1
0.2044811248779297 1
0.26677101850509644 1
0.222488135099411 1
0.33560454845428467 1
0.04459399729967117 0
0.06397809833288193 0
0.1925559639930725 0
0.027890276163816452 0
0.0879921242594719 0
0.12820464372634888 0
0.04302457720041275 0
0.026547983288764954 0
0.09044571965932846 0
0.041828759014606476 0
0.06352406740188599 0
0.11799608916044235 0
0.016209278255701065 0
0.0622730515897274 0
0.13438484072685242 0
0.027962205931544304 0
0.04844387620687485 0
0.22833536565303802 0
0.045418839901685715 0
0.04157610237598419 0
0.2682436406612396 0
0.07448866963386536 0
0.03011321648955345 0
0.20261411368846893 0
0.018361467868089676 0
0.028539486229419708 0
0.1829337179660797 0
0.033980272710323334 0
0.0631956160068512 0
0.1561746597290039 0
0.025419440120458603 0
0.04618070647120476 0
0.1154053658246994 0
0.09792768955230713 0
0.10938984155654907 0
0.3449762463569641 0
0.10990410298109055 0
0.07083894312381744 0
0.27213218808174133 0
0.02232079766690731 0
0.04015069454908371 0
0.11706526577472687 0
0.10473170131444931 0
0.11139508336782455 0
0.31867194175720215 0
0.08742036670446396 0
0.09408709406852722 0
0.2154771089553833 0
0.09755334258079529 0
0.16596800088882446 0
0.28533393144607544 0
0.01774125173687935 0
0.07496704161167145 0
0.1603221446275711 0
0.051902785897254944 0
0.0789116621017456 0
0.17402592301368713 0
0.0390312522649765 0
0.0498896948993206 0
0.1841610074043274 0
0.07154227048158646 0
0.06485461443662643 0
0.15057997405529022 0
0.08642061799764633 0
0.06470026075839996 0
0.2940063774585724 0
0.18738895654678345 0
0.07067711651325226 0
0.32572242617607117 0
0.37252649664878845 1
0.3493306636810303 1
0.04124511033296585 1
0.3548904061317444 1
0.30487555265426636 1
0.3746708035469055 1
0.47043508291244507 1
0.41482967138290405 1
0.3818448483943939 1
0.2167249172925949 1
0.1970915049314499 1
0.4535713195800781 1
0.2539996802806854 1
0.10912016034126282 1
0.3406738042831421 1
0.2150193452835083 1
0.2523285150527954 1
0.24528251588344574 1
0.3182011842727661 1
0.1254250705242157 1
0.1905107945203781 1
0.24604105949401855 1
0.1625262200832367 1
