0.15643231570720673 1
0.4582628905773163 1
0.12217722833156586 1
0.3826685845851898 1
0.1629570722579956 1
0.30348652601242065 1
0.5736270546913147 1
0.02509698085486889 1
0.35599642992019653 1
0.09693939983844757 1
0.33777403831481934 1
0.14261293411254883 1
0.3317278325557709 1
0.4442299008369446 1
0.7694336771965027 1
0.42124029994010925 1
0.010589709505438805 1
0.33967024087905884 1
0.05678815767168999 1
0.39282867312431335 1
0.17936363816261292 1
0.45845597982406616 1
0.7023712992668152 1
0.007051610387861729 0
0.0017500093672424555 0
0.5383046269416809 0
0.0005192748503759503 0
0.03481198102235794 0
0.24174807965755463 0
0.0022491307463496923 0
0.0005959630361758173 0
0.1338692307472229 0
0.014140509068965912 0
0.006113981828093529 0
0.7053580284118652 0
0.0001819925819290802 0
0.000403633457608521 0
0.5342082977294922 0
0.0012089514639228582 0
0.00018330238526687026 0
0.44420167803764343 0
0.00027039082488045096 0
0.0008208501967601478 0
0.6041063070297241 0
0.053391408175230026 0
0.00359768676571548 0
0.31734949350357056 0
0.000927284243516624 0
0.005203723441809416 0
0.4006527364253998 0
0.0008640875457786024 0
0.0027013705112040043 0
0.3278411626815796 0
0.0032199162524193525 0
0.0038482313975691795 0
0.32146602869033813 0
0.022514982149004936 0
0.016421537846326828 0
0.36091873049736023 0
0.007913890294730663 0
0.00938418973237276 0
0.41834792494773865 0
0.003027435392141342 0
0.021588996052742004 0
0.2539738118648529 0
0.04085586592555046 0
0.007130229379981756 0
0.5354136228561401 0
0.011106012389063835 0
0.007752944715321064 0
0.4220774173736572 0
0.16670821607112885 0
0.004048924893140793 0
0.6100324392318726 0
0.0006793115753680468 0
0.035053499042987823 0
0.4063776433467865 0
0.00040921138133853674 0
0.001852388959378004 0
0.4194820821285248 0
0.0072813620790839195 0
0.003234647214412689 0
0.5740724802017212 0
0.011540125124156475 0
0.04150392487645149 0
0.3691428601741791 0
0.01123396959155798 0
0.01226941030472517 0
0.6813735365867615 0
0.048154912889003754 0
0.002394278533756733 0
0.7242366671562195 0
0.7013701796531677 1
0.849322497844696 1
0.34836360812187195 1
0.6133038997650146 1
0.8614212870597839 1
0.9407213926315308 1
0.9837858080863953 1
0.957571268081665 1
0.8813024759292603 1
0.32184287905693054 1
0.45799553394317627 1
0.9181234240531921 1
0.36141932010650635 1
0.4586421251296997 1
0.41276928782463074 1
0.3619075417518616 1
0.7735761404037476 1
0.3936105966567993 1
0.5400720238685608 1
0.35056790709495544 1
0.5262470841407776 1
0.7949309349060059 1
0.45572715997695923 1
