0.1539495587348938 1
0.38075071573257446 1
0.17018672823905945 1
0.6834432482719421 1
0.016811205074191093 1
0.318077027797699 1
0.5170609354972839 1
0.08360936492681503 1
0.3854789733886719 1
0.2269716113805771 1
0.35426732897758484 1
0.2843705117702484 1
0.4200171232223511 1
0.49403470754623413 1
0.9714345932006836 1
0.40926575660705566 1
0.0046693747863173485 1
0.5462769269943237 1
0.19109413027763367 1
0.8032333254814148 1
0.28108084201812744 1
0.7142965793609619 1
0.6345359683036804 1
0.00146930618211627 0
0.0005961512215435505 0
0.3514256179332733 0
0.0002830931334756315 0
0.028877167031168938 0
0.33942288160324097 0
0.00015982252079993486 0
0.0017869331641122699 0
0.21987682580947876 0
0.004440015181899071 0
0.0033814641647040844 0
0.7170209884643555 0
4.2129795474465936e-05 0
9.033401147462428e-05 0
0.6120060682296753 0
0.00033587287180125713 0
0.00010183476842939854 0
0.5427780151367188 0
0.00018123097834177315 0
0.0005860019591636956 0
0.553208589553833 0
0.0017932492773979902 0
0.0014102128334343433 0
0.3302089273929596 0
0.0007685143500566483 0
0.003493974916636944 0
0.3135126531124115 0
0.00040521740447729826 0
0.0018489088397473097 0
0.31412795186042786 0
0.0015592861454933882 0
0.0023296019062399864 0
0.3182066082954407 0
0.0021937096025794744 0
0.0035821169149130583 0
0.36101195216178894 0
0.004921134561300278 0
0.0011068719904869795 0
0.3288156986236572 0
0.0008452144684270024 0
0.0072608208283782005 0
0.46740299463272095 0
0.004731548950076103 0
0.0022569182328879833 0
0.41614899039268494 0
0.0011065343860536814 0
0.004103435203433037 0
0.29983001947402954 0
0.0010681572603061795 0
0.0015655829338356853 0
0.43940311670303345 0
0.0006041278829798102 0
0.008827255107462406 0
0.3294840455055237 0
0.00014155815006233752 0
0.0009788812603801489 0
0.3422090411186218 0
0.011534174904227257 0
0.004429653752595186 0
0.5281990170478821 0
0.0016031619161367416 0
0.005271562375128269 0
0.28684693574905396 0
0.0011866369750350714 0
0.001640915870666504 0
0.6153956651687622 0
0.015231391414999962 0
0.0009669368155300617 0
0.6806066036224365 0
0.6749114394187927 1
0.7952942252159119 1
0.35226231813430786 1
0.6768618822097778 1
0.7381863594055176 1
0.8513168096542358 1
0.9258586764335632 1
0.94635409116745 1
0.7542997598648071 1
0.31671780347824097 1
0.5196397304534912 1
0.7079223394393921 1
0.41356223821640015 1
0.4026526212692261 1
0.3973623216152191 1
0.31179124116897583 1
0.7081295847892761 1
0.33715447783470154 1
0.5738473534584045 1
0.3133583068847656 1
0.46461600065231323 1
0.6659603118896484 1
0.5119374990463257 1
