0.6796175837516785 1
0.3198721706867218 0
0.33376702666282654 0
0.18153086304664612 0
0.5390787124633789 0
0.6777619123458862 1
0.1173086017370224 0
0.33631953597068787 0
0.31075364351272583 0
0.5744972229003906 0
0.5872764587402344 1
0.2984471023082733 0
0.3415933847427368 0
0.3152279257774353 0
0.3895072638988495 0
0.8332668542861938 1
0.6589244604110718 0
0.695675790309906 0
0.08238933980464935 0
0.5394554734230042 0
0.8758348822593689 1
0.688980758190155 0
0.8899909853935242 0
0.5475441217422485 0
0.47185322642326355 0
0.9581066370010376 1
0.872762143611908 0
0.7975583076477051 0
0.3517906367778778 0
0.6591728925704956 0
0.7130532264709473 1
0.7036237716674805 0
0.9662002325057983 0
0.3789178729057312 0
0.4766894578933716 0
0.6454837918281555 1
0.7594583034515381 0
0.3454175591468811 0
0.33053797483444214 0
0.6272720098495483 0
0.458538293838501 1
0.8249472379684448 0
0.9114532470703125 0
0.32119449973106384 0
0.3602752387523651 0
0.95635986328125 1
0.15826475620269775 0
0.20411501824855804 0
0.18820497393608093 0
0.6337770819664001 0
0.9369766116142273 1
0.13072073459625244 0
0.14850139617919922 0
0.4262142777442932 0
0.6302219033241272 0
0.8886899352073669 1
0.2416476607322693 0
0.3294752240180969 0
0.36842936277389526 0
0.6603711843490601 0
0.8428000807762146 1
0.4062626361846924 0
0.34208518266677856 0
0.09319314360618591 0
0.2656720280647278 0
0.7130035758018494 1
0.9786278009414673 0
0.9669827818870544 0
0.3824266791343689 0
0.8178756237030029 0
0.6738606691360474 1
0.337205171585083 0
0.33913737535476685 0
0.3731722831726074 0
0.643867015838623 0
0.6485009789466858 1
0.24305228888988495 0
0.529407799243927 0
0.19842907786369324 0
0.29777422547340393 0
0.8399717211723328 1
0.6770404577255249 0
0.6620814800262451 0
0.9499047994613647 0
0.47233590483665466 0
0.7916841506958008 1
0.2155941128730774 0
0.5320318341255188 0
0.5000848174095154 0
0.6139398813247681 0
0.6540240049362183 1
0.0029085054993629456 0
0.09404750913381577 0
0.27712079882621765 0
0.2586459517478943 0
0.6137019395828247 1
0.003247139509767294 0
0.10034709423780441 0
0.026847166940569878 0
0.09035350382328033 0
0.5432285666465759 1
0.007582454010844231 0
0.10353051871061325 0
0.03064647875726223 0
0.016778122633695602 0
0.6710829734802246 1
0.1348932385444641 0
0.7074497938156128 0
0.358258455991745 0
0.023445799946784973 0
0.6661173105239868 1
0.052223607897758484 0
0.6412743330001831 0
0.05358768254518509 0
0.03681798651814461 0
0.48637399077415466 1
0.13143140077590942 0
0.6214717030525208 0
0.02459164708852768 0
0.02081448771059513 0
0.6644442081451416 1
0.15531933307647705 0
0.8846879005432129 0
0.5823276042938232 0
0.31826984882354736 0
0.6614971160888672 1
0.0463813841342926 0
0.89341801404953 0
0.38849395513534546 0
0.44028565287590027 0
0.5381340980529785 1
0.5090994834899902 0
0.9438666701316833 0
0.032498233020305634 0
0.3081655502319336 0
0.6264506578445435 1
0.018657352775335312 0
0.5166329145431519 0
0.5781232714653015 0
0.6274449825286865 0
0.6595087647438049 1
0.02685314416885376 0
0.3542129695415497 0
0.20092284679412842 0
0.2112017124891281 0
0.5258179903030396 1
0.003664284711703658 0
0.2112642228603363 0
0.042866602540016174 0
0.11684819310903549 0
0.6974902153015137 1
0.04538501799106598 0
0.426099956035614 0
0.015672966837882996 0
0.19302426278591156 0
0.6770374178886414 1
0.1018255278468132 0
0.32847467064857483 0
0.03208668529987335 0
0.001711120130494237 0
0.6641625165939331 1
0.050908248871564865 0
0.18606311082839966 0
0.0034781484864652157 0
0.005754548590630293 0
0.5604785680770874 1
0.029986709356307983 0
0.21843211352825165 0
0.28362545371055603 0
0.010293926112353802 0
0.6157453060150146 1
0.0036176685243844986 0
0.02951643615961075 0
0.014365649782121181 0
0.018009208142757416 0
0.24378129839897156 1
0.009121670387685299 0
0.07358893752098083 0
0.0032281880266964436 0
0.006730595137923956 0
0.4056844413280487 1
0.15645799040794373 0
0.3187084496021271 0
0.3264337182044983 0
0.002722387667745352 0
0.44177812337875366 1
0.08325895667076111 0
0.32902705669403076 0
0.3489843010902405 0
0.27776139974594116 0
0.36180710792541504 1
0.10156790912151337 0
0.3327096402645111 0
0.09845760464668274 0
0.29281896352767944 0
0.3399377763271332 1
0.004710097331553698 0
0.23488515615463257 0
0.25526320934295654 0
0.0006987943779677153 0
0.4195765256881714 1
0.010747311636805534 0
0.03852226585149765 0
0.29073768854141235 0
0.009828387759625912 0
0.5868325233459473 1
0.011458486318588257 0
0.2797132134437561 0
0.12309928238391876 0
0.048879366368055344 0
0.7428386211395264 1
0.5937858819961548 0
0.6159070730209351 0
0.588135838508606 0
0.0025838487781584263 0
0.782014787197113 1
0.39638274908065796 0
0.6114599704742432 0
0.5144242644309998 0
0.44044172763824463 0
0.7956349849700928 1
0.5273777842521667 0
0.35718291997909546 0
0.08238246291875839 0
0.18761645257472992 0
0.6653645038604736 1
0.060744188725948334 0
0.16379207372665405 0
0.5197190046310425 0
0.0005944519070908427 0
0.6745220422744751 1
0.15130986273288727 0
0.6486446857452393 0
0.3138703405857086 0
0.003755182959139347 0
0.688223123550415 1
0.3000222444534302 0
0.8470175266265869 0
0.5059517025947571 0
0.003222984727472067 0
0.3708035945892334 1
0.372506320476532 0
0.45944052934646606 0
0.4285813271999359 0
0.323577880859375 0
0.5022822618484497 1
0.5093573927879333 0
0.8622440695762634 0
0.3529113531112671 0
0.4618963897228241 0
0.5299621820449829 1
0.47960513830184937 0
0.8470105528831482 0
0.21783873438835144 0
0.4052751064300537 0
0.49557003378868103 1
0.5124046802520752 0
0.7443257570266724 0
0.2659379243850708 0
0.015385336242616177 0
0.45081090927124023 1
0.5282373428344727 0
0.7683593034744263 0
0.13108420372009277 0
0.012591399252414703 0
0.6693834066390991 1
0.5904340147972107 0
0.6753172278404236 0
0.16705909371376038 0
0.5909247398376465 0
0.6355124711990356 1
0.00807301513850689 0
0.32647621631622314 0
0.3618638217449188 0
0.01229867897927761 0
0.6612760424613953 1
0.2834353446960449 0
0.3792855143547058 0
0.42191383242607117 0
0.6086445450782776 0
0.9120845198631287 1
0.03994695842266083 0
0.23169158399105072 0
0.08686845749616623 0
0.4688746929168701 0
0.45717853307724 1
0.0002618016442283988 0
0.25382518768310547 0
0.41036516427993774 0
0.0005077787791378796 0
0.6586138010025024 1
0.011687993071973324 0
0.256334125995636 0
0.31721657514572144 0
0.03340787813067436 0
0.9245127439498901 1
0.18548791110515594 0
0.19151020050048828 0
0.3438064754009247 0
0.013337088748812675 0
0.6105781197547913 1
0.37817031145095825 0
0.33449500799179077 0
0.43716153502464294 0
0.11768098920583725 0
0.608708381652832 1
0.4009988307952881 0
0.38131922483444214 0
0.36563795804977417 0
0.45035848021507263 0
0.6456139087677002 1
0.048005010932683945 0
0.32908201217651367 0
0.10509009659290314 0
0.21262410283088684 0
0.6628235578536987 1
0.18796437978744507 0
0.6113097667694092 0
0.0015884984750300646 0
0.0007422768976539373 0
0.5884370803833008 1
0.27810680866241455 0
0.3655491769313812 0
0.32997438311576843 0
0.014337068423628807 0
0.698391854763031 1
0.5400406122207642 0
0.8426564931869507 0
0.6507751941680908 0
0.0890955775976181 0
0.4969341456890106 1
0.05274968966841698 0
0.0956311747431755 0
0.291109561920166 0
0.0036054053343832493 0
0.6469427347183228 1
0.018328124657273293 0
0.5502910614013672 0
0.29275408387184143 0
0.10421662032604218 0
0.34893521666526794 1
0.04373781383037567 0
0.5292590856552124 0
0.037113256752491 0
0.11994123458862305 0
0.1895371377468109 1
0.0061630262061953545 0
0.042351000010967255 0
0.02175109088420868 0
4.7655463276896626e-05 0
0.6081079244613647 1
0.007587496191263199 0
0.10365763306617737 0
0.07911214232444763 0
0.004729025531560183 0
0.41045019030570984 1
0.0451045036315918 0
0.5197706818580627 0
0.22549501061439514 0
0.01837652549147606 0
