0.12090366333723068 1
0.4715919494628906 1
0.08393730223178864 1
0.6724035739898682 1
0.23781709372997284 1
0.44469594955444336 1
0.7612435221672058 1
0.034094106405973434 1
0.6369876265525818 1
0.31918272376060486 1
0.4986528754234314 1
0.32103288173675537 1
0.501721978187561 1
0.6793407797813416 1
0.9667439460754395 1
0.3103364109992981 1
0.0051584625616669655 1
0.3397791385650635 1
0.11468338966369629 1
0.7845119833946228 1
0.3100007176399231 1
0.260872483253479 1
0.9094971418380737 1
0.00879495870321989 0
0.0010576897766441107 0
0.35668596625328064 0
0.0016083893133327365 0
0.040844403207302094 0
0.26467975974082947 0
0.0009576291195116937 0
0.0015879061538726091 0
0.2890986204147339 0
0.0834166631102562 0
0.04599936306476593 0
0.7919971346855164 0
3.649701102403924e-05 0
0.0004673700896091759 0
0.645587146282196 0
0.001159745967015624 0
0.00015713993343524635 0
0.3446142077445984 0
0.000613357056863606 0
0.0004198238020762801 0
0.35613447427749634 0
0.04754010960459709 0
0.005880259908735752 0
0.33203789591789246 0
0.0017615642864257097 0
0.03183358162641525 0
0.3329893946647644 0
0.0013227371964603662 0
0.0027702755760401487 0
0.33423489332199097 0
0.0041097356006503105 0
0.005501929204910994 0
0.3158110976219177 0
0.004623860586434603 0
0.011852564290165901 0
0.3365468382835388 0
0.005698816850781441 0
0.0024561400059610605 0
0.31597745418548584 0
0.0019623376429080963 0
0.16715189814567566 0
0.4131048619747162 0
0.08029655367136002 0
0.003125173971056938 0
0.3795478940010071 0
0.0010716845281422138 0
0.0031852186657488346 0
0.3536200225353241 0
0.005267701577395201 0
0.0172852985560894 0
0.38510406017303467 0
0.0003648964629974216 0
0.06145370006561279 0
0.3339245319366455 0
0.0006336431251838803 0
0.005279082804918289 0
0.3590782582759857 0
0.026360884308815002 0
0.013771316967904568 0
0.556644082069397 0
0.018386149778962135 0
0.03335127234458923 0
0.3540816009044647 0
0.0049547855742275715 0
0.011056254617869854 0
0.5402097105979919 0
0.14243155717849731 0
0.000541960762348026 0
0.6767103672027588 0
0.6963059306144714 1
0.8628837466239929 1
0.5696017146110535 1
0.713312029838562 1
0.736048698425293 1
0.856134831905365 1
0.8815566301345825 1
0.9082523584365845 1
0.8287608623504639 1
0.3292860984802246 1
0.6200460195541382 1
0.7971274852752686 1
0.36679527163505554 1
0.4325169026851654 1
0.5885486602783203 1
0.3559073805809021 1
0.8324905633926392 1
0.29894712567329407 1
0.46211832761764526 1
0.3120113015174866 1
0.4385528266429901 1
0.5302162170410156 1
0.6011280417442322 1
