0.11450906842947006 1
0.4173511862754822 1
0.29596564173698425 1
0.36908525228500366 1
0.2011195868253708 1
0.30829310417175293 1
0.4518026113510132 1
0.03987333923578262 1
0.41455692052841187 1
0.27651092410087585 1
0.4087718427181244 1
0.21731910109519958 1
0.4296679198741913 1
0.49433737993240356 1
0.8738824725151062 1
0.37999415397644043 1
0.019476134330034256 1
0.34026849269866943 1
0.12740439176559448 1
0.6683024168014526 1
0.3243614137172699 1
0.4185619354248047 1
0.5863997340202332 1
0.00656748516485095 0
0.0020877704955637455 0
0.5183137059211731 0
0.0009811377385631204 0
0.12276282161474228 0
0.3283325731754303 0
0.000864656874909997 0
0.00129102380014956 0
0.2537325918674469 0
0.02037935145199299 0
0.007951553910970688 0
0.7766358256340027 0
0.00013644823047798127 0
0.0003602340293582529 0
0.602855384349823 0
0.002420292003080249 0
0.00010198626841884106 0
0.34564337134361267 0
0.0024360569659620523 0
0.0003672708699014038 0
0.4474482238292694 0
0.008083265274763107 0
0.006649947725236416 0
0.3302985727787018 0
0.0020971372723579407 0
0.008312739431858063 0
0.27311956882476807 0
0.006121118552982807 0
0.004590516909956932 0
0.3227720260620117 0
0.0080893998965621 0
0.008716467767953873 0
0.3259389102458954 0
0.00616659177467227 0
0.0426209419965744 0
0.34217584133148193 0
0.0016362627502530813 0
0.005774411838501692 0
0.3019014000892639 0
0.0012721051461994648 0
0.03124789521098137 0
0.33716851472854614 0
0.04315797612071037 0
0.005079727619886398 0
0.4064819812774658 0
0.006867821328341961 0
0.004548895638436079 0
0.3362884223461151 0
0.01663825660943985 0
0.006493590772151947 0
0.4684310853481293 0
0.0017194391693919897 0
0.0137008186429739 0
0.37630701065063477 0
0.0010176508221775293 0
0.00380420358851552 0
0.4131987690925598 0
0.04092909395694733 0
0.009786373004317284 0
0.5008569955825806 0
0.02116338536143303 0
0.04544822871685028 0
0.31900879740715027 0
0.006809765473008156 0
0.010236930102109909 0
0.6287721991539001 0
0.07182679325342178 0
0.0017266639042645693 0
0.7072854042053223 0
0.7082740068435669 1
0.8966047763824463 1
0.5009181499481201 1
0.5975042581558228 1
0.9253605604171753 1
0.9408382177352905 1
0.9745861887931824 1
0.9758232831954956 1
0.9191322326660156 1
0.32148122787475586 1
0.38631194829940796 1
0.8017643690109253 1
0.3981047570705414 1
0.3922918438911438 1
0.3283221125602722 1
0.34265434741973877 1
0.782021164894104 1
0.3274245858192444 1
0.41995716094970703 1
0.36475563049316406 1
0.39711081981658936 1
0.6229112148284912 1
0.6085240840911865 1
