0.9999814033508301 1
0.4441247582435608 0
0.4095025062561035 0
0.14896854758262634 0
0.9114448428153992 0
0.9403761625289917 1
0.030305689200758934 0
0.5214505791664124 0
0.2951999306678772 0
0.9753599166870117 0
0.9999699592590332 1
0.5545951128005981 0
0.934598445892334 0
0.6850091814994812 0
0.8439737558364868 0
0.9999974966049194 1
0.9845672845840454 0
0.9946643114089966 0
0.19265520572662354 0
0.9909870028495789 0
0.9979018568992615 1
0.9574395418167114 0
0.9717209339141846 0
0.9790239334106445 0
0.9937982559204102 0
0.9999971389770508 1
0.9869370460510254 0
0.9993468523025513 0
0.9919590950012207 0
0.9998586177825928 0
0.9982492327690125 1
0.7889407873153687 0
0.9158150553703308 0
0.07909852266311646 0
0.40547654032707214 0
0.999916672706604 1
0.24305415153503418 0
0.13542026281356812 0
0.006662005092948675 0
0.33949464559555054 0
0.9960636496543884 1
0.692192554473877 0
0.7368852496147156 0
0.0008971988572739065 0
0.08491989970207214 0
0.9999306201934814 1
0.008551284670829773 0
0.3259849548339844 0
0.14860893785953522 0
0.9372188448905945 0
0.979595422744751 1
0.04754289239645004 0
0.01994713395833969 0
0.9049505591392517 0
0.8331717252731323 0
0.9992861151695251 1
0.887041449546814 0
0.9204142093658447 0
0.976451575756073 0
0.9991390109062195 0
0.9999935030937195 1
0.6680994033813477 0
0.005369361024349928 0
0.06761188805103302 0
0.4979475140571594 0
0.9999071955680847 1
0.9823481440544128 0
0.9983991980552673 0
0.9463345408439636 0
0.9973659515380859 0
0.9999825954437256 1
0.7669317722320557 0
0.05368262529373169 0
0.6889510154724121 0
0.9973468780517578 0
0.9992094039916992 1
0.3742485046386719 0
0.8969127535820007 0
0.42118382453918457 0
0.8657428026199341 0
0.9939810633659363 1
0.10852700471878052 0
0.00516071543097496 0
0.9989608526229858 0
0.7251091003417969 0
0.9999076724052429 1
0.002203267067670822 0
0.03526946157217026 0
0.6424816846847534 0
0.46107131242752075 0
0.9996077418327332 1
9.051738015841693e-05 0
0.07378917187452316 0
0.9735398292541504 0
0.14794351160526276 0
0.9999878406524658 1
0.000817837892100215 0
0.12156753987073898 0
0.2571667730808258 0
0.4021974503993988 0
0.988936185836792 1
0.0038992706686258316 0
0.2996392250061035 0
0.012533416971564293 0
0.040375448763370514 0
0.9999979734420776 1
0.4540933072566986 0
0.9999321699142456 0
0.9949597716331482 0
0.1134227067232132 0
0.9999656081199646 1
0.17398278415203094 0
0.9987096190452576 0
0.22847241163253784 0
0.1877085268497467 0
0.9997199773788452 1
0.1331503838300705 0
0.9994200468063354 0
0.003889884566888213 0
0.01209687627851963 0
0.9999421834945679 1
0.38056719303131104 0
0.879193902015686 0
0.999550998210907 0
0.7581943869590759 0
0.9999585151672363 1
0.16036491096019745 0
0.8284744024276733 0
0.9863691329956055 0
0.9897801280021667 0
0.9779284000396729 1
0.8085368871688843 0
0.8078135251998901 0
0.17636114358901978 0
0.21900324523448944 0
0.9996764659881592 1
0.007374034728854895 0
0.5833697319030762 0
0.9992067217826843 0
0.7593061923980713 0
0.9999973177909851 1
0.07506678998470306 0
0.8766330480575562 0
0.9523037672042847 0
0.39895135164260864 0
0.9994029998779297 1
0.008707607164978981 0
0.10467731952667236 0
0.24679049849510193 0
0.0018579507013782859 0
0.9999938011169434 1
0.06365712732076645 0
0.863235592842102 0
0.0020298960153013468 0
0.08612993359565735 0
0.9999706149101257 1
0.1629740297794342 0
0.6881141662597656 0
0.19024960696697235 0
0.00037330546183511615 0
0.9999809265136719 1
0.03240743279457092 0
0.5008589029312134 0
0.0008008721051737666 0
0.01496403943747282 0
0.9767025709152222 1
0.002765802200883627 0
0.017857834696769714 0
0.588721752166748 0
0.03273121267557144 0
0.9998084306716919 1
0.00026622117729857564 0
0.001658690976910293 0
0.19347795844078064 0
0.014590347185730934 0
0.9291757941246033 1
0.0042577036656439304 0
0.007083959877490997 0
0.0009278610814362764 0
0.018112054094672203 0
0.9984457492828369 1
0.007999822497367859 0
0.5215795040130615 0
0.4874696135520935 0
5.272909038467333e-05 0
0.9964301586151123 1
0.013896552845835686 0
0.9900112152099609 0
0.9949573874473572 0
0.8857690691947937 0
0.976683497428894 1
0.9863318800926208 0
0.519711971282959 0
0.5112229585647583 0
0.8957893252372742 0
0.9823203086853027 1
0.000535550934728235 0
0.003869731444865465 0
0.641330361366272 0
0.00015999656170606613 0
0.9852516651153564 1
0.0018749268492683768 0
0.02580886334180832 0
0.8330005407333374 0
0.0010388221126049757 0
0.9996058344841003 1
0.0015484155155718327 0
0.14493028819561005 0
0.23910388350486755 0
0.0028197113424539566 0
0.999830961227417 1
0.9630498886108398 0
0.9998044371604919 0
0.9996337890625 0
0.00018484611064195633 0
0.9999944567680359 1
0.3254656493663788 0
0.999481201171875 0
0.9953633546829224 0
0.6721010208129883 0
0.9997682571411133 1
0.9940451383590698 0
0.9887231588363647 0
0.07804455608129501 0
0.7224875688552856 0
0.9999963641166687 1
0.02386575937271118 0
0.5739036202430725 0
0.9912070035934448 0
9.599658369552344e-05 0
0.9999794960021973 1
0.041358642280101776 0
0.9822556376457214 0
0.9615752696990967 0
0.0015437444671988487 0
0.9998294115066528 1
0.7250221967697144 0
0.9991955161094666 0
0.9995713233947754 0
0.04298936575651169 0
0.9838190078735352 1
0.5111751556396484 0
0.2781887650489807 0
0.45245933532714844 0
0.24926713109016418 0
0.8022480010986328 1
0.6336052417755127 0
0.7627167105674744 0
0.290178507566452 0
0.8676919341087341 0
0.9557470679283142 1
0.5995998382568359 0
0.6738240122795105 0
0.7486734390258789 0
0.32626664638519287 0
0.9994844198226929 1
0.5486461520195007 0
0.4581338167190552 0
0.060238104313611984 0
0.00034196244087070227 0
0.9985394477844238 1
0.6953983306884766 0
0.8251984119415283 0
8.287557284347713e-05 0
0.00012047390919178724 0
0.9999111890792847 1
0.7663318514823914 0
0.7407588958740234 0
0.29999274015426636 0
0.9767736196517944 0
0.9958218932151794 1
9.904125181492418e-05 0
0.29590389132499695 0
0.09831874817609787 0
0.00039570481749251485 0
0.8740595579147339 1
0.04038141667842865 0
0.9965845942497253 0
0.9991695880889893 0
0.8931574821472168 0
0.9966652393341064 1
0.02066122367978096 0
0.04286676645278931 0
0.015201905742287636 0
0.9935521483421326 0
0.8736821413040161 1
3.0958387924329145e-06 0
0.016324695199728012 0
0.6148943901062012 0
0.0001260683056898415 0
0.9907466173171997 1
0.008764163590967655 0
0.25103604793548584 0
0.3140655755996704 0
0.001805911771953106 0
0.9912678003311157 1
0.002642754465341568 0
0.701898455619812 0
0.6270379424095154 0
0.017415741458535194 0
0.9968914985656738 1
0.9249740839004517 0
0.5434466004371643 0
0.07753543555736542 0
0.00015368772437795997 0
0.9999843835830688 1
0.624624490737915 0
0.7108724117279053 0
0.9532119631767273 0
0.781033456325531 0
0.9998314380645752 1
0.7189165353775024 0
0.34640568494796753 0
0.14615194499492645 0
0.018450653180480003 0
0.9999784231185913 1
0.0021257661283016205 0
0.7002364993095398 0
1.0091692814739872e-07 0
8.754875125305261e-06 0
0.9985747337341309 1
0.008517023175954819 0
0.5949116945266724 0
0.001866168575361371 0
0.0010569461155682802 0
0.9997507929801941 1
0.9256503582000732 0
0.9317047595977783 0
0.9848767518997192 0
0.028250446543097496 0
0.5775048732757568 1
0.005848593078553677 0
0.10047750920057297 0
0.04691271111369133 0
0.00038979173405095935 0
0.9765831828117371 1
0.0017031807219609618 0
0.9683868885040283 0
0.9097768068313599 0
0.03278883546590805 0
0.9884611964225769 1
0.18206024169921875 0
0.9941369891166687 0
0.8475899696350098 0
0.08159394562244415 0
0.055158063769340515 1
0.002308820839971304 0
0.00731715327128768 0
0.021294470876455307 0
1.4061212823435199e-05 0
0.5392733812332153 1
0.0033245040103793144 0
0.021259700879454613 0
0.014001332223415375 0
0.03265375643968582 0
0.9673519134521484 1
0.007893592119216919 0
0.003454615129157901 0
0.08887695521116257 0
0.06112347170710564 0
