0.1407160609960556 1
0.35521864891052246 1
0.18013904988765717 1
0.24777022004127502 1
0.21632489562034607 1
0.18125301599502563 1
0.4734693169593811 1
0.00391165679320693 1
0.404344379901886 1
0.1537276655435562 1
0.30551677942276 1
0.17098674178123474 1
0.21372179687023163 1
0.533013105392456 1
0.7643176913261414 1
0.2957651615142822 1
0.002901588100939989 1
0.16199617087841034 1
0.030859341844916344 1
0.38810276985168457 1
0.1101929172873497 1
0.06831467151641846 1
0.650394082069397 1
0.001766114728525281 0
0.0011697032023221254 0
0.466037392616272 0
0.0011951839551329613 0
0.06088365614414215 0
0.31635159254074097 0
0.0005974546074867249 0
0.0017257895087823272 0
0.14459431171417236 0
0.0210748091340065 0
0.008496997877955437 0
0.6760894060134888 0
0.00023882900131866336 0
0.0003546700463630259 0
0.7778324484825134 0
0.0006559573812410235 0
0.00010114020551554859 0
0.4861375689506531 0
0.0003060776216443628 0
0.0003957483859267086 0
0.6380901336669922 0
0.01077270321547985 0
0.003917740657925606 0
0.31301748752593994 0
0.00030943419551476836 0
0.003829924389719963 0
0.3260519802570343 0
0.0004590681055560708 0
0.003650499042123556 0
0.30327755212783813 0
0.0019563769455999136 0
0.003993238788098097 0
0.3199971914291382 0
0.012627026997506618 0
0.010931841097772121 0
0.3432287573814392 0
0.010559231042861938 0
0.0036042053252458572 0
0.46525853872299194 0
0.0010964167304337025 0
0.009881751611828804 0
0.37275514006614685 0
0.015881052240729332 0
0.005272900685667992 0
0.48631346225738525 0
0.0015757855726405978 0
0.0021291363518685102 0
0.41671857237815857 0
0.0011148762423545122 0
0.0015315560158342123 0
0.6118427515029907 0
0.0004528574354480952 0
0.008735207840800285 0
0.3659749925136566 0
0.0004362606559880078 0
0.002567730378359556 0
0.3992341458797455 0
0.008740702643990517 0
0.0030899979174137115 0
0.49731454253196716 0
0.002884975168853998 0
0.010554779320955276 0
0.2413339465856552 0
0.003699406748637557 0
0.004479385446757078 0
0.6528857946395874 0
0.028271164745092392 0
0.001908808364532888 0
0.7664881944656372 0
0.7063869833946228 1
0.8587071299552917 1
0.3112923800945282 1
0.609818696975708 1
0.8921407461166382 1
0.8990026712417603 1
0.8946868777275085 1
0.9576220512390137 1
0.8035863637924194 1
0.34727007150650024 1
0.4515514373779297 1
0.8768012523651123 1
0.4224073588848114 1
0.4307026267051697 1
0.633082389831543 1
0.34761106967926025 1
0.6952672004699707 1
0.35490068793296814 1
0.39126765727996826 1
0.2631092667579651 1
0.6625704169273376 1
0.60443115234375 1
0.49439018964767456 1
