0.15945807099342346 1
0.5672840476036072 1
0.2611650228500366 1
0.4131790101528168 1
0.009318798780441284 1
0.5796341896057129 1
0.7351588010787964 1
0.01728251203894615 1
0.637222170829773 1
0.40306732058525085 1
0.4210561215877533 1
0.19030848145484924 1
0.6253933906555176 1
0.7025429010391235 1
0.9512149691581726 1
0.33458608388900757 1
0.013011477887630463 1
0.41258132457733154 1
0.1373562216758728 1
0.9306573867797852 1
0.3471183776855469 1
0.7781119346618652 1
0.8860760927200317 1
0.002898997161537409 0
0.0003839718992821872 0
0.45356959104537964 0
0.0006169674452394247 0
0.05178271234035492 0
0.30037355422973633 0
0.0032404069788753986 0
0.0010479153133928776 0
0.2529241442680359 0
0.005065932869911194 0
0.034359123557806015 0
0.9089519381523132 0
5.9231912018731236e-05 0
0.0003506038337945938 0
0.5278005599975586 0
0.001354021718725562 0
7.612140325363725e-05 0
0.3123522102832794 0
0.0003146278904750943 0
0.0002497827517800033 0
0.3504389226436615 0
0.006373499520123005 0
0.00236238120123744 0
0.3359244465827942 0
0.0015216892352327704 0
0.006251446437090635 0
0.3387382924556732 0
0.0005467282026074827 0
0.003197949845343828 0
0.33072149753570557 0
0.0027157317381352186 0
0.005527633707970381 0
0.3344730734825134 0
0.0011190399527549744 0
0.010770972818136215 0
0.3355688750743866 0
0.006710629910230637 0
0.0012536521535366774 0
0.3209172487258911 0
0.0009906358318403363 0
0.00957321748137474 0
0.33534032106399536 0
0.008223852142691612 0
0.005181607790291309 0
0.37288910150527954 0
0.000865099485963583 0
0.00045110052451491356 0
0.3501904606819153 0
0.004883562680333853 0
0.05098382756114006 0
0.35496097803115845 0
0.00014475372154265642 0
0.017924273386597633 0
0.3437928855419159 0
0.00015938645810820162 0
0.002146302256733179 0
0.36197787523269653 0
0.004214281216263771 0
0.01469599362462759 0
0.6033726930618286 0
0.005528380628675222 0
0.015396330505609512 0
0.3243684470653534 0
0.0037070882972329855 0
0.0035569712053984404 0
0.6732193231582642 0
0.012935280799865723 0
0.0006375478114932775 0
0.6831173896789551 0
0.7191532850265503 1
0.8370574712753296 1
0.37586709856987 1
0.6985217332839966 1
0.7387017607688904 1
0.895786702632904 1
0.9579023718833923 1
0.8720049262046814 1
0.7621955871582031 1
0.3566545248031616 1
0.4950455129146576 1
0.8258380889892578 1
0.36559778451919556 1
0.3917226791381836 1
0.3986440598964691 1
0.2894403338432312 1
0.8365898132324219 1
0.34176695346832275 1
0.39955124258995056 1
0.3210105895996094 1
0.5363429188728333 1
0.46771177649497986 1
0.5096215009689331 1
