0.6704570651054382 1
0.3319178521633148 0
0.332495778799057 0
0.19561909139156342 0
0.399768590927124 0
0.6754137873649597 1
0.05128324031829834 0
0.34391769766807556 0
0.3056793808937073 0
0.635057806968689 0
0.6273226737976074 1
0.32244953513145447 0
0.3357723355293274 0
0.2637307047843933 0
0.3629668951034546 0
0.8915209770202637 1
0.5252581834793091 0
0.6535122394561768 0
0.09395447373390198 0
0.6511656641960144 0
0.8070606589317322 1
0.9035506248474121 0
0.8340014219284058 0
0.6393624544143677 0
0.7536060810089111 0
0.9645582437515259 1
0.9240976572036743 0
0.7846195697784424 0
0.3096630275249481 0
0.5835092067718506 0
0.6217724084854126 1
0.588165283203125 0
0.9881353378295898 0
0.3278236985206604 0
0.36568519473075867 0
0.6688848733901978 1
0.9719562530517578 0
0.3610796332359314 0
0.3352693021297455 0
0.6570808291435242 0
0.4647284746170044 1
0.9584380388259888 0
0.9972030520439148 0
0.2665088176727295 0
0.3373914361000061 0
0.989264190196991 1
0.1084168404340744 0
0.0790456235408783 0
0.05891561135649681 0
0.6825263500213623 0
0.9211747050285339 1
0.22621488571166992 0
0.08397142589092255 0
0.5393022298812866 0
0.6524960398674011 0
0.739001452922821 1
0.32398802042007446 0
0.32193782925605774 0
0.40720129013061523 0
0.6680383086204529 0
0.8466109037399292 1
0.3562995195388794 0
0.3392290771007538 0
0.2754589319229126 0
0.3826645612716675 0
0.7300679087638855 1
0.991047739982605 0
0.9737857580184937 0
0.48649001121520996 0
0.8927254676818848 0
0.7060362100601196 1
0.27083471417427063 0
0.3385330140590668 0
0.33318030834198 0
0.6281132698059082 0
0.725603461265564 1
0.30463528633117676 0
0.7276691794395447 0
0.2784794569015503 0
0.358029842376709 0
0.8067848682403564 1
0.7033854722976685 0
0.6727778315544128 0
0.7911598086357117 0
0.73090660572052 0
0.8508645296096802 1
0.3165241777896881 0
0.6870776414871216 0
0.5773401856422424 0
0.7574548125267029 0
0.6193162798881531 1
0.0012237910414114594 0
0.008568482473492622 0
0.19295468926429749 0
0.14997071027755737 0
0.5135980844497681 1
0.011663248762488365 0
0.1954442858695984 0
0.0606640949845314 0
0.24762138724327087 0
0.6330407857894897 1
0.06341297924518585 0
0.33145445585250854 0
0.25711604952812195 0
0.23398417234420776 0
0.6704129576683044 1
0.1425870954990387 0
0.7062010765075684 0
0.370659202337265 0
0.021399661898612976 0
0.6688486337661743 1
0.15564216673374176 0
0.6673757433891296 0
0.23855039477348328 0
0.17219498753547668 0
0.6642194390296936 1
0.3270145654678345 0
0.645694375038147 0
0.1491992473602295 0
0.2068650722503662 0
0.6550055146217346 1
0.09505240619182587 0
0.8969764113426208 0
0.6313680410385132 0
0.49475622177124023 0
0.679870069026947 1
0.11092677712440491 0
0.9652068614959717 0
0.5251047611236572 0
0.5933125019073486 0
0.6395992040634155 1
0.5417561531066895 0
0.9949711561203003 0
0.25493696331977844 0
0.31611454486846924 0
0.6519972085952759 1
0.013122539967298508 0
0.10732437670230865 0
0.6189450621604919 0
0.5139472484588623 0
0.6820884943008423 1
0.032037973403930664 0
0.33531832695007324 0
0.3613840937614441 0
0.30314862728118896 0
0.6660240292549133 1
0.0661037340760231 0
0.33832627534866333 0
0.29457491636276245 0
0.3422323167324066 0
0.6948057413101196 1
0.18490934371948242 0
0.4035174250602722 0
0.17369148135185242 0
0.29398202896118164 0
0.6706532835960388 1
0.10468152165412903 0
0.3842671513557434 0
0.27340590953826904 0
0.007040996104478836 0
0.7048556208610535 1
0.31851500272750854 0
0.38533204793930054 0
0.08344816416501999 0
0.07573729753494263 0
0.6456301212310791 1
0.01864762231707573 0
0.18130630254745483 0
0.3813530206680298 0
0.1860770434141159 0
0.6630004048347473 1
0.011155989021062851 0
0.02497258596122265 0
0.1507171094417572 0
0.024304967373609543 0
0.5049514770507812 1
0.19436177611351013 0
0.3274231255054474 0
0.03571208566427231 0
0.027246003970503807 0
0.36143824458122253 1
0.33050328493118286 0
0.3329743444919586 0
0.33351320028305054 0
0.3031228184700012 0
0.3364515006542206 1
0.1719842404127121 0
0.33343541622161865 0
0.3338388204574585 0
0.33710405230522156 0
0.34573954343795776 1
0.326724112033844 0
0.33272263407707214 0
0.07656073570251465 0
0.32930228114128113 0
0.33672285079956055 1
0.13050253689289093 0
0.3232676386833191 0
0.3302246928215027 0
0.01954384334385395 0
0.4408110976219177 1
0.0539722703397274 0
0.10230748355388641 0
0.3287436068058014 0
0.31007516384124756 0
0.660907506942749 1
0.0777844786643982 0
0.21689432859420776 0
0.3369694650173187 0
0.36043187975883484 0
0.6809739470481873 1
0.6623545289039612 0
0.6693463325500488 0
0.484969824552536 0
0.2701413035392761 0
0.6848150491714478 1
0.4306949973106384 0
0.6154724955558777 0
0.33211618661880493 0
0.42133188247680664 0
0.7874823808670044 1
0.3773948848247528 0
0.35796043276786804 0
0.024648291990160942 0
0.36575958132743835 0
0.6678376197814941 1
0.30951809883117676 0
0.38666772842407227 0
0.5107426643371582 0
0.05198891460895538 0
0.6763547658920288 1
0.3343202769756317 0
0.6592024564743042 0
0.33327850699424744 0
0.1896902173757553 0
0.894075334072113 1
0.6461628675460815 0
0.8896982669830322 0
0.6644956469535828 0
0.08929574489593506 0
0.3335404098033905 1
0.9219094514846802 0
0.9698805212974548 0
0.575991153717041 0
0.5825583934783936 0
0.3685550093650818 1
0.7495263814926147 0
0.9824117422103882 0
0.2726021409034729 0
0.3597763478755951 0
0.5646007657051086 1
0.5578620433807373 0
0.9892324805259705 0
0.20197974145412445 0
0.15364417433738708 0
0.5081162452697754 1
0.8368076682090759 0
0.94920414686203 0
0.480513334274292 0
0.14311710000038147 0
0.42176827788352966 1
0.701217532157898 0
0.977503776550293 0
0.3014516234397888 0
0.12117785215377808 0
0.656219482421875 1
0.7439239025115967 0
0.9167997241020203 0
0.642974317073822 0
0.6835271120071411 0
0.6713972091674805 1
0.28679728507995605 0
0.2882937788963318 0
0.36675938963890076 0
0.2550594210624695 0
0.6695372462272644 1
0.2955319285392761 0
0.3358946442604065 0
0.5792638063430786 0
0.5418118834495544 0
0.9900174140930176 1
0.08558093011379242 0
0.3281211853027344 0
0.2428266406059265 0
0.5068689584732056 0
0.6013666987419128 1
0.0004425645456649363 0
0.2585648000240326 0
0.43315979838371277 0
0.010309591889381409 0
0.6709537506103516 1
0.07239730656147003 0
0.31236502528190613 0
0.3214457333087921 0
0.010927144438028336 0
0.9424653053283691 1
0.3241094946861267 0
0.08628182113170624 0
0.6579986810684204 0
0.08950918912887573 0
0.4693068265914917 1
0.3362753391265869 0
0.3338157832622528 0
0.4809863567352295 0
0.3326812982559204 0
0.6908673644065857 1
0.3301445245742798 0
0.35092100501060486 0
0.3451516032218933 0
0.4838353097438812 0
0.5590164661407471 1
0.12677627801895142 0
0.33414602279663086 0
0.11214335262775421 0
0.30809515714645386 0
0.6790095567703247 1
0.3323068618774414 0
0.6372225880622864 0
0.022904304787516594 0
0.15638010203838348 0
0.6140576004981995 1
0.33062493801116943 0
0.34866517782211304 0
0.3335675597190857 0
0.03133252263069153 0
0.8187317252159119 1
0.6894111037254333 0
0.9068631529808044 0
0.6663061380386353 0
0.5452898144721985 0
0.5486151576042175 1
0.3337406814098358 0
0.43069571256637573 0
0.43580424785614014 0
0.12844455242156982 0
0.670311689376831 1
0.12312735617160797 0
0.5172410011291504 0
0.3103595972061157 0
0.32141953706741333 0
0.6513437032699585 1
0.15777705609798431 0
0.6547053456306458 0
0.31943342089653015 0
0.20791271328926086 0
0.3684471547603607 1
0.2280077338218689 0
0.06991451978683472 0
0.31124019622802734 0
0.0006661547813564539 0
0.6644103527069092 1
0.09596879780292511 0
0.19951274991035461 0
0.33322983980178833 0
0.04262612387537956 0
0.7556037902832031 1
0.40523597598075867 0
0.7115189433097839 0
0.6542013883590698 0
0.03017374873161316 0
