0.2036019265651703 1
0.4340651035308838 1
0.133729949593544 1
0.145026296377182 1
0.003818515222519636 1
0.2201862782239914 1
0.6548770666122437 1
0.05273257941007614 1
0.6098510026931763 1
0.06632483005523682 1
0.3730936646461487 1
0.21962833404541016 1
0.4371849298477173 1
0.50787353515625 1
0.9431604743003845 1
0.2767333686351776 1
0.04870148003101349 1
0.373614639043808 1
0.0040625170804560184 1
0.7487380504608154 1
0.18642839789390564 1
0.21959809958934784 1
0.8788748979568481 1
0.0035917393397539854 0
0.0015139710158109665 0
0.6099666953086853 0
0.00022311908833216876 0
0.015396134927868843 0
0.28849175572395325 0
0.00014383351663127542 0
0.0002636339049786329 0
0.05544346570968628 0
0.0018153029959648848 0
0.006473012268543243 0
0.7067326903343201 0
2.539828528824728e-05 0
0.0002492982312105596 0
0.5022684335708618 0
0.0003126857918687165 0
5.838989090989344e-05 0
0.6507045030593872 0
0.00013941520592197776 0
5.2100655011599883e-05 0
0.6533122062683105 0
0.0008545636665076017 0
0.0015886969631537795 0
0.3295094966888428 0
0.0006835869280621409 0
0.0011536289239302278 0
0.34900963306427 0
3.9643156924284995e-05 0
0.0006334751378744841 0
0.3262506425380707 0
0.00047082730452530086 0
0.001403946429491043 0
0.3018258213996887 0
0.0006485715857706964 0
0.0027657081373035908 0
0.3373865485191345 0
0.0010541446972638369 0
0.0019693803042173386 0
0.3756222724914551 0
0.0002925897715613246 0
0.0037258551456034184 0
0.3115001916885376 0
0.004577030427753925 0
0.002552393823862076 0
0.34969350695610046 0
0.0011521684937179089 0
0.001075426465831697 0
0.3743252456188202 0
0.004024753347039223 0
0.002365537453442812 0
0.6414774656295776 0
7.190212636487558e-05 0
0.004694881848990917 0
0.371592253446579 0
0.00014253721747081727 0
0.00016853245324455202 0
0.3486858010292053 0
0.0006171930581331253 0
0.001768731395713985 0
0.5943021178245544 0
0.0008127271430566907 0
0.002808187622576952 0
0.15577653050422668 0
0.0008588167256675661 0
0.0010932318400591612 0
0.6152405738830566 0
0.019878240302205086 0
0.000782306247856468 0
0.6705498695373535 0
0.6926612854003906 1
0.8608068227767944 1
0.4920872151851654 1
0.6760454177856445 1
0.710371732711792 1
0.8412696123123169 1
0.8746477961540222 1
0.9352700114250183 1
0.8198821544647217 1
0.2775130867958069 1
0.35239681601524353 1
0.8088120818138123 1
0.3657609820365906 1
0.3795955777168274 1
0.4937337636947632 1
0.3291500508785248 1
0.7189411520957947 1
0.30033349990844727 1
0.46962201595306396 1
0.24000796675682068 1
0.6541563272476196 1
0.6401630640029907 1
0.49750375747680664 1
