0.03075285069644451 1
0.4063175916671753 1
0.07842235267162323 1
0.28997015953063965 1
0.0010024504736065865 1
0.4957192838191986 1
0.6384961605072021 1
0.00038774777203798294 1
0.4821189343929291 1
0.21323655545711517 1
0.3330399990081787 1
0.1266254037618637 1
0.3321419954299927 1
0.6035034656524658 1
0.19553570449352264 1
0.6499492526054382 1
0.0005541031714528799 1
0.48762208223342896 1
0.021105404943227768 1
0.6734000444412231 1
0.29046982526779175 1
0.03054816648364067 1
0.7423491477966309 1
0.0029345210641622543 0
0.0012201264034956694 0
0.3350945711135864 0
0.0004891444114036858 0
0.07042502611875534 0
0.17877106368541718 0
0.0004277473490219563 0
0.0013268901966512203 0
0.27070870995521545 0
0.008736512623727322 0
0.07782052457332611 0
0.37637925148010254 0
0.00015534502745140344 0
0.00012750859605148435 0
0.26362118124961853 0
0.0023856358602643013 0
9.681635128799826e-05 0
0.3136035203933716 0
0.0007969728903844953 0
0.006185736041516066 0
0.5896753668785095 0
0.029491886496543884 0
0.0031001565512269735 0
0.3416810929775238 0
0.0010154347401112318 0
0.013790430501103401 0
0.2944331169128418 0
0.00045260449405759573 0
0.0012033923994749784 0
0.3311738967895508 0
0.0050969477742910385 0
0.011575582437217236 0
0.29410213232040405 0
0.0013246985618025064 0
0.013977862894535065 0
0.33699923753738403 0
0.002908974653109908 0
0.0032813423313200474 0
0.34238260984420776 0
0.000512161641381681 0
0.009295150637626648 0
0.31487709283828735 0
0.017306655645370483 0
0.002103113103657961 0
0.46540117263793945 0
0.001440111780539155 0
0.004010503645986319 0
0.31878623366355896 0
0.00891198217868805 0
0.00899055227637291 0
0.3672156035900116 0
0.000194041698705405 0
0.00880697462707758 0
0.32810676097869873 0
0.0003266144194640219 0
0.0017316469457000494 0
0.42835694551467896 0
0.021681807935237885 0
0.0031226067803800106 0
0.5647088289260864 0
0.011936010792851448 0
0.01612517237663269 0
0.3892361521720886 0
0.0024633798748254776 0
0.0027332142926752567 0
0.6042589545249939 0
0.06012005731463432 0
0.0005338239716365933 0
0.6772112250328064 0
0.7125624418258667 1
0.8089558482170105 1
0.10851424932479858 1
0.6893007159233093 1
0.640468955039978 1
0.9116050601005554 1
0.8348697423934937 1
0.8302578330039978 1
0.7647239565849304 1
0.35280299186706543 1
0.5274394750595093 1
0.7503645420074463 1
0.3869677484035492 1
0.5233476758003235 1
0.6463978886604309 1
0.3408516049385071 1
0.7962336540222168 1
0.3474388122558594 1
0.3372809886932373 1
0.2847170829772949 1
0.4739606976509094 1
0.5944198966026306 1
0.4212251603603363 1
