0.04911559447646141 1
0.49661850929260254 1
0.20264369249343872 1
0.6982259154319763 1
0.20168572664260864 1
0.515999436378479 1
0.6675407290458679 1
0.00219483720138669 1
0.659552812576294 1
0.1086285412311554 1
0.37486475706100464 1
0.22507601976394653 1
0.6281957626342773 1
0.6893515586853027 1
0.9477334022521973 1
0.3381015658378601 1
0.03830498084425926 1
0.6250380277633667 1
0.1990233063697815 1
0.8238303065299988 1
0.33414894342422485 1
0.3422117829322815 1
0.7759582996368408 1
0.005487695336341858 0
0.003103945404291153 0
0.44310814142227173 0
0.0012168560642749071 0
0.19675010442733765 0
0.3049742579460144 0
0.003495842684060335 0
0.003995904233306646 0
0.27506253123283386 0
0.05137964338064194 0
0.07785879820585251 0
0.7809520959854126 0
0.0001297735288972035 0
0.00025663647102192044 0
0.5641765594482422 0
0.0026161838322877884 0
0.00030105895712040365 0
0.5726544260978699 0
0.0011820329818874598 0
0.0011803401866927743 0
0.6046292781829834 0
0.01114974357187748 0
0.005143420305103064 0
0.33606502413749695 0
0.002401916543021798 0
0.015316171571612358 0
0.3756558895111084 0
0.0018085904885083437 0
0.004267054609954357 0
0.33251953125 0
0.009152187965810299 0
0.011341933161020279 0
0.3147355020046234 0
0.005356290843337774 0
0.03172597289085388 0
0.3376193940639496 0
0.011746542528271675 0
0.0039011479821056128 0
0.3300776779651642 0
0.0007730892393738031 0
0.016736913472414017 0
0.4554945230484009 0
0.10619549453258514 0
0.005236448720097542 0
0.37234896421432495 0
0.0019039527978748083 0
0.00302756205201149 0
0.33714717626571655 0
0.019273586571216583 0
0.027783580124378204 0
0.35330402851104736 0
0.00026564160361886024 0
0.05774052441120148 0
0.3517342209815979 0
0.0006195413880050182 0
0.003167448565363884 0
0.396811842918396 0
0.023963458836078644 0
0.004011050797998905 0
0.5918949246406555 0
0.013662479817867279 0
0.057836320251226425 0
0.33874136209487915 0
0.005412749946117401 0
0.0030131188686937094 0
0.6473283171653748 0
0.24823427200317383 0
0.0010074761230498552 0
0.7112841606140137 0
0.7224516272544861 1
0.8224288821220398 1
0.5844321250915527 1
0.7101702690124512 1
0.7271108031272888 1
0.8540875911712646 1
0.7614244222640991 1
0.8901421427726746 1
0.7969419956207275 1
0.35746774077415466 1
0.574378252029419 1
0.7436623573303223 1
0.37568289041519165 1
0.36723193526268005 1
0.5898172855377197 1
0.3486912250518799 1
0.8096489310264587 1
0.3658068776130676 1
0.5102943181991577 1
0.37909919023513794 1
0.5089443922042847 1
0.701819121837616 1
0.5433791875839233 1
