0.42334455251693726 1
0.38156914710998535 1
0.3363916277885437 1
0.4230564832687378 1
0.1768234372138977 1
0.4818517565727234 1
0.5421666502952576 1
0.04619036242365837 1
0.33026185631752014 1
0.23801569640636444 1
0.36896634101867676 1
0.26188984513282776 1
0.2091243714094162 1
0.42481729388237 1
0.7146689295768738 1
0.30942222476005554 1
0.09485258162021637 1
0.3366023302078247 1
0.19404524564743042 1
0.6590952277183533 1
0.32428592443466187 1
0.4524601399898529 1
0.6032761335372925 1
0.04263223707675934 0
0.04855844005942345 0
0.6475212574005127 0
0.017442047595977783 0
0.2772027254104614 0
0.3546041250228882 0
0.013414896093308926 0
0.010107607580721378 0
0.2626940906047821 0
0.1596980094909668 0
0.13128972053527832 0
0.8714658617973328 0
0.01622648350894451 0
0.018825551494956017 0
0.9550585746765137 0
0.008448385633528233 0
0.000899618724361062 0
0.6845601797103882 0
0.002597562037408352 0
0.012969590723514557 0
0.6352380514144897 0
0.16905280947685242 0
0.026227785274386406 0
0.35993263125419617 0
0.0056085241958498955 0
0.05302761122584343 0
0.5181649923324585 0
0.018932759761810303 0
0.047717444598674774 0
0.41648298501968384 0
0.0689409077167511 0
0.04702010378241539 0
0.4340561628341675 0
0.26097166538238525 0
0.27510368824005127 0
0.4830920696258545 0
0.15716518461704254 0
0.06212653964757919 0
0.556995153427124 0
0.009324632585048676 0
0.07949720323085785 0
0.3795337677001953 0
0.24335208535194397 0
0.09902706742286682 0
0.7278283834457397 0
0.0921405777335167 0
0.0692446157336235 0
0.7324230670928955 0
0.45216816663742065 0
0.2416672706604004 0
0.7078243494033813 0
0.015934333205223083 0
0.18799903988838196 0
0.6141358613967896 0
0.06491054594516754 0
0.09441640973091125 0
0.7370926141738892 0
0.09972437471151352 0
0.12055326998233795 0
0.6057567596435547 0
0.07266055047512054 0
0.14160394668579102 0
0.5044117569923401 0
0.15933488309383392 0
0.04270205646753311 0
0.8133033514022827 0
0.3162914514541626 0
0.021760333329439163 0
0.768507719039917 0
0.8013715744018555 1
0.9165290594100952 1
0.4205910563468933 1
0.724601149559021 1
0.9663950800895691 1
0.9352931976318359 1
0.9601879119873047 1
0.9337353110313416 1
0.8702226877212524 1
0.6163515448570251 1
0.5875710248947144 1
0.8539791107177734 1
0.7597943544387817 1
0.5170800089836121 1
0.7806072235107422 1
0.4466848075389862 1
0.9131473898887634 1
0.6941530108451843 1
0.7704168558120728 1
0.551493763923645 1
0.7708553075790405 1
0.8659716844558716 1
0.6262849569320679 1
