0.6745557188987732 1
0.3189043402671814 0
0.33456429839134216 0
0.32755541801452637 0
0.4776509702205658 0
0.6390416622161865 1
0.14499877393245697 0
0.3258044719696045 0
0.32583773136138916 0
0.5987759232521057 0
0.5760573744773865 1
0.33254900574684143 0
0.3341306447982788 0
0.3310735821723938 0
0.44463878870010376 0
0.7936210036277771 1
0.4862945079803467 0
0.45417219400405884 0
0.3025241196155548 0
0.5706702470779419 0
0.8232605457305908 1
0.6001223921775818 0
0.7311295866966248 0
0.3645162284374237 0
0.6573590040206909 0
0.9217401742935181 1
0.6780630946159363 0
0.46914517879486084 0
0.3306935727596283 0
0.6684819459915161 0
0.5577831268310547 1
0.6312761306762695 0
0.9098464846611023 0
0.3226945996284485 0
0.3538110852241516 0
0.6107012629508972 1
0.6787221431732178 0
0.3367668390274048 0
0.33402693271636963 0
0.5834711790084839 0
0.3540179431438446 1
0.6609951257705688 0
0.8699872493743896 0
0.32682326436042786 0
0.333377480506897 0
0.949660062789917 1
0.295035183429718 0
0.33255940675735474 0
0.3237491250038147 0
0.6636974215507507 0
0.7191795110702515 1
0.29319852590560913 0
0.1459694355726242 0
0.517181932926178 0
0.6509717702865601 0
0.7618553638458252 1
0.3313777446746826 0
0.33337363600730896 0
0.3540381193161011 0
0.6718623638153076 0
0.8243143558502197 1
0.3674849271774292 0
0.33631181716918945 0
0.2954564690589905 0
0.37245985865592957 0
0.7173110842704773 1
0.8740924596786499 0
0.8837382793426514 0
0.3699513077735901 0
0.8709463477134705 0
0.6546823978424072 1
0.33224767446517944 0
0.33388185501098633 0
0.3341648578643799 0
0.5743309855461121 0
0.68081134557724 1
0.24703720211982727 0
0.6681241393089294 0
0.3341815173625946 0
0.41698938608169556 0
0.7610694766044617 1
0.6385442614555359 0
0.6278040409088135 0
0.7972782850265503 0
0.5200918912887573 0
0.7200588583946228 1
0.21189682185649872 0
0.5337345004081726 0
0.36537811160087585 0
0.5016692876815796 0
0.6608080267906189 1
0.0029591580387204885 0
0.035906512290239334 0
0.19435015320777893 0
0.2276609241962433 0
0.6195124387741089 1
0.0038030154537409544 0
0.29542285203933716 0
0.10061921924352646 0
0.11582280695438385 0
0.5308215618133545 1
0.019701309502124786 0
0.3285366892814636 0
0.2404550313949585 0
0.13195684552192688 0
0.6678447127342224 1
0.12680192291736603 0
0.6904605627059937 0
0.4285939633846283 0
0.05778966844081879 0
0.6667732000350952 1
0.05019405111670494 0
0.64604252576828 0
0.16586284339427948 0
0.14981034398078918 0
0.4743746519088745 1
0.21136391162872314 0
0.6357967257499695 0
0.13825424015522003 0
0.06566117703914642 0
0.6666243076324463 1
0.038866076618433 0
0.6414163112640381 0
0.6441418528556824 0
0.34539422392845154 0
0.6216899752616882 1
0.07518728822469711 0
0.5211530923843384 0
0.39986634254455566 0
0.5320724248886108 0
0.472378134727478 1
0.08926084637641907 0
0.7044975161552429 0
0.16981762647628784 0
0.31361401081085205 0
0.6605843305587769 1
0.10121848434209824 0
0.5530864000320435 0
0.6567212343215942 0
0.5653665065765381 0
0.6646714806556702 1
0.031247612088918686 0
0.3230278789997101 0
0.3370736539363861 0
0.31924813985824585 0
0.5898424386978149 1
0.034538451582193375 0
0.3380523920059204 0
0.3061290383338928 0
0.3229368031024933 0
0.6848509311676025 1
0.135178804397583 0
0.5326241254806519 0
0.13095419108867645 0
0.4269813001155853 0
0.6709263324737549 1
0.19267886877059937 0
0.4517373740673065 0
0.12005025148391724 0
0.009601310826838017 0
0.659306526184082 1
0.19120872020721436 0
0.38823410868644714 0
0.07817579060792923 0
0.16935968399047852 0
0.6580203771591187 1
0.04154821112751961 0
0.290671706199646 0
0.46155235171318054 0
0.11239716410636902 0
0.6591105461120605 1
0.016294820234179497 0
0.0389709547162056 0
0.27908867597579956 0
0.07273111492395401 0
0.3443346619606018 1
0.049447059631347656 0
0.13952434062957764 0
0.02782249264419079 0
0.030840542167425156 0
0.4989573657512665 1
0.3152852952480316 0
0.3330916166305542 0
0.33426937460899353 0
0.07811067998409271 0
0.5075652599334717 1
0.1964453160762787 0
0.34092003107070923 0
0.37180811166763306 0
0.5292952060699463 0
0.4040897786617279 1
0.3343309164047241 0
0.33377301692962646 0
0.24312268197536469 0
0.32256102561950684 0
0.421211838722229 1
0.016367465257644653 0
0.32575637102127075 0
0.332943856716156 0
0.014835703186690807 0
0.6002416014671326 1
0.024304218590259552 0
0.1966923475265503 0
0.307240754365921 0
0.013000025413930416 0
0.6006532907485962 1
0.1276799440383911 0
0.32954609394073486 0
0.34124279022216797 0
0.1348855346441269 0
0.7227485179901123 1
0.6463618278503418 0
0.6637142896652222 0
0.515945315361023 0
0.0310620479285717 0
0.7249140739440918 1
0.3300609290599823 0
0.626218855381012 0
0.3739846348762512 0
0.6415436863899231 0
0.8588489890098572 1
0.35033851861953735 0
0.34093374013900757 0
0.293362021446228 0
0.3355090022087097 0
0.6690003275871277 1
0.15649861097335815 0
0.3431229293346405 0
0.5000665783882141 0
0.016377199441194534 0
0.6712425947189331 1
0.17216283082962036 0
0.5821216106414795 0
0.3352813720703125 0
0.02524445578455925 0
0.7922910451889038 1
0.3700581192970276 0
0.7070767283439636 0
0.655350387096405 0
0.11675278842449188 0
0.33590957522392273 1
0.21239453554153442 0
0.6369531154632568 0
0.6474308967590332 0
0.5660343170166016 0
0.5000388622283936 1
0.05118216201663017 0
0.49066758155822754 0
0.353048175573349 0
0.6039847731590271 0
0.4614587426185608 1
0.14277958869934082 0
0.6014035940170288 0
0.039369989186525345 0
0.08440765738487244 0
0.6173076629638672 1
0.11194100230932236 0
0.5660684108734131 0
0.6397229433059692 0
0.13510802388191223 0
0.6320608854293823 1
0.030406519770622253 0
0.3097304105758667 0
0.3279739022254944 0
0.06583112478256226 0
0.5449410080909729 1
0.2987285852432251 0
0.35239845514297485 0
0.44286906719207764 0
0.6675649881362915 0
0.6698421835899353 1
0.25439590215682983 0
0.3324701488018036 0
0.5498003959655762 0
0.04889693483710289 0
0.6871483325958252 1
0.29781174659729004 0
0.34573960304260254 0
0.5741965174674988 0
0.6533529758453369 0
0.9573561549186707 1
0.29992032051086426 0
0.33345937728881836 0
0.3280861973762512 0
0.5317680835723877 0
0.6610993146896362 1
0.0047639100812375546 0
0.33341333270072937 0
0.47368404269218445 0
0.014454882591962814 0
0.6674200296401978 1
0.02362542226910591 0
0.3331758677959442 0
0.550726592540741 0
0.01737545058131218 0
0.9432752132415771 1
0.27353450655937195 0
0.34324872493743896 0
0.6116483211517334 0
0.06398752331733704 0
0.47778794169425964 1
0.576596736907959 0
0.33433663845062256 0
0.6590098142623901 0
0.3592081665992737 0
0.6695981025695801 1
0.417402982711792 0
0.379047691822052 0
0.47091448307037354 0
0.584922194480896 0
0.5478835701942444 1
0.2977922260761261 0
0.33347436785697937 0
0.3128845691680908 0
0.34100112318992615 0
0.684760570526123 1
0.2772511839866638 0
0.6550998687744141 0
0.03121955320239067 0
0.0998680517077446 0
0.664764404296875 1
0.33287617564201355 0
0.3365580439567566 0
0.37165507674217224 0
0.0682956650853157 0
0.8067975044250488 1
0.5816249847412109 0
0.7376999855041504 0
0.6689483523368835 0
0.4004479646682739 0
0.6058911085128784 1
0.26369714736938477 0
0.48350465297698975 0
0.5903857946395874 0
0.049571678042411804 0
0.6924468874931335 1
0.03361237049102783 0
0.501483678817749 0
0.32961440086364746 0
0.33846408128738403 0
0.3438138961791992 1
0.08015834540128708 0
0.6554129719734192 0
0.28995928168296814 0
0.3113612234592438 0
0.5008248090744019 1
0.014542028307914734 0
0.07642130553722382 0
0.3257759213447571 0
0.0002128538180841133 0
0.6407145857810974 1
0.007100055925548077 0
0.10378013551235199 0
0.3252880573272705 0
0.0018457783153280616 0
0.5333110094070435 1
0.05520690605044365 0
0.35677939653396606 0
0.4858291745185852 0
0.007559870835393667 0
