0.10841843485832214 1
0.3896278738975525 1
0.24525253474712372 1
0.5326715707778931 1
0.06843289732933044 1
0.46350228786468506 1
0.7396034598350525 1
0.003564271843060851 1
0.4502401351928711 1
0.25259435176849365 1
0.35955244302749634 1
0.25771141052246094 1
0.5547236204147339 1
0.563637912273407 1
0.9133732318878174 1
0.6840729117393494 1
0.008363964967429638 1
0.49451667070388794 1
0.01269302424043417 1
0.8024560213088989 1
0.3269689381122589 1
0.51235032081604 1
0.7717124819755554 1
0.002032460644841194 0
0.0013178144581615925 0
0.4684908390045166 0
0.0004927708068862557 0
0.17610979080200195 0
0.22424942255020142 0
0.0010118009522557259 0
0.0014820618089288473 0
0.20700888335704803 0
0.0669984295964241 0
0.023190319538116455 0
0.6895918250083923 0
4.81124225188978e-05 0
0.00010510364518268034 0
0.6238535642623901 0
0.0007993943290784955 0
0.00037860183510929346 0
0.5123232007026672 0
0.0007750405929982662 0
0.0004349389055278152 0
0.6030859351158142 0
0.0042136311531066895 0
0.0031749443151056767 0
0.3352886438369751 0
0.0006473160465247929 0
0.008280233480036259 0
0.34480413794517517 0
0.000534158549271524 0
0.007938651368021965 0
0.33047330379486084 0
0.0011838952777907252 0
0.006173896603286266 0
0.31241339445114136 0
0.006624103989452124 0
0.024105355143547058 0
0.3473280370235443 0
0.0014418516075238585 0
0.004138207994401455 0
0.34133732318878174 0
0.0002762046060524881 0
0.02024230547249317 0
0.3785523772239685 0
0.039395783096551895 0
0.00650845468044281 0
0.5187199115753174 0
0.0008128096233122051 0
0.0034150579012930393 0
0.35471925139427185 0
0.013783581554889679 0
0.09853463619947433 0
0.4840138554573059 0
0.00013746051990892738 0
0.0104889627546072 0
0.32507920265197754 0
0.000240561188547872 0
0.0006599350599572062 0
0.3499133288860321 0
0.06790466606616974 0
0.00537279574200511 0
0.584574818611145 0
0.008112102746963501 0
0.03357570245862007 0
0.3409307599067688 0
0.0039053531363606453 0
0.003264735220000148 0
0.6383312940597534 0
0.06499345600605011 0
0.002037519123405218 0
0.6824250221252441 0
0.7217583656311035 1
0.8204900622367859 1
0.32167044281959534 1
0.7044100165367126 1
0.6949310302734375 1
0.782575786113739 1
0.7868573069572449 1
0.9034592509269714 1
0.72906494140625 1
0.35644277930259705 1
0.5088152885437012 1
0.7275367975234985 1
0.36283624172210693 1
0.44890889525413513 1
0.6466668248176575 1
0.35695523023605347 1
0.8003334403038025 1
0.3796212077140808 1
0.5111634731292725 1
0.31792664527893066 1
0.6610702276229858 1
0.6756840944290161 1
0.6076136827468872 1
