0.44081515073776245 1
0.4475785493850708 1
0.28296321630477905 1
0.2668892741203308 1
0.10042958706617355 1
0.5507538318634033 1
0.7299304008483887 1
0.00986484531313181 1
0.6047691702842712 1
0.14514482021331787 1
0.49983298778533936 1
0.1975340098142624 1
0.5999663472175598 1
0.637999951839447 1
0.9448074698448181 1
0.6596922874450684 1
0.021967895328998566 1
0.6184313893318176 1
0.14355608820915222 1
0.697070300579071 1
0.34186995029449463 1
0.3254406452178955 1
0.8460967540740967 1
0.004979507066309452 0
0.003838883712887764 0
0.41181641817092896 0
0.0004966604174114764 0
0.09658484160900116 0
0.2825300693511963 0
0.0018856580136343837 0
0.001683215843513608 0
0.2716839909553528 0
0.07824753224849701 0
0.028660841286182404 0
0.8522254824638367 0
2.999779644596856e-05 0
0.00026841231738217175 0
0.7001492381095886 0
0.0031195252668112516 0
0.00024384722928516567 0
0.4199139475822449 0
0.000562165048904717 0
0.006426030304282904 0
0.5006742477416992 0
0.03571946546435356 0
0.0046007828786969185 0
0.3338945508003235 0
0.0015570414252579212 0
0.01223178580403328 0
0.3374124765396118 0
0.001337292604148388 0
0.005741079803556204 0
0.33317452669143677 0
0.008455948904156685 0
0.006135645322501659 0
0.3204873204231262 0
0.005256992764770985 0
0.01090562529861927 0
0.3387492299079895 0
0.0032285666093230247 0
0.0017685749335214496 0
0.3302311301231384 0
0.0014473844785243273 0
0.013540465384721756 0
0.3597564101219177 0
0.045521900057792664 0
0.0024171434342861176 0
0.39438316226005554 0
0.0006531999679282308 0
0.0017169611528515816 0
0.3358171880245209 0
0.002782687544822693 0
0.010816162452101707 0
0.35445529222488403 0
0.00042203080374747515 0
0.018510088324546814 0
0.34687137603759766 0
0.0015029222704470158 0
0.0016561492811888456 0
0.37796610593795776 0
0.019514573737978935 0
0.022217318415641785 0
0.6162257194519043 0
0.012227371335029602 0
0.058368634432554245 0
0.4087402820587158 0
0.0036463430151343346 0
0.010191667824983597 0
0.4629931151866913 0
0.042754918336868286 0
0.0005699348985217512 0
0.6300743818283081 0
0.7061209082603455 1
0.8067023754119873 1
0.4719296097755432 1
0.6988685131072998 1
0.7130320072174072 1
0.7943875789642334 1
0.8183380365371704 1
0.9237884283065796 1
0.8004943132400513 1
0.3882581889629364 1
0.6700436472892761 1
0.7738027572631836 1
0.3675249516963959 1
0.4208076596260071 1
0.5678735971450806 1
0.28873133659362793 1
0.7702807188034058 1
0.38638532161712646 1
0.33770811557769775 1
0.3410714268684387 1
0.6560964584350586 1
0.7003481388092041 1
0.5825766921043396 1
