0.3926944136619568 1
0.36802828311920166 1
0.22721795737743378 1
0.23692628741264343 1
0.19093209505081177 1
0.5188474059104919 1
0.47638922929763794 1
0.038886092603206635 1
0.46472224593162537 1
0.10197900980710983 1
0.2093190997838974 1
0.30367690324783325 1
0.19774936139583588 1
0.44614583253860474 1
0.7305870056152344 1
0.32297074794769287 1
0.008707867003977299 1
0.2638532817363739 1
0.22295665740966797 1
0.6130134463310242 1
0.2782888412475586 1
0.5342671871185303 1
0.7961859107017517 1
0.008168637752532959 0
0.016749994829297066 0
0.5717883110046387 0
0.0024526165798306465 0
0.1515897959470749 0
0.2860693037509918 0
0.005257794167846441 0
0.0030080981086939573 0
0.11821281909942627 0
0.1139250099658966 0
0.03153428062796593 0
0.5472104549407959 0
0.0009132587583735585 0
0.0014372154837474227 0
0.5730128288269043 0
0.00261395750567317 0
0.0006160869961604476 0
0.4814926087856293 0
0.0036123746540397406 0
0.002240919740870595 0
0.5513482093811035 0
0.06963080912828445 0
0.008908123709261417 0
0.30045580863952637 0
0.0008662231266498566 0
0.006148350890725851 0
0.39556044340133667 0
0.004887728486210108 0
0.045335765928030014 0
0.3449540138244629 0
0.012655085884034634 0
0.006034924648702145 0
0.36651527881622314 0
0.10976347327232361 0
0.06633493304252625 0
0.4487265348434448 0
0.08453913033008575 0
0.009138190187513828 0
0.3682042062282562 0
0.0030781615059822798 0
0.05957603454589844 0
0.3767251968383789 0
0.15332287549972534 0
0.031978581100702286 0
0.5103425979614258 0
0.020871413871645927 0
0.015048622153699398 0
0.47178828716278076 0
0.06731650978326797 0
0.04429682716727257 0
0.500953733921051 0
0.0038673519156873226 0
0.03351574018597603 0
0.42427659034729004 0
0.00590358255431056 0
0.007162456400692463 0
0.576031506061554 0
0.056328486651182175 0
0.015395177528262138 0
0.4302895963191986 0
0.007971199229359627 0
0.07636168599128723 0
0.40194523334503174 0
0.02062908560037613 0
0.010487547144293785 0
0.7186197638511658 0
0.17418748140335083 0
0.016711097210645676 0
0.785151481628418 0
0.7652818560600281 1
0.890015721321106 1
0.3992817997932434 1
0.7257397174835205 1
0.9685229659080505 1
0.9685262441635132 1
0.9679464101791382 1
0.973301351070404 1
0.9054596424102783 1
0.4880342185497284 1
0.44655364751815796 1
0.8854634165763855 1
0.5425892472267151 1
0.4011877477169037 1
0.5402007699012756 1
0.3607833981513977 1
0.8507234454154968 1
0.6206332445144653 1
0.6244533061981201 1
0.4670325517654419 1
0.5409578084945679 1
0.7408089637756348 1
0.5787880420684814 1
