0.07553710788488388 1
0.36896735429763794 1
0.3355214595794678 1
0.3809337019920349 1
0.14613382518291473 1
0.5078146457672119 1
0.5630192160606384 1
0.05613842234015465 1
0.5829464793205261 1
0.27015453577041626 1
0.44934117794036865 1
0.3123495876789093 1
0.47741079330444336 1
0.6382853388786316 1
0.9455527663230896 1
0.31472939252853394 1
0.01717144250869751 1
0.5179985165596008 1
0.2723432183265686 1
0.7939885854721069 1
0.36532747745513916 1
0.23009485006332397 1
0.8099236488342285 1
0.00387647096067667 0
0.00269351527094841 0
0.41963791847229004 0
0.0007674111402593553 0
0.07419274747371674 0
0.3367167115211487 0
0.0007884250953793526 0
0.0018396502127870917 0
0.29878008365631104 0
0.04013312980532646 0
0.034487441182136536 0
0.6926639080047607 0
6.833086081314832e-05 0
0.00019564374815672636 0
0.6548889875411987 0
0.0011047024745494127 0
0.0002674843999557197 0
0.6344996690750122 0
0.0003203257219865918 0
0.0067147682420909405 0
0.6623498201370239 0
0.004369257017970085 0
0.005830820184201002 0
0.3363967835903168 0
0.0012291790917515755 0
0.010037867352366447 0
0.3439942002296448 0
0.0004932217998430133 0
0.0010657280217856169 0
0.3318370580673218 0
0.0020273118279874325 0
0.012783537618815899 0
0.32738661766052246 0
0.0033593177795410156 0
0.025232022628188133 0
0.33846327662467957 0
0.002882413100451231 0
0.0018518114229664207 0
0.33173874020576477 0
0.00032956304494291544 0
0.022082924842834473 0
0.3493412137031555 0
0.022823331877589226 0
0.004975886549800634 0
0.47077056765556335 0
0.002513325307518244 0
0.001410662429407239 0
0.34484192728996277 0
0.045801445841789246 0
0.004287085961550474 0
0.3846612870693207 0
0.0002610074880067259 0
0.0208643339574337 0
0.4224233031272888 0
0.0004917958285659552 0
0.0010450033005326986 0
0.35175761580467224 0
0.006257170811295509 0
0.009345762431621552 0
0.630483090877533 0
0.008016174659132957 0
0.03678883612155914 0
0.37713107466697693 0
0.0026364107616245747 0
0.0077416012063622475 0
0.6577075123786926 0
0.026197761297225952 0
0.0011985113378614187 0
0.6516112685203552 0
0.6750268340110779 1
0.8725576400756836 1
0.32502204179763794 1
0.6954959630966187 1
0.6929563879966736 1
0.7843090891838074 1
0.8339246511459351 1
0.870532214641571 1
0.7707823514938354 1
0.3473895192146301 1
0.6565228700637817 1
0.7235859632492065 1
0.34682905673980713 1
0.31918662786483765 1
0.5117275714874268 1
0.23497211933135986 1
0.7008876800537109 1
0.3274266719818115 1
0.40020751953125 1
0.32881373167037964 1
0.4262302815914154 1
0.658638596534729 1
0.45970281958580017 1
