0.9441877603530884 1
0.02893807366490364 0
0.14841800928115845 0
0.08745819330215454 0
0.5044711828231812 0
0.8523602485656738 1
0.02314821258187294 0
0.17488476634025574 0
0.15373459458351135 0
0.7778617143630981 0
0.8936784267425537 1
0.023972129449248314 0
0.22686991095542908 0
0.03759690746665001 0
0.06130324304103851 0
0.9772212505340576 1
0.26722317934036255 0
0.5876480340957642 0
0.17305371165275574 0
0.668724536895752 0
0.9557082653045654 1
0.5688465237617493 0
0.6949145197868347 0
0.8130240440368652 0
0.8678401708602905 0
0.9905214309692383 1
0.3425639867782593 0
0.8451948165893555 0
0.29561471939086914 0
0.6574373245239258 0
0.9178491830825806 1
0.22761046886444092 0
0.8416868448257446 0
0.04752449691295624 0
0.26366767287254333 0
0.9379485845565796 1
0.6850965023040771 0
0.09811986982822418 0
0.16459396481513977 0
0.5488449931144714 0
0.8720508813858032 1
0.5001059770584106 0
0.8926123380661011 0
0.017157865688204765 0
0.1399206519126892 0
0.9943482875823975 1
0.08146969974040985 0
0.1749400943517685 0
0.11551785469055176 0
0.7488580942153931 0
0.932209849357605 1
0.15198355913162231 0
0.03490159660577774 0
0.3345522880554199 0
0.9047678709030151 0
0.9306210279464722 1
0.07848598062992096 0
0.3785361647605896 0
0.17156052589416504 0
0.7135288715362549 0
0.9733312129974365 1
0.04001792520284653 0
0.07197575271129608 0
0.18366113305091858 0
0.306549996137619 0
0.9448654055595398 1
0.9711763262748718 0
0.8182367086410522 0
0.5916957855224609 0
0.9652705192565918 0
0.8987118601799011 1
0.20108932256698608 0
0.1723726987838745 0
0.32245713472366333 0
0.46667277812957764 0
0.9101178646087646 1
0.018597619608044624 0
0.43462568521499634 0
0.369173139333725 0
0.5987035632133484 0
0.923217236995697 1
0.5795553922653198 0
0.07148226350545883 0
0.9545552134513855 0
0.6394228935241699 0
0.8799678087234497 1
0.006973217241466045 0
0.47371286153793335 0
0.5424354076385498 0
0.9108728170394897 0
0.8505036234855652 1
0.0006088631344027817 0
0.0018135660793632269 0
0.08341782540082932 0
0.15959222614765167 0
0.811125636100769 1
0.0025977925397455692 0
0.007969431579113007 0
0.006120070815086365 0
0.0942080020904541 0
0.4407366216182709 1
0.00336783891543746 0
0.009824313223361969 0
0.00399049511179328 0
0.008086798712611198 0
0.9875918626785278 1
0.013326101005077362 0
0.9116634130477905 0
0.08552786707878113 0
0.05325403809547424 0
0.9545133113861084 1
0.0088186115026474 0
0.5343519449234009 0
0.028259141370654106 0
0.20005348324775696 0
0.7951868772506714 1
0.010327348485589027 0
0.45901772379875183 0
0.006825809832662344 0
0.02413109503686428 0
0.9363332986831665 1
0.008642526343464851 0
0.5457177758216858 0
0.5755996108055115 0
0.6384214758872986 0
0.9778701066970825 1
0.059398308396339417 0
0.7534860372543335 0
0.3452269732952118 0
0.5224446058273315 0
0.47808894515037537 1
0.4838406443595886 0
0.9403945803642273 0
0.010455548763275146 0
0.16525258123874664 0
0.7542613744735718 1
0.005022556520998478 0
0.44886839389801025 0
0.7159969210624695 0
0.5382494926452637 0
0.9502986669540405 1
0.014401949942111969 0
0.6952423453330994 0
0.3930875062942505 0
0.1265956461429596 0
0.6874818801879883 1
0.0037912940606474876 0
0.08971451967954636 0
0.05468645691871643 0
0.07487736642360687 0
0.986939549446106 1
0.008981111459434032 0
0.10590334236621857 0
0.017514556646347046 0
0.20814506709575653 0
0.9338192939758301 1
0.01213818695396185 0
0.04263110086321831 0
0.041719309985637665 0
0.003273865906521678 0
0.786351203918457 1
0.003528372850269079 0
0.07640077918767929 0
0.003486509434878826 0
0.007777771912515163 0
0.45984238386154175 1
0.005729470402002335 0
0.14145848155021667 0
0.33183103799819946 0
0.0785265862941742 0
0.7434685230255127 1
0.0018615953158587217 0
0.006801186129450798 0
0.060986027121543884 0
0.04752790182828903 0
0.31292471289634705 1
0.0025645806454122066 0
0.04996202513575554 0
0.004569733515381813 0
0.004745443817228079 0
0.4818936586380005 1
0.0003942015755455941 0
0.03698590397834778 0
0.020488936454057693 0
0.0006844705203548074 0
0.20060288906097412 1
0.0015023509040474892 0
0.13601237535476685 0
0.1724691092967987 0
0.03265416622161865 0
0.34271353483200073 1
0.03143058344721794 0
0.554815948009491 0
0.16023287177085876 0
0.34129661321640015 0
0.12044160813093185 1
0.0009576327865943313 0
0.015307486057281494 0
0.01705107092857361 0
0.002312404802069068 0
0.45801347494125366 1
0.001274784212000668 0
0.0019567343406379223 0
0.0026388815604150295 0
0.00045642402255907655 0
0.4712084233760834 1
0.000610638817306608 0
0.008262867107987404 0
0.0017330636037513614 0
0.00779704749584198 0
0.967312753200531 1
0.1086273044347763 0
0.6635770797729492 0
0.36429840326309204 0
2.562125700933393e-05 0
0.9959761500358582 1
0.017532020807266235 0
0.7794750928878784 0
0.8047443628311157 0
0.06103494390845299 0
0.9776287078857422 1
0.07060110569000244 0
0.6616086363792419 0
0.10616599023342133 0
0.151584655046463 0
0.8480008840560913 1
0.0001857980969361961 0
0.004125833511352539 0
0.31567540764808655 0
0.0024220203049480915 0
0.8453154563903809 1
0.004078616388142109 0
0.2647646963596344 0
0.01581922546029091 0
0.0003125726943835616 0
0.9338257312774658 1
0.03469778597354889 0
0.7669316530227661 0
0.368547648191452 0
0.005658742040395737 0
0.5891889333724976 1
0.30080336332321167 0
0.35493749380111694 0
0.23535118997097015 0
0.10777616500854492 0
0.5332597494125366 1
0.5052154660224915 0
0.5661332011222839 0
0.0055503156036138535 0
0.1105981096625328 0
0.3543868958950043 1
0.11994938552379608 0
0.4747835099697113 0
0.07984691858291626 0
0.19820523262023926 0
0.6102429032325745 1
0.5272830724716187 0
0.6570438146591187 0
0.012863734737038612 0
0.0019454695284366608 0
0.6411679983139038 1
0.6478383541107178 0
0.8786542415618896 0
0.011729208752512932 0
0.003130450611934066 0
0.7370676398277283 1
0.6457217931747437 0
0.8615281581878662 0
0.12084943056106567 0
0.4717877507209778 0
0.7720355987548828 1
0.0003812270879279822 0
0.2830609977245331 0
0.030227743089199066 0
0.00032548076706007123 0
0.6365579962730408 1
0.0068803890608251095 0
0.7844052314758301 0
0.659553050994873 0
0.3777354657649994 0
0.9770244359970093 1
0.21842828392982483 0
0.5950653553009033 0
0.1588204801082611 0
0.42330142855644226 0
0.027976930141448975 1
0.0020096669904887676 0
0.029840677976608276 0
0.3387221097946167 0
0.00021625203953590244 0
0.8630385398864746 1
0.0024265169631689787 0
0.27791309356689453 0
0.03419879451394081 0
0.00014084030408412218 0
0.9846165180206299 1
0.002305083442479372 0
0.041381388902664185 0
0.037435248494148254 0
0.0019802043680101633 0
0.7817195653915405 1
0.14773902297019958 0
0.22705595195293427 0
0.07648520916700363 0
0.007897927425801754 0
0.8574673533439636 1
0.01403719000518322 0
0.15237072110176086 0
0.32861968874931335 0
0.3812749981880188 0
0.9001535177230835 1
0.00765074510127306 0
0.42120981216430664 0
0.05387316271662712 0
0.16761556267738342 0
0.8102776408195496 1
0.0002917661040555686 0
0.1420624703168869 0
0.0001754929544404149 0
0.005761529318988323 0
0.7831993103027344 1
0.0029482035897672176 0
0.09019377082586288 0
0.007668014150112867 0
0.000288639246718958 0
0.8568533658981323 1
0.30959799885749817 0
0.8188239336013794 0
0.1065330058336258 0
0.008018865250051022 0
0.20314934849739075 1
0.0009909553918987513 0
0.15880033373832703 0
0.020208775997161865 0
0.00014037740766070783 0
0.8210846185684204 1
0.002479964168742299 0
0.6309201717376709 0
0.10967804491519928 0
0.06061333045363426 0
0.8011609315872192 1
0.01788293942809105 0
0.7863695621490479 0
0.13692842423915863 0
0.3876115083694458 0
0.016545962542295456 1
0.00027334241895005107 0
0.0015907259657979012 0
0.037518396973609924 0
9.736092761158943e-05 0
0.39817628264427185 1
0.0028111354913562536 0
0.006656288169324398 0
0.03616850823163986 0
0.0010105976834893227 0
0.784709095954895 1
0.028290849179029465 0
0.044030509889125824 0
0.13353249430656433 0
0.00420423224568367 0
