0.44074854254722595 1
0.4851253926753998 1
0.22181862592697144 1
0.473974347114563 1
0.018339579924941063 1
0.6051725149154663 1
0.8283145427703857 1
0.007880554534494877 1
0.6674643754959106 1
0.0856306254863739 1
0.46283194422721863 1
0.10309351980686188 1
0.598339319229126 1
0.5757347345352173 1
0.9583452939987183 1
0.43553590774536133 1
0.010914208367466927 1
0.5802664160728455 1
0.016180219128727913 1
0.8437639474868774 1
0.29021161794662476 1
0.43124115467071533 1
0.9649667739868164 1
0.0048933918587863445 0
0.005529198795557022 0
0.34441059827804565 0
0.0006694900803267956 0
0.05015462264418602 0
0.2770195007324219 0
0.002216245047748089 0
0.0014806449180468917 0
0.221444234251976 0
0.019280780106782913 0
0.16647638380527496 0
0.8281494975090027 0
7.056859612930566e-05 0
0.00024255370954051614 0
0.5199909210205078 0
0.0012708200374618173 0
0.00011327751417411491 0
0.25695526599884033 0
0.00023299120948649943 0
0.00010024403309216723 0
0.3708650469779968 0
0.030931157991290092 0
0.004380496684461832 0
0.33611756563186646 0
0.001027674414217472 0
0.016167376190423965 0
0.3463939130306244 0
0.001276218332350254 0
0.004808259196579456 0
0.3339143395423889 0
0.005544144660234451 0
0.011400997638702393 0
0.3209012746810913 0
0.00477936863899231 0
0.012284178286790848 0
0.3348352909088135 0
0.005870290100574493 0
0.0023281844332814217 0
0.32547885179519653 0
0.0013232551282271743 0
0.002936564851552248 0
0.3440391719341278 0
0.020161427557468414 0
0.0022875710856169462 0
0.3449208438396454 0
0.0020390404388308525 0
0.0007777348509989679 0
0.26792457699775696 0
0.011877021752297878 0
0.0030038836412131786 0
0.34095871448516846 0
0.0003869507636409253 0
0.031186355277895927 0
0.3269367516040802 0
0.0007442699279636145 0
0.01355547271668911 0
0.34335505962371826 0
0.014541041105985641 0
0.008038592524826527 0
0.3994671106338501 0
0.023397689685225487 0
0.020445238798856735 0
0.3298415243625641 0
0.0018257423071190715 0
0.007556500844657421 0
0.45727667212486267 0
0.07922199368476868 0
0.000980621436610818 0
0.6476213932037354 0
0.6787915229797363 1
0.8277033567428589 1
0.2610389292240143 1
0.7373467683792114 1
0.6711238622665405 1
0.9132384657859802 1
0.8708373308181763 1
0.9201967120170593 1
0.7929836511611938 1
0.333469033241272 1
0.5783937573432922 1
0.8179952502250671 1
0.3667140603065491 1
0.3673695921897888 1
0.3626708686351776 1
0.32604360580444336 1
0.8303908705711365 1
0.36376798152923584 1
0.3427767753601074 1
0.2925017476081848 1
0.39828094840049744 1
0.617029070854187 1
0.44737309217453003 1
