0.2105047106742859 1
0.5566889047622681 1
0.1165366917848587 1
0.0838262140750885 1
0.012485622428357601 1
0.31170982122421265 1
0.6692352294921875 1
0.0023296461440622807 1
0.6548382639884949 1
0.06017179787158966 1
0.362152099609375 1
0.0638018324971199 1
0.4615784287452698 1
0.5636780261993408 1
0.9228342771530151 1
0.316250741481781 1
0.009251022711396217 1
0.580132782459259 1
0.05192119628190994 1
0.8213601112365723 1
0.31866455078125 1
0.49780306220054626 1
0.746193528175354 1
0.001871141023002565 0
0.0020700229797512293 0
0.5488002896308899 0
0.0007129412842914462 0
0.22252222895622253 0
0.31093829870224 0
0.0033591147512197495 0
0.007217739708721638 0
0.2636585235595703 0
0.012487726286053658 0
0.036038562655448914 0
0.6207187175750732 0
4.962539242114872e-05 0
0.00031034942367114127 0
0.6563191413879395 0
0.0013700106646865606 0
0.0003922457981389016 0
0.330061137676239 0
0.0002782364608719945 0
0.007642253767699003 0
0.6009842753410339 0
0.008353396318852901 0
0.0019399015000090003 0
0.33751603960990906 0
0.00190215022303164 0
0.0180895384401083 0
0.3264782428741455 0
0.000682298094034195 0
0.003911703359335661 0
0.3307671546936035 0
0.007834739051759243 0
0.013976359739899635 0
0.3110569715499878 0
0.003825165331363678 0
0.024508599191904068 0
0.3470091223716736 0
0.02849864959716797 0
0.005647399928420782 0
0.3412070870399475 0
0.0003066012868657708 0
0.03631603717803955 0
0.33281517028808594 0
0.03623643517494202 0
0.0036564709153026342 0
0.39274269342422485 0
0.003977891057729721 0
0.0029401560313999653 0
0.33480048179626465 0
0.008436481468379498 0
0.011110316030681133 0
0.3555312156677246 0
0.0002670021785888821 0
0.041262056678533554 0
0.26879361271858215 0
0.0006327778100967407 0
0.010648774914443493 0
0.45983120799064636 0
0.010989021509885788 0
0.014030888676643372 0
0.6236610412597656 0
0.017923079431056976 0
0.014436164870858192 0
0.3616165816783905 0
0.0034824046306312084 0
0.003417328931391239 0
0.5888859629631042 0
0.11512237042188644 0
0.0015198462642729282 0
0.676099956035614 0
0.6909846067428589 1
0.830225944519043 1
0.4486711621284485 1
0.711560845375061 1
0.6916232109069824 1
0.8447010517120361 1
0.9024874567985535 1
0.9203839302062988 1
0.7742358446121216 1
0.3922671973705292 1
0.6531301736831665 1
0.8028053045272827 1
0.4106377065181732 1
0.36188647150993347 1
0.38761433959007263 1
0.3433264493942261 1
0.7918543815612793 1
0.32715412974357605 1
0.3440361022949219 1
0.22853389382362366 1
0.6257962584495544 1
0.687975287437439 1
0.603848934173584 1
