0.2853572368621826 1
0.49210476875305176 1
0.3040745258331299 1
0.551913857460022 1
0.011745009571313858 1
0.4158955216407776 1
0.5892696380615234 1
0.07577241212129593 1
0.5716490745544434 1
0.1675311028957367 1
0.37139892578125 1
0.23037958145141602 1
0.5634667873382568 1
0.45311182737350464 1
0.980911374092102 1
0.33239954710006714 1
0.0466495081782341 1
0.5343750715255737 1
0.2780480682849884 1
0.8283147811889648 1
0.30897796154022217 1
0.5704076886177063 1
0.7395915985107422 1
0.003628173843026161 0
0.0026714815758168697 0
0.6452381610870361 0
0.0022638309746980667 0
0.0716404989361763 0
0.3237765431404114 0
0.0009145361836999655 0
0.0011140599381178617 0
0.208110973238945 0
0.01638379506766796 0
0.009820345789194107 0
0.7013131380081177 0
0.00034081374178640544 0
0.00041365838842466474 0
0.7547215819358826 0
0.0010595973581075668 0
0.0006674438482150435 0
0.33291223645210266 0
0.001287513761781156 0
0.006046421360224485 0
0.4439694285392761 0
0.006524990778416395 0
0.00987265445291996 0
0.3408012092113495 0
0.0012673342134803534 0
0.009731202386319637 0
0.35419735312461853 0
0.002914652694016695 0
0.007217859849333763 0
0.32619017362594604 0
0.013949709944427013 0
0.007596743758767843 0
0.3242797255516052 0
0.02828601561486721 0
0.0247036200016737 0
0.3487638831138611 0
0.011395858600735664 0
0.004114880226552486 0
0.32701411843299866 0
0.0013944761594757438 0
0.040236733853816986 0
0.3709336221218109 0
0.07375643402338028 0
0.008880115114152431 0
0.5144777297973633 0
0.0017837675986811519 0
0.0020644930191338062 0
0.36438533663749695 0
0.09156601130962372 0
0.012548594735562801 0
0.3732944428920746 0
0.0022988300770521164 0
0.026233885437250137 0
0.34883031249046326 0
0.0011393248569220304 0
0.0013307583285495639 0
0.3518572747707367 0
0.012793896719813347 0
0.016919784247875214 0
0.565619170665741 0
0.005330925341695547 0
0.024627797305583954 0
0.32341793179512024 0
0.011189892888069153 0
0.022741062566637993 0
0.5835412740707397 0
0.15199537575244904 0
0.002193299587816 0
0.6876763105392456 0
0.6924782991409302 1
0.8445541262626648 1
0.4110848903656006 1
0.6275893449783325 1
0.82322096824646 1
0.8997902870178223 1
0.7852363586425781 1
0.9413623809814453 1
0.7989267706871033 1
0.36946916580200195 1
0.4486013650894165 1
0.8732540011405945 1
0.3914746642112732 1
0.5469212532043457 1
0.4934561848640442 1
0.35190877318382263 1
0.7151221632957458 1
0.49545595049858093 1
0.4986104965209961 1
0.3997531533241272 1
0.597428023815155 1
0.6113216876983643 1
0.7101773023605347 1
