0.6699194312095642 1
0.3199937343597412 0
0.3184608817100525 0
0.16490212082862854 0
0.4379856586456299 0
0.6343816518783569 1
0.021822361275553703 0
0.35413822531700134 0
0.26965102553367615 0
0.5898811221122742 0
0.4397374987602234 1
0.3141719698905945 0
0.33355554938316345 0
0.24865403771400452 0
0.32675349712371826 0
0.9148896932601929 1
0.5304092168807983 0
0.6225086450576782 0
0.09222052991390228 0
0.5999479293823242 0
0.8016239404678345 1
0.6845420598983765 0
0.7656854391098022 0
0.6811771392822266 0
0.6846204996109009 0
0.9325233697891235 1
0.8400373458862305 0
0.7768256068229675 0
0.3417402505874634 0
0.6327047348022461 0
0.7421116828918457 1
0.5187288522720337 0
0.9524669051170349 0
0.312150239944458 0
0.36430320143699646 0
0.6171878576278687 1
0.8715404272079468 0
0.3874765634536743 0
0.3262519836425781 0
0.6249061822891235 0
0.43069809675216675 1
0.767967700958252 0
0.9812681078910828 0
0.3055129051208496 0
0.3268640339374542 0
0.9810307025909424 1
0.06667575985193253 0
0.31292977929115295 0
0.0030498651321977377 0
0.6770567893981934 0
0.893152117729187 1
0.08170085400342941 0
0.022534877061843872 0
0.1823931336402893 0
0.48444533348083496 0
0.7679955363273621 1
0.3182654082775116 0
0.30580800771713257 0
0.3517012596130371 0
0.6706432700157166 0
0.8629736304283142 1
0.33097559213638306 0
0.33489593863487244 0
0.06358323246240616 0
0.319600373506546 0
0.7476130723953247 1
0.9742690920829773 0
0.9695159196853638 0
0.45459088683128357 0
0.8937039375305176 0
0.6834144592285156 1
0.29553186893463135 0
0.33775243163108826 0
0.3284837603569031 0
0.5587772130966187 0
0.6815688014030457 1
0.12094696611166 0
0.5966767072677612 0
0.2545791566371918 0
0.19998866319656372 0
0.7342243194580078 1
0.6434006690979004 0
0.6449788808822632 0
0.8971071243286133 0
0.6054670214653015 0
0.7725318670272827 1
0.06688234210014343 0
0.6218195557594299 0
0.4348583221435547 0
0.6709280014038086 0
0.6044695973396301 1
0.0013286462053656578 0
0.026313528418540955 0
0.110848568379879 0
0.11719559133052826 0
0.4773253798484802 1
0.006233052350580692 0
0.186082124710083 0
0.02632223628461361 0
0.11899890005588531 0
0.5483646392822266 1
0.022074487060308456 0
0.32087475061416626 0
0.21922843158245087 0
0.18662327527999878 0
0.6730849742889404 1
0.05561024695634842 0
0.686147153377533 0
0.3319981098175049 0
0.007046295329928398 0
0.6686223745346069 1
0.11168655753135681 0
0.6367738246917725 0
0.2500531077384949 0
0.09957703948020935 0
0.6315405964851379 1
0.26739126443862915 0
0.6154274940490723 0
0.06592237204313278 0
0.10884813964366913 0
0.6660459041595459 1
0.052169978618621826 0
0.9246811866760254 0
0.5290878415107727 0
0.4343177080154419 0
0.665514349937439 1
0.08145648241043091 0
0.972946047782898 0
0.5176882743835449 0
0.5667557716369629 0
0.6072778701782227 1
0.28994089365005493 0
0.9913994669914246 0
0.19650863111019135 0
0.2745993733406067 0
0.6484857201576233 1
0.026569193229079247 0
0.3198254406452179 0
0.5718814134597778 0
0.31924134492874146 0
0.6837071180343628 1
0.0001359271991532296 0
0.3353871703147888 0
0.351474404335022 0
0.10911372303962708 0
0.65782630443573 1
0.016203448176383972 0
0.2689175605773926 0
0.1952599585056305 0
0.2606571912765503 0
0.7225358486175537 1
0.05822790786623955 0
0.31068843603134155 0
0.08947926014661789 0
0.23990356922149658 0
0.6684083938598633 1
0.20033298432826996 0
0.33868408203125 0
0.21142613887786865 0
0.002035302110016346 0
0.6762106418609619 1
0.2736071050167084 0
0.33897659182548523 0
0.023527037352323532 0
0.07807071506977081 0
0.5827100276947021 1
0.011103725992143154 0
0.09363439679145813 0
0.27305081486701965 0
0.0438690148293972 0
0.6398631930351257 1
0.005123872775584459 0
0.009946228936314583 0
0.0512579046189785 0
0.0029416594188660383 0
0.34483176469802856 1
0.030943535268306732 0
0.1939012110233307 0
0.008302637375891209 0
0.005944786127656698 0
0.34980297088623047 1
0.31917107105255127 0
0.3324968218803406 0
0.3326462507247925 0
0.15379315614700317 0
0.34204885363578796 1
0.28532662987709045 0
0.3334417939186096 0
0.332295686006546 0
0.3104473352432251 0
0.3426135182380676 1
0.3242490887641907 0
0.33197230100631714 0
0.08681028336286545 0
0.1991029977798462 0
0.33433812856674194 1
0.04588611051440239 0
0.25641369819641113 0
0.32946598529815674 0
0.009508958086371422 0
0.43401026725769043 1
0.03741320222616196 0
0.07498355209827423 0
0.30383574962615967 0
0.07877890765666962 0
0.625699520111084 1
0.004377045203000307 0
0.1016428992152214 0
0.32522153854370117 0
0.1726105660200119 0
0.6679167151451111 1
0.5326929092407227 0
0.5912460088729858 0
0.3477150797843933 0
0.21473515033721924 0
0.6752681732177734 1
0.3602747619152069 0
0.6134709119796753 0
0.3441040515899658 0
0.34061309695243835 0
0.7707830667495728 1
0.35327935218811035 0
0.3579152524471283 0
0.034616947174072266 0
0.3124719262123108 0
0.6687673926353455 1
0.26172640919685364 0
0.33652400970458984 0
0.34753358364105225 0
0.016652178019285202 0
0.6772576570510864 1
0.26209068298339844 0
0.6157479882240295 0
0.32779502868652344 0
0.07320605963468552 0
0.811708390712738 1
0.5959169864654541 0
0.8579654097557068 0
0.6646090745925903 0
0.027052557095885277 0
0.3344902992248535 1
0.8327720165252686 0
0.9551607966423035 0
0.34410589933395386 0
0.44434064626693726 0
0.34551680088043213 1
0.6842936277389526 0
0.985895037651062 0
0.27052614092826843 0
0.33646613359451294 0
0.4687206745147705 1
0.4644746780395508 0
0.9873680472373962 0
0.2674645185470581 0
0.07903936505317688 0
0.3550540804862976 1
0.8653466701507568 0
0.9248151779174805 0
0.33231228590011597 0
0.052565038204193115 0
0.37031587958335876 1
0.48662495613098145 0
0.9051052927970886 0
0.213981032371521 0
0.21663539111614227 0
0.648871660232544 1
0.6658916473388672 0
0.8920451998710632 0
0.5454176664352417 0
0.6783543825149536 0
0.6639136075973511 1
0.2387215495109558 0
0.2960062623023987 0
0.337418794631958 0
0.07218243926763535 0
0.6666204333305359 1
0.29993492364883423 0
0.3566890358924866 0
0.3254554569721222 0
0.5450120568275452 0
0.9451107382774353 1
0.017957426607608795 0
0.33041974902153015 0
0.2690615653991699 0
0.45180827379226685 0
0.37412846088409424 1
0.0001136134669650346 0
0.21290940046310425 0
0.34636637568473816 0
0.009948784485459328 0
0.6644871234893799 1
0.06555818766355515 0
0.285991370677948 0
0.3340318202972412 0
0.015195205807685852 0
0.9366328716278076 1
0.15425731241703033 0
0.03393879532814026 0
0.6208778619766235 0
0.022244811058044434 0
0.3423449397087097 1
0.33417198061943054 0
0.3333815038204193 0
0.3464045524597168 0
0.315371036529541 0
0.6880547404289246 1
0.3273649513721466 0
0.34790727496147156 0
0.335793137550354 0
0.3733677268028259 0
0.4839743375778198 1
0.06372025609016418 0
0.33287671208381653 0
0.0911489874124527 0
0.16402754187583923 0
0.6677526831626892 1
0.3266085684299469 0
0.6041521430015564 0
0.02010350301861763 0
0.0749531090259552 0
0.4084107577800751 1
0.3287859261035919 0
0.3346209228038788 0
0.3313184380531311 0
0.014094008132815361 0
0.8385323286056519 1
0.6633676290512085 0
0.9122869372367859 0
0.6793583631515503 0
0.4302632510662079 0
0.39118728041648865 1
0.31723541021347046 0
0.09921632707118988 0
0.3373509347438812 0
0.06062181293964386 0
0.6410462260246277 1
0.02041819877922535 0
0.44115886092185974 0
0.28690168261528015 0
0.22595682740211487 0
0.6318633556365967 1
0.06235141307115555 0
0.6546583771705627 0
0.29847508668899536 0
0.015663709491491318 0
0.330843448638916 1
0.08673299849033356 0
0.03651903569698334 0
0.12037863582372665 0
0.0004767577338498086 0
0.6304345726966858 1
0.022190971300005913 0
0.11131098121404648 0
0.3188641667366028 0
0.01843179762363434 0
0.643215537071228 1
0.2135801762342453 0
0.46868300437927246 0
0.5878643989562988 0
0.0036749958526343107 0
