0.4815976023674011 1
0.39413124322891235 1
0.25250422954559326 1
0.7921451926231384 1
0.005995524115860462 1
0.5645421743392944 1
0.6964765787124634 1
0.1650480479001999 1
0.4757309854030609 1
0.12759028375148773 1
0.33574122190475464 1
0.24747538566589355 1
0.5659856796264648 1
0.4608307480812073 1
0.9725708365440369 1
0.4026687741279602 1
0.004390305373817682 1
0.29309651255607605 1
0.032330289483070374 1
0.8132500052452087 1
0.2801269590854645 1
0.4378816485404968 1
0.8933281302452087 1
0.0011144675081595778 0
0.0028355689719319344 0
0.6946558356285095 0
0.0009363687131553888 0
0.054867036640644073 0
0.3306134045124054 0
0.00044331897515803576 0
0.0019582496024668217 0
0.15911495685577393 0
0.0027475012466311455 0
0.00849967636168003 0
0.8853616714477539 0
0.00022871833061799407 0
0.00017378036864101887 0
0.832596480846405 0
0.0011811419390141964 0
0.00020776134624611586 0
0.6378926038742065 0
0.00014658214058727026 0
0.007346376311033964 0
0.6552947759628296 0
0.007422764785587788 0
0.003584760706871748 0
0.34694144129753113 0
0.0003536289441399276 0
0.02482498809695244 0
0.456661194562912 0
0.0005625790217891335 0
0.0028719715774059296 0
0.3353411555290222 0
0.006585221737623215 0
0.004505868069827557 0
0.3335283398628235 0
0.014363892376422882 0
0.029674289748072624 0
0.35641229152679443 0
0.018426276743412018 0
0.0026238299906253815 0
0.5095261335372925 0
0.001319466158747673 0
0.014171259477734566 0
0.3879695534706116 0
0.012738082557916641 0
0.0050102705135941505 0
0.6004183292388916 0
0.0034864163026213646 0
0.0030122525058686733 0
0.4361256957054138 0
0.01201421394944191 0
0.0034510730765759945 0
0.6608594059944153 0
0.0008527729660272598 0
0.01412973739206791 0
0.32581955194473267 0
0.0008679300080984831 0
0.0007885032100602984 0
0.42430004477500916 0
0.0080249710008502 0
0.008777459152042866 0
0.575567901134491 0
0.004040490835905075 0
0.03894121199846268 0
0.3857543468475342 0
0.005923084914684296 0
0.004121152684092522 0
0.5309674739837646 0
0.05754561349749565 0
0.0014802112709730864 0
0.7165267467498779 0
0.6925610899925232 1
0.7856072187423706 1
0.3887942433357239 1
0.6853105425834656 1
0.8526792526245117 1
0.9673939943313599 1
0.8915326595306396 1
0.9753965139389038 1
0.8201130628585815 1
0.3393033742904663 1
0.46810483932495117 1
0.8081234693527222 1
0.6730441451072693 1
0.47085249423980713 1
0.5597295761108398 1
0.355759859085083 1
0.8487762808799744 1
0.3220696449279785 1
0.4209407567977905 1
0.39933261275291443 1
0.6235871911048889 1
0.7190266847610474 1
0.7657000422477722 1
