0.18929454684257507 1
0.4068700075149536 1
0.044497814029455185 1
0.6584876179695129 1
0.033750928938388824 1
0.5389485955238342 1
0.7231468558311462 1
0.004827428609132767 1
0.6428236961364746 1
0.19616293907165527 1
0.39465630054473877 1
0.16625246405601501 1
0.6200540661811829 1
0.6869003772735596 1
0.9654855728149414 1
0.33813101053237915 1
0.004428093321621418 1
0.5455688238143921 1
0.045947711914777756 1
0.8221117854118347 1
0.29062771797180176 1
0.5501805543899536 1
0.9419729709625244 1
0.003317018738016486 0
0.0018295524641871452 0
0.5209133625030518 0
0.001036929083056748 0
0.08525258302688599 0
0.31518322229385376 0
0.0004689122433774173 0
0.0016883000498637557 0
0.29911479353904724 0
0.01215705182403326 0
0.07683181762695312 0
0.7264940142631531 0
6.967084482312202e-05 0
0.00018501831800676882 0
0.6175907254219055 0
0.001582266646437347 0
7.931563595775515e-05 0
0.6337124109268188 0
0.0002634599804878235 0
0.0005315461894497275 0
0.6166307330131531 0
0.051336243748664856 0
0.002355891279876232 0
0.3353968560695648 0
0.001168502145446837 0
0.008957995101809502 0
0.3886427581310272 0
0.0018698933999985456 0
0.009738320484757423 0
0.33113381266593933 0
0.0050447299145162106 0
0.01649792492389679 0
0.3357850909233093 0
0.0035152423661202192 0
0.010318699292838573 0
0.3376918435096741 0
0.007520230486989021 0
0.0023109596222639084 0
0.3364564776420593 0
0.0005065168952569366 0
0.01710677146911621 0
0.34253180027008057 0
0.023530762642621994 0
0.002765728160738945 0
0.39512988924980164 0
0.004890416748821735 0
0.0006845596944913268 0
0.29511895775794983 0
0.0056148371659219265 0
0.06406743824481964 0
0.40092527866363525 0
0.00016617827350273728 0
0.045214008539915085 0
0.3889171779155731 0
0.0010282265720888972 0
0.003141841385513544 0
0.46335768699645996 0
0.010949229821562767 0
0.010018043220043182 0
0.47525936365127563 0
0.022020459175109863 0
0.033410441130399704 0
0.39433082938194275 0
0.003497503697872162 0
0.004722406156361103 0
0.5393413305282593 0
0.05585792660713196 0
0.0006652321899309754 0
0.6254655122756958 0
0.7195204496383667 1
0.7989198565483093 1
0.2244744896888733 1
0.7002338767051697 1
0.7371616363525391 1
0.8661302924156189 1
0.9226822853088379 1
0.9142696261405945 1
0.8240135908126831 1
0.356388658285141 1
0.6009796857833862 1
0.8203940391540527 1
0.38722723722457886 1
0.44061049818992615 1
0.653832733631134 1
0.33416008949279785 1
0.7934710383415222 1
0.33590275049209595 1
0.37235695123672485 1
0.3160014748573303 1
0.5710286498069763 1
0.6421327590942383 1
0.5542499423027039 1
