0.9853816032409668 1
0.06140684708952904 0
0.1022176593542099 0
0.3736799657344818 0
0.8277442455291748 0
0.9465503692626953 1
0.024941666051745415 0
0.3989192247390747 0
0.3127925395965576 0
0.9137442111968994 0
0.9969731569290161 1
0.06190423294901848 0
0.16811411082744598 0
0.29733285307884216 0
0.26309362053871155 0
0.9921773672103882 1
0.5191189050674438 0
0.9491410255432129 0
0.4052808880805969 0
0.8406517505645752 0
0.9900387525558472 1
0.978116512298584 0
0.8891041278839111 0
0.9226593971252441 0
0.9218670129776001 0
0.9962625503540039 1
0.9086095690727234 0
0.9916297793388367 0
0.7289039492607117 0
0.9185556769371033 0
0.9866652488708496 1
0.05218525230884552 0
0.622321605682373 0
0.16471391916275024 0
0.4714500308036804 0
0.9758670330047607 1
0.3640461564064026 0
0.011146857403218746 0
0.1158989667892456 0
0.7266638278961182 0
0.9849185347557068 1
0.5062036514282227 0
0.7023979425430298 0
0.011746153235435486 0
0.3230346739292145 0
0.9943186640739441 1
0.019147923216223717 0
0.1937803030014038 0
0.05151038616895676 0
0.614863395690918 0
0.9914044141769409 1
0.05664212629199028 0
0.03518940880894661 0
0.7312859296798706 0
0.7599210143089294 0
0.9942643046379089 1
0.08932618796825409 0
0.418455570936203 0
0.8321446776390076 0
0.9210564494132996 0
0.9941153526306152 1
0.13524150848388672 0
0.03777991980314255 0
0.1510726660490036 0
0.16388295590877533 0
0.9888375997543335 1
0.9938127398490906 0
0.9580392241477966 0
0.8712528944015503 0
0.9873411059379578 0
0.9947819709777832 1
0.28111788630485535 0
0.08209778368473053 0
0.4954124093055725 0
0.9269545078277588 0
0.9214671850204468 1
0.05268862098455429 0
0.46428120136260986 0
0.30668336153030396 0
0.7718862891197205 0
0.9839013814926147 1
0.9009180068969727 0
0.195210263133049 0
0.9920648336410522 0
0.8574301600456238 0
0.9940926432609558 1
0.07284665107727051 0
0.7307423949241638 0
0.9375478029251099 0
0.7300772666931152 0
0.9853367805480957 1
0.00320451520383358 0
0.04587509483098984 0
0.8754878044128418 0
0.9227678179740906 0
0.9865390658378601 1
0.022271860390901566 0
0.2921479344367981 0
0.33174628019332886 0
0.4406154751777649 0
0.9115527868270874 1
0.014967355877161026 0
0.0902865082025528 0
0.1782579869031906 0
0.11815698444843292 0
0.9892706274986267 1
0.6650091409683228 0
0.995461642742157 0
0.7792961597442627 0
0.30344030261039734 0
0.9917907118797302 1
0.16530366241931915 0
0.9120159149169922 0
0.11108405888080597 0
0.38350725173950195 0
0.8979614973068237 1
0.3243867754936218 0
0.8785228729248047 0
0.04154939204454422 0
0.017953231930732727 0
0.9761334657669067 1
0.08812335133552551 0
0.6426365375518799 0
0.9024829864501953 0
0.651868999004364 0
0.996128261089325 1
0.02698257565498352 0
0.49423274397850037 0
0.7414605021476746 0
0.9043092131614685 0
0.6907463073730469 1
0.5936475992202759 0
0.7767641544342041 0
0.14728732407093048 0
0.3529294431209564 0
0.96168053150177 1
0.07213068753480911 0
0.8867899775505066 0
0.8222794532775879 0
0.8011550903320312 0
0.9527734518051147 1
0.05908247455954552 0
0.5241879820823669 0
0.5979021191596985 0
0.47605448961257935 0
0.7293366193771362 1
0.027759237214922905 0
0.21166780591011047 0
0.5196451544761658 0
0.21799737215042114 0
0.9793691635131836 1
0.31097349524497986 0
0.35070711374282837 0
0.011347383260726929 0
0.39071887731552124 0
0.9878005385398865 1
0.5091326832771301 0
0.3183814287185669 0
0.23807653784751892 0
0.00789550133049488 0
0.9719758033752441 1
0.10813554376363754 0
0.6253683567047119 0
0.01034027524292469 0
0.014101505279541016 0
0.40720996260643005 1
0.019817650318145752 0
0.402645468711853 0
0.22367911040782928 0
0.012456385418772697 0
0.824589192867279 1
0.003252612892538309 0
0.03102770447731018 0
0.03422064334154129 0
0.07720261812210083 0
0.6237003207206726 1
0.015165288001298904 0
0.15378671884536743 0
0.00894297193735838 0
0.004647895693778992 0
0.9065229892730713 1
0.07284185290336609 0
0.31376323103904724 0
0.4139570891857147 0
0.0025866329669952393 0
0.9661837816238403 1
0.019255461171269417 0
0.3723374605178833 0
0.9180557131767273 0
0.41043657064437866 0
0.952273964881897 1
0.17037074267864227 0
0.8199423551559448 0
0.8134085536003113 0
0.6354119181632996 0
0.6890298128128052 1
0.0014836785849183798 0
0.012954087927937508 0
0.42485231161117554 0
0.00038869696436449885 0
0.797582745552063 1
0.001840080600231886 0
0.002755263587459922 0
0.07004321366548538 0
0.02106289565563202 0
0.9912281036376953 1
0.0014186573680490255 0
0.00680141244083643 0
0.20031878352165222 0
0.2731545865535736 0
0.9890882968902588 1
0.9660909175872803 0
0.9799493551254272 0
0.9253381490707397 0
4.36649497714825e-05 0
0.9994580149650574 1
0.6810600161552429 0
0.9738509654998779 0
0.9626566767692566 0
0.4803991913795471 0
0.9942114353179932 1
0.40927594900131226 0
0.9325243234634399 0
0.3490561842918396 0
0.7178887128829956 0
0.968986988067627 1
0.0726054236292839 0
0.555661141872406 0
0.5949869155883789 0
0.0001215094089275226 0
0.9054421186447144 1
0.1154899001121521 0
0.8775896430015564 0
0.1377929151058197 0
0.0006893274839967489 0
0.9757060408592224 1
0.6665021777153015 0
0.9105157256126404 0
0.7890417575836182 0
0.018544159829616547 0
0.6064577698707581 1
0.6897008419036865 0
0.7041785717010498 0
0.728269100189209 0
0.15870465338230133 0
0.7925493717193604 1
0.6972731351852417 0
0.6521060466766357 0
0.3517554700374603 0
0.7856819033622742 0
0.9243319034576416 1
0.030170774087309837 0
0.2730478048324585 0
0.06691893935203552 0
0.3871653079986572 0
0.9419309496879578 1
0.572870135307312 0
0.6071586608886719 0
0.5456299185752869 0
0.002702113939449191 0
0.7708422541618347 1
0.4735088348388672 0
0.8417425155639648 0
0.004243663977831602 0
0.0014765218365937471 0
0.9792519807815552 1
0.6057077646255493 0
0.814994215965271 0
0.36182281374931335 0
0.6427484750747681 0
0.980560302734375 1
0.0054390872828662395 0
0.30340272188186646 0
0.7657018899917603 0
0.00015863956650719047 0
0.9917398691177368 1
0.07214414328336716 0
0.8059757947921753 0
0.9242324233055115 0
0.6335397362709045 0
0.994376540184021 1
0.10729876160621643 0
0.6015438437461853 0
0.31183022260665894 0
0.9162082076072693 0
0.5890125632286072 1
0.0005840223166160285 0
0.006902574561536312 0
0.4837140440940857 0
4.2187850340269506e-05 0
0.8831195831298828 1
0.0030058573465794325 0
0.061322979629039764 0
0.34549379348754883 0
0.009844973683357239 0
0.9599875807762146 1
0.07117211073637009 0
0.04600493237376213 0
0.5696543455123901 0
0.10530300438404083 0
0.9906827807426453 1
0.9547291994094849 0
0.20816272497177124 0
0.6730524897575378 0
0.007150809280574322 0
0.9602353572845459 1
0.8594493865966797 0
0.2820170521736145 0
0.8003220558166504 0
0.32524803280830383 0
0.9939925670623779 1
0.6486196517944336 0
0.5497556924819946 0
0.34581801295280457 0
0.3361825942993164 0
0.976714015007019 1
0.062339574098587036 0
0.671527624130249 0
3.2886626286199316e-05 0
0.00019877350132446736 0
0.7265336513519287 1
0.03295249119400978 0
0.3865717649459839 0
0.027523819357156754 0
0.02300133928656578 0
0.922031044960022 1
0.8328555822372437 0
0.862365186214447 0
0.4658922553062439 0
0.20828501880168915 0
0.673565149307251 1
0.015542696230113506 0
0.6913678646087646 0
0.651046097278595 0
9.013243106892332e-05 0
0.9324003458023071 1
0.03642572462558746 0
0.9481548070907593 0
0.6945707201957703 0
0.03514630347490311 0
0.9664875864982605 1
0.07256621867418289 0
0.8864046931266785 0
0.6905382871627808 0
0.659254789352417 0
0.028854645788669586 1
0.0044523607939481735 0
0.09152211993932724 0
0.038470495492219925 0
2.851342287613079e-06 0
0.3636897802352905 1
0.008394433185458183 0
0.16057884693145752 0
0.16192609071731567 0
0.0008313147118315101 0
0.9054105281829834 1
0.32539936900138855 0
0.22970321774482727 0
0.7579535841941833 0
0.06937696784734726 0
