0.22978495061397552 1
0.3766403794288635 1
0.08451952785253525 1
0.1213778406381607 1
0.05281709134578705 1
0.47655540704727173 1
0.7741806507110596 1
0.029823217540979385 1
0.6273742914199829 1
0.13933569192886353 1
0.37195801734924316 1
0.04204931855201721 1
0.3712250888347626 1
0.6607666015625 1
0.9507222175598145 1
0.4068904519081116 1
0.00655090156942606 1
0.6322960257530212 1
0.047198545187711716 1
0.7007979154586792 1
0.32395821809768677 1
0.30001237988471985 1
0.8893207311630249 1
0.008006976917386055 0
0.0016569618601351976 0
0.45287570357322693 0
0.0009560026228427887 0
0.08889012038707733 0
0.28337380290031433 0
0.05643700063228607 0
0.0012514223344624043 0
0.29201483726501465 0
0.021625608205795288 0
0.05125569924712181 0
0.8730292320251465 0
9.574097930453718e-05 0
0.000831758719868958 0
0.75435870885849 0
0.007452020421624184 0
0.0001303556200582534 0
0.424003005027771 0
0.0010882997885346413 0
0.008016647771000862 0
0.5482431650161743 0
0.021670080721378326 0
0.005362602882087231 0
0.3406825065612793 0
0.005192924290895462 0
0.011997656896710396 0
0.32026952505111694 0
0.0037971276324242353 0
0.006635747384279966 0
0.3318787217140198 0
0.026347747072577477 0
0.013728432357311249 0
0.32148277759552 0
0.0031831632368266582 0
0.013918536715209484 0
0.3381660580635071 0
0.009048164822161198 0
0.0038694727700203657 0
0.33105915784835815 0
0.001730864285491407 0
0.032794736325740814 0
0.3332226574420929 0
0.06397394835948944 0
0.010617277584969997 0
0.37344634532928467 0
0.0033124047331511974 0
0.0032059296499937773 0
0.3391494154930115 0
0.0053618657402694225 0
0.018970753997564316 0
0.3650924563407898 0
0.0034039716701954603 0
0.02476317249238491 0
0.33416616916656494 0
0.00035130776814185083 0
0.03482075780630112 0
0.408108651638031 0
0.01370594184845686 0
0.05122814327478409 0
0.6317436695098877 0
0.02832450531423092 0
0.031175345182418823 0
0.3864222764968872 0
0.004124531056731939 0
0.00824680645018816 0
0.5771671533584595 0
0.1871458888053894 0
0.0008677106234245002 0
0.6701323986053467 0
0.6988064646720886 1
0.7880012392997742 1
0.5853911638259888 1
0.7455007433891296 1
0.7428898811340332 1
0.8832897543907166 1
0.9235302805900574 1
0.9144812822341919 1
0.8396468162536621 1
0.40010637044906616 1
0.6113223433494568 1
0.8279373049736023 1
0.34748947620391846 1
0.3964375853538513 1
0.5056263208389282 1
0.25051209330558777 1
0.7711025476455688 1
0.3291856646537781 1
0.44721806049346924 1
0.32502156496047974 1
0.5396819114685059 1
0.6030620336532593 1
0.5809775590896606 1
