0.09869834035634995 1
0.5291578769683838 1
0.04002218693494797 1
0.7365630865097046 1
0.005084550473839045 1
0.21475355327129364 1
0.7300035357475281 1
0.016114914789795876 1
0.5926451683044434 1
0.08141377568244934 1
0.32043924927711487 1
0.04504742845892906 1
0.39813172817230225 1
0.554442286491394 1
0.94762122631073 1
0.24904388189315796 1
0.002536788582801819 1
0.3921687602996826 1
0.0037882092874497175 1
0.865572452545166 1
0.25234168767929077 1
0.33672940731048584 1
0.788892924785614 1
0.003129241755232215 0
0.0014868017751723528 0
0.5738468766212463 0
0.0005934785585850477 0
0.05196497589349747 0
0.2764195203781128 0
0.0005926613230258226 0
0.0006241819355636835 0
0.2544838786125183 0
0.021534886211156845 0
0.012949083000421524 0
0.7454516291618347 0
0.00012089483061572537 0
0.0001670449273660779 0
0.778225302696228 0
0.0006188772385939956 0
0.00027196621522307396 0
0.541901707649231 0
0.0007613329216837883 0
0.000714956084266305 0
0.5625649690628052 0
0.011676213704049587 0
0.003045870689675212 0
0.3295469284057617 0
0.0008735477458685637 0
0.0046957749873399734 0
0.36335861682891846 0
0.0004030194249935448 0
0.002451034728437662 0
0.3302150070667267 0
0.0023664296604692936 0
0.006729425396770239 0
0.3118608891963959 0
0.004835948813706636 0
0.004027237184345722 0
0.3355199694633484 0
0.00421928521245718 0
0.002316826954483986 0
0.35443124175071716 0
0.0013451811391860247 0
0.009086336009204388 0
0.30825895071029663 0
0.017625760287046432 0
0.003225490218028426 0
0.3607726991176605 0
0.0023346329107880592 0
0.006750748958438635 0
0.35076838731765747 0
0.008552385494112968 0
0.005132526159286499 0
0.6483201384544373 0
0.00024705295800231397 0
0.006492656655609608 0
0.33260393142700195 0
0.0002323047665413469 0
0.0010335093829780817 0
0.4905437231063843 0
0.0034610508009791374 0
0.005307262297719717 0
0.5496947765350342 0
0.001919070607982576 0
0.009381847456097603 0
0.3279646039009094 0
0.0026124268770217896 0
0.016440728679299355 0
0.5169687271118164 0
0.05958002060651779 0
0.001671935897320509 0
0.7241549491882324 0
0.7485792636871338 1
0.950932502746582 1
0.15503230690956116 1
0.7182550430297852 1
0.9372748136520386 1
0.9732128977775574 1
0.9826273322105408 1
0.9921133518218994 1
0.8966269493103027 1
0.35058486461639404 1
0.5644910335540771 1
0.9888606071472168 1
0.44288381934165955 1
0.38448458909988403 1
0.35626551508903503 1
0.35909315943717957 1
0.8869823217391968 1
0.4517551362514496 1
0.5124084949493408 1
0.3027263879776001 1
0.764875054359436 1
0.5794559717178345 1
0.7378959059715271 1
