0.5029902458190918 1
0.3741125464439392 0
0.5151404142379761 0
0.2525249123573303 0
0.26069140434265137 0
0.564812421798706 1
0.4321371018886566 0
0.4921678900718689 0
0.3812980055809021 0
0.4339863657951355 0
0.5215039849281311 1
0.4943631589412689 0
0.5510780811309814 0
0.45951637625694275 0
0.28476792573928833 0
0.5983591079711914 1
0.6182681918144226 0
0.6104431748390198 0
0.258193701505661 0
0.30818700790405273 0
0.6160440444946289 1
0.54653000831604 0
0.5077194571495056 0
0.5677146911621094 0
0.44391924142837524 0
0.6126489639282227 1
0.612585186958313 0
0.6854331493377686 0
0.47537049651145935 0
0.31696367263793945 0
0.580236554145813 1
0.42188185453414917 0
0.5313774943351746 0
0.4808279275894165 0
0.32620173692703247 0
0.4550350308418274 1
0.40643906593322754 0
0.4189068675041199 0
0.36468571424484253 0
0.3595069646835327 0
0.5558058023452759 1
0.4149608016014099 0
0.4773218631744385 0
0.4726047217845917 0
0.3307521343231201 0
0.592326819896698 1
0.15614613890647888 0
0.5147309303283691 0
0.09281347692012787 0
0.4651496410369873 0
0.4003455340862274 1
0.5124421119689941 0
0.3385467529296875 0
0.41215047240257263 0
0.4173433780670166 0
0.5764591693878174 1
0.5604346990585327 0
0.6285126805305481 0
0.3948577642440796 0
0.5339879393577576 0
0.6236798763275146 1
0.47468429803848267 0
0.4741080701351166 0
0.12570597231388092 0
0.14506542682647705 0
0.6269845962524414 1
0.4749082326889038 0
0.6262387037277222 0
0.43213194608688354 0
0.536732017993927 0
0.5707858800888062 1
0.5667731761932373 0
0.6120343208312988 0
0.45254671573638916 0
0.37463319301605225 0
0.47469520568847656 1
0.38634592294692993 0
0.46350568532943726 0
0.20457851886749268 0
0.15135091543197632 0
0.47298717498779297 1
0.5104906558990479 0
0.44909703731536865 0
0.5518094301223755 0
0.247045636177063 0
0.5746196508407593 1
0.36111098527908325 0
0.4349181056022644 0
0.4706401228904724 0
0.3120201528072357 0
0.4774349629878998 1
0.40082570910453796 0
0.5627039670944214 0
0.4069518744945526 0
0.48360246419906616 0
0.43677443265914917 1
0.343554824590683 0
0.5111644268035889 0
0.24786870181560516 0
0.38987255096435547 0
0.43573570251464844 1
0.32634419202804565 0
0.41678059101104736 0
0.25215810537338257 0
0.2104702591896057 0
0.5969273447990417 1
0.5455177426338196 0
0.6634922027587891 0
0.4573100209236145 0
0.4767569899559021 0
0.4922195076942444 1
0.5384289622306824 0
0.6489565372467041 0
0.3446449935436249 0
0.43691346049308777 0
0.44411981105804443 1
0.4321077764034271 0
0.5720245242118835 0
0.22128617763519287 0
0.25460389256477356 0
0.4748600423336029 1
0.42405182123184204 0
0.5612218379974365 0
0.6034431457519531 0
0.6366742253303528 0
0.5381720662117004 1
0.2930046021938324 0
0.5579239130020142 0
0.5968143939971924 0
0.5832507610321045 0
0.4925020635128021 1
0.4114035367965698 0
0.5256659984588623 0
0.3981510400772095 0
0.5346975922584534 0
0.6303978562355042 1
0.25954893231391907 0
0.38279467821121216 0
0.40258175134658813 0
0.63639897108078 0
0.5302996635437012 1
0.331747829914093 0
0.3200381398200989 0
0.22536617517471313 0
0.49906930327415466 0
0.4146048426628113 1
0.18938377499580383 0
0.24525442719459534 0
0.22881679236888885 0
0.46223121881484985 0
0.5992765426635742 1
0.44992005825042725 0
0.5379408597946167 0
0.1932603120803833 0
0.3146878182888031 0
0.5790303349494934 1
0.46434611082077026 0
0.4875434637069702 0
0.09800760447978973 0
0.11550034582614899 0
0.4473364055156708 1
0.38901159167289734 0
0.4433252513408661 0
0.12661877274513245 0
0.15991804003715515 0
0.35039982199668884 1
0.37505948543548584 0
0.5736931562423706 0
0.3336981236934662 0
0.24297909438610077 0
0.4757345914840698 1
0.23913049697875977 0
0.4363534152507782 0
0.1032266914844513 0
0.09464415162801743 0
0.29847344756126404 1
0.1973525732755661 0
0.31307995319366455 0
0.09568040817975998 0
0.11828583478927612 0
0.5259650945663452 1
0.3310454487800598 0
0.5247833728790283 0
0.2562946677207947 0
0.15103015303611755 0
0.5136622786521912 1
0.2989947497844696 0
0.43776118755340576 0
0.45289409160614014 0
0.3318241536617279 0
0.3418574035167694 1
0.3994377851486206 0
0.4716314971446991 0
0.265090674161911 0
0.26728230714797974 0
0.35522398352622986 1
0.16886183619499207 0
0.3035568296909332 0
0.26722049713134766 0
0.23694932460784912 0
0.5005486011505127 1
0.2702482342720032 0
0.43273982405662537 0
0.4852273166179657 0
0.4180946350097656 0
0.38113558292388916 1
0.21384108066558838 0
0.48575425148010254 0
0.26115939021110535 0
0.2682739198207855 0
0.6606544852256775 1
0.4570326805114746 0
0.6203302145004272 0
0.5682780742645264 0
0.3255156874656677 0
0.7560631632804871 1
0.47663164138793945 0
0.5879667401313782 0
0.6134529113769531 0
0.38745617866516113 0
0.6215296983718872 1
0.5795688629150391 0
0.6516323685646057 0
0.2486530989408493 0
0.24016138911247253 0
0.6100294589996338 1
0.4326883554458618 0
0.4790301024913788 0
0.4525824785232544 0
0.2231421172618866 0
0.6412781476974487 1
0.5856366157531738 0
0.6471214294433594 0
0.5354244709014893 0
0.5026994943618774 0
0.4411412179470062 1
0.49508851766586304 0
0.6313759684562683 0
0.5056757926940918 0
0.3981361985206604 0
0.605708122253418 1
0.279962420463562 0
0.28602704405784607 0
0.41838520765304565 0
0.516024649143219 0
0.3694581687450409 1
0.5137322545051575 0
0.4606677293777466 0
0.42218348383903503 0
0.5167667865753174 0
0.4008100926876068 1
0.5319972038269043 0
0.5920556783676147 0
0.5785311460494995 0
0.39318400621414185 0
0.4710322618484497 1
0.2526630163192749 0
0.2593275308609009 0
0.41682887077331543 0
0.4709267020225525 0
0.5093694925308228 1
0.45587730407714844 0
0.5968676805496216 0
0.19832450151443481 0
0.48202091455459595 0
0.457344651222229 1
0.3909585475921631 0
0.4268547296524048 0
0.3224988579750061 0
0.5040022730827332 0
0.5963020324707031 1
0.34751683473587036 0
0.5202745199203491 0
0.3968912959098816 0
0.28492090106010437 0
0.5102614760398865 1
0.298181414604187 0
0.541024386882782 0
0.3963807225227356 0
0.48220980167388916 0
0.6678109169006348 1
0.12506502866744995 0
0.3058640956878662 0
0.12515810132026672 0
0.33264386653900146 0
0.5379317998886108 1
0.11383550614118576 0
0.43036866188049316 0
0.4073033928871155 0
0.1316588670015335 0
0.6433641910552979 1
0.41047197580337524 0
0.5601722002029419 0
0.5106143951416016 0
0.3749788999557495 0
0.5991902351379395 1
0.39752206206321716 0
0.5869287252426147 0
0.4212212562561035 0
0.27804502844810486 0
0.575353741645813 1
0.49162885546684265 0
0.558772623538971 0
0.4197956919670105 0
0.31227633357048035 0
0.6017017960548401 1
0.45565956830978394 0
0.5341728329658508 0
0.316536009311676 0
0.2714509665966034 0
0.5538841485977173 1
0.46879756450653076 0
0.5261120200157166 0
0.1464017927646637 0
0.12830379605293274 0
0.5802098512649536 1
0.3625048100948334 0
0.46296414732933044 0
0.20389112830162048 0
0.20319508016109467 0
0.5218219757080078 1
0.49363499879837036 0
0.5723183155059814 0
0.3974209427833557 0
0.421395868062973 0
0.5567636489868164 1
0.46381163597106934 0
0.5807237029075623 0
0.4031253457069397 0
0.3511858880519867 0
0.43547114729881287 1
0.2534480690956116 0
0.3433440327644348 0
0.35237833857536316 0
0.31720930337905884 0
0.49894940853118896 1
0.3619457483291626 0
0.45697611570358276 0
0.42149877548217773 0
0.10160090029239655 0
0.5834149718284607 1
0.4398254156112671 0
0.5852281451225281 0
0.3412659168243408 0
0.17861734330654144 0
0.3191428780555725 1
0.16960512101650238 0
0.3091639280319214 0
0.2398841381072998 0
0.04781963676214218 0
0.3879484534263611 1
0.25095435976982117 0
0.3126218318939209 0
0.4207117259502411 0
0.12458872050046921 0
0.3097895681858063 1
0.3127797245979309 0
0.42041903734207153 0
0.30616194009780884 0
0.15297535061836243 0
