0.6756665110588074 1
0.31962665915489197 0
0.3308343291282654 0
0.1821848750114441 0
0.47884994745254517 0
0.6787014007568359 1
0.035871900618076324 0
0.31914156675338745 0
0.3155006170272827 0
0.6292641162872314 0
0.6419605612754822 1
0.32653874158859253 0
0.33685776591300964 0
0.32223746180534363 0
0.3379713296890259 0
0.9231852293014526 1
0.5919981002807617 0
0.6315045356750488 0
0.2066941261291504 0
0.6103761196136475 0
0.8125408887863159 1
0.8326501846313477 0
0.7912845015525818 0
0.6818723082542419 0
0.6694998741149902 0
0.9874894022941589 1
0.9175534248352051 0
0.8127174377441406 0
0.3406238257884979 0
0.6505787968635559 0
0.620292603969574 1
0.48993825912475586 0
0.9780372381210327 0
0.32417938113212585 0
0.4338529706001282 0
0.6522203683853149 1
0.9075876474380493 0
0.37892946600914 0
0.33046644926071167 0
0.6469723582267761 0
0.39960092306137085 1
0.9139636754989624 0
0.9917172789573669 0
0.3071012794971466 0
0.30361923575401306 0
0.981684684753418 1
0.14349858462810516 0
0.33582744002342224 0
0.014846835285425186 0
0.6795221567153931 0
0.8943475484848022 1
0.21976175904273987 0
0.06481880694627762 0
0.4589095711708069 0
0.6392275094985962 0
0.8111057281494141 1
0.3296169936656952 0
0.32990533113479614 0
0.37422555685043335 0
0.7324694991111755 0
0.82884681224823 1
0.3378574550151825 0
0.34608638286590576 0
0.08562195301055908 0
0.3502200245857239 0
0.7624565362930298 1
0.9680661559104919 0
0.9622785449028015 0
0.5478432178497314 0
0.9216009974479675 0
0.7169712781906128 1
0.325912743806839 0
0.3365994393825531 0
0.3277348279953003 0
0.6219385266304016 0
0.7320393323898315 1
0.20987354218959808 0
0.6493064761161804 0
0.23927389085292816 0
0.2221878618001938 0
0.7893813848495483 1
0.6523371934890747 0
0.6608084440231323 0
0.8957033157348633 0
0.6528522968292236 0
0.8650028109550476 1
0.23922663927078247 0
0.6615472435951233 0
0.34264886379241943 0
0.7427878379821777 0
0.6412918567657471 1
0.0011965506710112095 0
0.04731970652937889 0
0.14285972714424133 0
0.12632465362548828 0
0.5967986583709717 1
0.006770237814635038 0
0.24931100010871887 0
0.10837022960186005 0
0.2779140770435333 0
0.6626520156860352 1
0.04646340757608414 0
0.33164966106414795 0
0.18777251243591309 0
0.2080869972705841 0
0.6785032749176025 1
0.15062060952186584 0
0.7229253053665161 0
0.36356040835380554 0
0.021437261253595352 0
0.670647382736206 1
0.2000454068183899 0
0.671449601650238 0
0.25443440675735474 0
0.10369621962308884 0
0.6612275242805481 1
0.30455154180526733 0
0.6560825705528259 0
0.18419425189495087 0
0.14161668717861176 0
0.6624982953071594 1
0.08943027257919312 0
0.8491243124008179 0
0.6414957642555237 0
0.4773150682449341 0
0.6915027499198914 1
0.13445620238780975 0
0.9626988768577576 0
0.6201959252357483 0
0.590478241443634 0
0.43057531118392944 1
0.46762263774871826 0
0.9898912310600281 0
0.2744523882865906 0
0.444241464138031 0
0.671055793762207 1
0.00710736308246851 0
0.3116716146469116 0
0.625514030456543 0
0.35257261991500854 0
0.6976057291030884 1
0.05369029566645622 0
0.33591794967651367 0
0.3672733008861542 0
0.32133376598358154 0
0.6801296472549438 1
0.05392150208353996 0
0.33536994457244873 0
0.2970769703388214 0
0.3269329369068146 0
0.7155503034591675 1
0.13943956792354584 0
0.44931918382644653 0
0.0996098518371582 0
0.31885474920272827 0
0.6686486601829529 1
0.08502304553985596 0
0.46393197774887085 0
0.13263386487960815 0
0.006412559654563665 0
0.6742686033248901 1
0.2835022807121277 0
0.3888911008834839 0
0.019412070512771606 0
0.12243317067623138 0
0.6429347991943359 1
0.03684062510728836 0
0.22301650047302246 0
0.3869013786315918 0
0.12683984637260437 0
0.6639633774757385 1
0.0018020358402282 0
0.02950317971408367 0
0.045958928763866425 0
0.0035948664881289005 0
0.43567904829978943 1
0.04660949856042862 0
0.29121264815330505 0
0.012218530289828777 0
0.007675693836063147 0
0.34566745162010193 1
0.32608047127723694 0
0.33200639486312866 0
0.3332245349884033 0
0.09945888817310333 0
0.34005019068717957 1
0.2595575153827667 0
0.33416447043418884 0
0.3327135443687439 0
0.33793485164642334 0
0.35852310061454773 1
0.3289262056350708 0
0.33400100469589233 0
0.05081387609243393 0
0.2933787405490875 0
0.3340446650981903 1
0.050908491015434265 0
0.2819737195968628 0
0.3298428952693939 0
0.007966591976583004 0
0.3379230499267578 1
0.04810694605112076 0
0.08735131472349167 0
0.32633158564567566 0
0.12763646245002747 0
0.6527769565582275 1
0.019847992807626724 0
0.20197370648384094 0
0.33536502718925476 0
0.2925303280353546 0
0.6813338994979858 1
0.6110666990280151 0
0.6576694846153259 0
0.3493049144744873 0
0.23807565867900848 0
0.6950666904449463 1
0.41564738750457764 0
0.547589898109436 0
0.33844491839408875 0
0.40381139516830444 0
0.8150967955589294 1
0.472478449344635 0
0.35749685764312744 0
0.2166546881198883 0
0.26698511838912964 0
0.6752986907958984 1
0.28019046783447266 0
0.3900028467178345 0
0.44513139128685 0
0.01684698835015297 0
0.6937388181686401 1
0.3387511372566223 0
0.6446058750152588 0
0.33261018991470337 0
0.12346117198467255 0
0.883070170879364 1
0.6632088422775269 0
0.9031994342803955 0
0.6666276454925537 0
0.19597125053405762 0
0.3349548280239105 1
0.8147746920585632 0
0.9548976421356201 0
0.3517013490200043 0
0.6152881383895874 0
0.33647820353507996 1
0.540611743927002 0
0.9758886694908142 0
0.26604700088500977 0
0.3492814004421234 0
0.592786967754364 1
0.5835843682289124 0
0.9900990724563599 0
0.24980565905570984 0
0.06531307846307755 0
0.3669893145561218 1
0.878838062286377 0
0.9604531526565552 0
0.3650094270706177 0
0.2616286277770996 0
0.36661288142204285 1
0.6121256351470947 0
0.9634507894515991 0
0.2564827501773834 0
0.08483351767063141 0
0.6571846604347229 1
0.637829065322876 0
0.8022394180297852 0
0.6595393419265747 0
0.7955769300460815 0
0.6698884963989258 1
0.28548625111579895 0
0.2470192313194275 0
0.34127289056777954 0
0.14068496227264404 0
0.6661803722381592 1
0.32623428106307983 0
0.3448682725429535 0
0.4895326495170593 0
0.46547627449035645 0
0.9833900928497314 1
0.03828220069408417 0
0.3297345042228699 0
0.09994153678417206 0
0.48786938190460205 0
0.5162623524665833 1
0.00015384152357000858 0
0.26471686363220215 0
0.4505767524242401 0
0.007719188928604126 0
0.6734029650688171 1
0.06575139611959457 0
0.2882349193096161 0
0.3357210159301758 0
0.05947007238864899 0
0.9825310707092285 1
0.2985460162162781 0
0.09393882006406784 0
0.6622158885002136 0
0.07958890497684479 0
0.5166572332382202 1
0.3355863094329834 0
0.33343756198883057 0
0.3498600423336029 0
0.3176479935646057 0
0.718925952911377 1
0.3195008635520935 0
0.33962365984916687 0
0.3466278910636902 0
0.39590299129486084 0
0.5434783697128296 1
0.19761237502098083 0
0.33424609899520874 0
0.17760103940963745 0
0.10413405299186707 0
0.6661958694458008 1
0.32951024174690247 0
0.6263540387153625 0
0.02592933177947998 0
0.04401509463787079 0
0.6204639077186584 1
0.33209577202796936 0
0.3344724774360657 0
0.333131343126297 0
0.043669432401657104 0
0.8964241743087769 1
0.7197564840316772 0
0.9364204406738281 0
0.6691135764122009 0
0.5901724100112915 0
0.458729088306427 1
0.32870960235595703 0
0.17335650324821472 0
0.3607671856880188 0
0.08661264181137085 0
0.6768474578857422 1
0.07890906929969788 0
0.5410553812980652 0
0.32944172620773315 0
0.2919246554374695 0
0.6556777358055115 1
0.06880829483270645 0
0.6631684899330139 0
0.26710742712020874 0
0.22255003452301025 0
0.36248430609703064 1
0.13034793734550476 0
0.08194853365421295 0
0.21591149270534515 0
0.0002349090646021068 0
0.6588280200958252 1
0.03251199424266815 0
0.1957552134990692 0
0.331665575504303 0
0.02167171984910965 0
0.7519556283950806 1
0.2271544635295868 0
0.576964795589447 0
0.6427434682846069 0
0.0335514210164547 0
