0.11730095744132996 1
0.3884066939353943 1
0.2996066212654114 1
0.13027028739452362 1
0.15909162163734436 1
0.5315613746643066 1
0.6506361365318298 1
0.0011327120009809732 1
0.5291221141815186 1
0.18585136532783508 1
0.36724230647087097 1
0.2231900990009308 1
0.5089280605316162 1
0.7289716601371765 1
0.9599167108535767 1
0.3040020167827606 1
0.002185330493375659 1
0.5256589651107788 1
0.03392461687326431 1
0.8654927611351013 1
0.3079514503479004 1
0.43273159861564636 1
0.9420761466026306 1
0.002393687143921852 0
0.0012218384072184563 0
0.34299954771995544 0
0.0004778066650032997 0
0.0645902082324028 0
0.3173511028289795 0
0.00043566382373683155 0
0.0010741264559328556 0
0.28921908140182495 0
0.011615073308348656 0
0.0370071604847908 0
0.7198383212089539 0
5.670252357958816e-05 0
0.00021587646915577352 0
0.3357487618923187 0
0.0013298497069627047 0
8.335775055456907e-05 0
0.4577638804912567 0
0.00032377851312048733 0
0.0005097786197438836 0
0.4961095452308655 0
0.01458585076034069 0
0.004602677188813686 0
0.33610832691192627 0
0.0009126486256718636 0
0.00872303731739521 0
0.3290351331233978 0
0.0006751762120984495 0
0.0004790507664438337 0
0.3281683027744293 0
0.0020245295017957687 0
0.007473174482584 0
0.31310248374938965 0
0.002477844711393118 0
0.008151460438966751 0
0.3364800214767456 0
0.001074015162885189 0
0.00304432213306427 0
0.3007422089576721 0
0.0003934841079171747 0
0.010125114582479 0
0.31989166140556335 0
0.019449245184659958 0
0.003819156438112259 0
0.3926132321357727 0
0.003402862697839737 0
0.0039587477222085 0
0.3345900774002075 0
0.008013788610696793 0
0.014971967786550522 0
0.34225794672966003 0
0.00022339308634400368 0
0.007406170479953289 0
0.2993500828742981 0
0.000372827285900712 0
0.001287542749196291 0
0.39897534251213074 0
0.006823554635047913 0
0.0034705461002886295 0
0.44138476252555847 0
0.003024197183549404 0
0.030018698424100876 0
0.25378432869911194 0
0.002414779271930456 0
0.0014791844878345728 0
0.39413219690322876 0
0.052917685359716415 0
0.001147170551121235 0
0.6226949095726013 0
0.6731311082839966 1
0.8453190326690674 1
0.1941547840833664 1
0.6840356588363647 1
0.7085964679718018 1
0.7851929664611816 1
0.7474291324615479 1
0.8154761791229248 1
0.645430326461792 1
0.3415148854255676 1
0.6270116567611694 1
0.5105991363525391 1
0.3609200119972229 1
0.35898301005363464 1
0.4684280753135681 1
0.34873050451278687 1
0.5867393016815186 1
0.31738024950027466 1
0.33238911628723145 1
0.2836028039455414 1
0.5541538596153259 1
0.5985463857650757 1
0.47031721472740173 1
