0.16488584876060486 1
0.38537442684173584 1
0.26738834381103516 1
0.5211160182952881 1
0.04949430376291275 1
0.354340523481369 1
0.5451874732971191 1
0.0167338065803051 1
0.4747895896434784 1
0.14007863402366638 1
0.33656710386276245 1
0.399206280708313 1
0.3628571033477783 1
0.4686591625213623 1
0.8783888816833496 1
0.30678123235702515 1
0.003326390404254198 1
0.44278383255004883 1
0.18765734136104584 1
0.8642925024032593 1
0.28838205337524414 1
0.4912137985229492 1
0.6401478052139282 1
0.002205404918640852 0
0.0013691678177565336 0
0.5706434845924377 0
0.0008149695349857211 0
0.1129341870546341 0
0.3235782980918884 0
0.0016396226128563285 0
0.002244710922241211 0
0.25182288885116577 0
0.06443550437688828 0
0.05431877076625824 0
0.6803099513053894 0
0.0004907554248347878 0
0.0015254633035510778 0
0.6732292175292969 0
0.0006408444605767727 0
0.00046195765025913715 0
0.31073927879333496 0
0.0003356392262503505 0
0.011188365519046783 0
0.35600313544273376 0
0.012347179464995861 0
0.006539241410791874 0
0.3257402777671814 0
0.0009549169335514307 0
0.007836190052330494 0
0.3000343441963196 0
0.002547836396843195 0
0.0019551762379705906 0
0.31382837891578674 0
0.00805729441344738 0
0.013305747881531715 0
0.32361090183258057 0
0.006839048117399216 0
0.01900743693113327 0
0.35334813594818115 0
0.015381846576929092 0
0.0026313001289963722 0
0.3418138027191162 0
0.002732957247644663 0
0.041896965354681015 0
0.3645131289958954 0
0.012850522994995117 0
0.011304299347102642 0
0.46327728033065796 0
0.004227727651596069 0
0.006059873849153519 0
0.38033854961395264 0
0.08619280159473419 0
0.01645316556096077 0
0.3713952302932739 0
0.0015522621106356382 0
0.026680689305067062 0
0.3011230528354645 0
0.0009153405553661287 0
0.0027973889373242855 0
0.3444410562515259 0
0.003261375706642866 0
0.004617819096893072 0
0.3924512565135956 0
0.0040385122410953045 0
0.030572280287742615 0
0.2817874848842621 0
0.010182134807109833 0
0.01735266111791134 0
0.47831660509109497 0
0.1833612620830536 0
0.0013628912856802344 0
0.6295515298843384 0
0.6893998384475708 1
0.8051828742027283 1
0.5663222074508667 1
0.6804369688034058 1
0.760546863079071 1
0.8856203556060791 1
0.9606499075889587 1
0.9636565446853638 1
0.8469104766845703 1
0.4709162414073944 1
0.38509315252304077 1
0.7701930403709412 1
0.3948368728160858 1
0.4549914300441742 1
0.5072541832923889 1
0.3619858920574188 1
0.7480100393295288 1
0.34316393733024597 1
0.4434729516506195 1
0.4228708744049072 1
0.5416578054428101 1
0.5885475873947144 1
0.6011857986450195 1
