0.1720651239156723 1
0.48629844188690186 1
0.3050418496131897 1
0.501863420009613 1
0.27261656522750854 1
0.43085977435112 1
0.4966847896575928 1
0.1281791627407074 1
0.5326484441757202 1
0.27321287989616394 1
0.4587283730506897 1
0.264924556016922 1
0.5407814383506775 1
0.5311928987503052 1
0.8372661471366882 1
0.4839734435081482 1
0.029285458847880363 1
0.3602735996246338 1
0.15072092413902283 1
0.7971887588500977 1
0.3018847107887268 1
0.5780287981033325 1
0.6654214262962341 1
0.0021273314487189054 0
0.0019426158396527171 0
0.5971635580062866 0
0.002032465534284711 0
0.21169045567512512 0
0.3374132513999939 0
0.0015159109607338905 0
0.001280301483348012 0
0.22178664803504944 0
0.024784941226243973 0
0.004898007959127426 0
0.7862902879714966 0
0.00013333748211152852 0
0.0008986933389678597 0
0.7445101141929626 0
0.00349825294688344 0
0.00019224312563892454 0
0.29356449842453003 0
0.001375807449221611 0
0.0006524845375679433 0
0.42394039034843445 0
0.016391517594456673 0
0.0076458146795630455 0
0.3310866355895996 0
0.00256127817556262 0
0.011395493522286415 0
0.3019781708717346 0
0.014985885471105576 0
0.004476351197808981 0
0.330647349357605 0
0.023485397920012474 0
0.0093932980671525 0
0.32790324091911316 0
0.01469823345541954 0
0.061606138944625854 0
0.35063761472702026 0
0.0037278286181390285 0
0.002323662396520376 0
0.3224071264266968 0
0.0015956084243953228 0
0.057065289467573166 0
0.37560686469078064 0
0.04468847066164017 0
0.01139918714761734 0
0.5088310241699219 0
0.017934482544660568 0
0.014747966080904007 0
0.3815610110759735 0
0.04462026059627533 0
0.015349882654845715 0
0.44317159056663513 0
0.004239825066179037 0
0.023096857592463493 0
0.35149163007736206 0
0.0014881881652399898 0
0.0026720715686678886 0
0.3793237805366516 0
0.058049075305461884 0
0.02958686649799347 0
0.48406416177749634 0
0.019711751490831375 0
0.049396395683288574 0
0.24498555064201355 0
0.024701138958334923 0
0.019955676048994064 0
0.6396036744117737 0
0.12043511122465134 0
0.0010074436431750655 0
0.7579365968704224 0
0.7374546527862549 1
0.9214403033256531 1
0.5478734970092773 1
0.656944215297699 1
0.9724869728088379 1
0.9437575340270996 1
0.9835783243179321 1
0.9860204458236694 1
0.9038317203521729 1
0.389665424823761 1
0.47536012530326843 1
0.8027870059013367 1
0.4810093343257904 1
0.42945533990859985 1
0.3630271852016449 1
0.406103253364563 1
0.8036505579948425 1
0.5195590853691101 1
0.4840485453605652 1
0.4473472833633423 1
0.4607648253440857 1
0.6426424384117126 1
0.5818227529525757 1
