0.6716707944869995 1
0.308906614780426 0
0.327452152967453 0
0.10457241535186768 0
0.40733179450035095 0
0.6408026218414307 1
0.022840676829218864 0
0.34933900833129883 0
0.2060205042362213 0
0.6260635852813721 0
0.5524277687072754 1
0.32322949171066284 0
0.33484768867492676 0
0.2218332141637802 0
0.3321164846420288 0
0.9070357084274292 1
0.5401455760002136 0
0.7106394171714783 0
0.12141506373882294 0
0.6261047124862671 0
0.7648756504058838 1
0.8469237685203552 0
0.7818918228149414 0
0.5219683647155762 0
0.6466072797775269 0
0.9594622850418091 1
0.8789522647857666 0
0.7783875465393066 0
0.30596446990966797 0
0.6389317512512207 0
0.665510892868042 1
0.480475515127182 0
0.9364675283432007 0
0.2903177738189697 0
0.33780956268310547 0
0.6740574836730957 1
0.7929332256317139 0
0.384343683719635 0
0.33215969800949097 0
0.6541290283203125 0
0.37368035316467285 1
0.8273942470550537 0
0.9846080541610718 0
0.2776954472064972 0
0.32838553190231323 0
0.9889847636222839 1
0.07078813761472702 0
0.327112078666687 0
0.006053730845451355 0
0.6727229356765747 0
0.8303079605102539 1
0.15716230869293213 0
0.06746645271778107 0
0.547257661819458 0
0.5993557572364807 0
0.7582055926322937 1
0.3244890570640564 0
0.310260146856308 0
0.38930004835128784 0
0.6683042049407959 0
0.8994839191436768 1
0.34416303038597107 0
0.3346753716468811 0
0.19690978527069092 0
0.3363456428050995 0
0.7640564441680908 1
0.9505590200424194 0
0.9618009924888611 0
0.41596561670303345 0
0.8502727746963501 0
0.6842536926269531 1
0.2651170492172241 0
0.3348858952522278 0
0.32663869857788086 0
0.5451372861862183 0
0.6674832105636597 1
0.19521024823188782 0
0.669259250164032 0
0.24917739629745483 0
0.27891775965690613 0
0.7166735529899597 1
0.6378549933433533 0
0.6562024354934692 0
0.8148849010467529 0
0.5811688899993896 0
0.7645222544670105 1
0.167888805270195 0
0.6174741983413696 0
0.32908058166503906 0
0.7054540514945984 0
0.6504740715026855 1
0.003154139732941985 0
0.08410262316465378 0
0.3281766176223755 0
0.14521412551403046 0
0.5372470617294312 1
0.007138692773878574 0
0.28924456238746643 0
0.06456112861633301 0
0.237299382686615 0
0.49664145708084106 1
0.04120741784572601 0
0.3219371438026428 0
0.2536543607711792 0
0.14742761850357056 0
0.6765087842941284 1
0.10122755169868469 0
0.6984784007072449 0
0.3540101647377014 0
0.011997467838227749 0
0.6732996702194214 1
0.12468892335891724 0
0.6498274207115173 0
0.2326192706823349 0
0.14793214201927185 0
0.6459681987762451 1
0.3090593218803406 0
0.6393674612045288 0
0.18756014108657837 0
0.1708214282989502 0
0.6573941111564636 1
0.09001708030700684 0
0.9502994418144226 0
0.6223548650741577 0
0.586571455001831 0
0.6727803945541382 1
0.11440768092870712 0
0.9617443084716797 0
0.6099981069564819 0
0.6024202108383179 0
0.40133142471313477 1
0.22897617518901825 0
0.9923669695854187 0
0.2858395576477051 0
0.42759132385253906 0
0.6699756979942322 1
0.11038492619991302 0
0.3946474492549896 0
0.5378181338310242 0
0.5347373485565186 0
0.6981029510498047 1
0.08470712602138519 0
0.3362511098384857 0
0.34123143553733826 0
0.28207358717918396 0
0.657856285572052 1
0.05634046718478203 0
0.32034051418304443 0
0.269726037979126 0
0.28939270973205566 0
0.7287013530731201 1
0.1359827220439911 0
0.4293263852596283 0
0.17302438616752625 0
0.3064965009689331 0
0.6744390726089478 1
0.066562220454216 0
0.35999175906181335 0
0.26851189136505127 0
0.005555339157581329 0
0.6710111498832703 1
0.29164808988571167 0
0.35021883249282837 0
0.061291541904211044 0
0.09988566488027573 0
0.6488528251647949 1
0.009163948707282543 0
0.07414048165082932 0
0.34954389929771423 0
0.20814794301986694 0
0.6604714393615723 1
0.0017115677474066615 0
0.019861020147800446 0
0.051881786435842514 0
0.005831304471939802 0
0.36278432607650757 1
0.042346782982349396 0
0.26091042160987854 0
0.005031567998230457 0
0.008400818333029747 0
0.3381872773170471 1
0.3234984874725342 0
0.331839382648468 0
0.3330082595348358 0
0.16477413475513458 0
0.340163916349411 1
0.3006543815135956 0
0.3350820243358612 0
0.33243677020072937 0
0.3167136311531067 0
0.3416880965232849 1
0.3196965456008911 0
0.332872211933136 0
0.0804436206817627 0
0.19199782609939575 0
0.33427804708480835 1
0.06408506631851196 0
0.28962305188179016 0
0.3208363354206085 0
0.02146810106933117 0
0.3442959189414978 1
0.041332751512527466 0
0.09442827105522156 0
0.2345985770225525 0
0.12102346867322922 0
0.6235424876213074 1
0.018711047247052193 0
0.12038811296224594 0
0.332304984331131 0
0.2467660903930664 0
0.6756916046142578 1
0.6081864833831787 0
0.6559661030769348 0
0.346087783575058 0
0.1601310670375824 0
0.6932055354118347 1
0.3256949782371521 0
0.5937113165855408 0
0.34240657091140747 0
0.40367841720581055 0
0.7825417518615723 1
0.3510904312133789 0
0.3678698241710663 0
0.0668141096830368 0
0.2785744369029999 0
0.6710237264633179 1
0.28975048661231995 0
0.336950421333313 0
0.4059004783630371 0
0.0460040383040905 0
0.6754897832870483 1
0.3125659227371216 0
0.6114829778671265 0
0.33426421880722046 0
0.08225613832473755 0
0.8420056104660034 1
0.6001988649368286 0
0.9162063002586365 0
0.6634018421173096 0
0.1578870266675949 0
0.3365757465362549 1
0.7457917928695679 0
0.9549188613891602 0
0.45128437876701355 0
0.6297562122344971 0
0.34329208731651306 1
0.7000553607940674 0
0.9797768592834473 0
0.23551902174949646 0
0.3783877491950989 0
0.5616034865379333 1
0.4272769093513489 0
0.9767338633537292 0
0.17589321732521057 0
0.05615919083356857 0
0.4065060019493103 1
0.9281309843063354 0
0.9248931407928467 0
0.36304971575737 0
0.15119019150733948 0
0.3705322742462158 1
0.40972208976745605 0
0.9106379747390747 0
0.3195297420024872 0
0.11038750410079956 0
0.6567782759666443 1
0.6757789850234985 0
0.8791801333427429 0
0.613932728767395 0
0.7618558406829834 0
0.6653029918670654 1
0.3013172447681427 0
0.27233028411865234 0
0.34209784865379333 0
0.12532255053520203 0
0.6656249165534973 1
0.3254847824573517 0
0.34716877341270447 0
0.4028087854385376 0
0.4372514486312866 0
0.9616720080375671 1
0.018107837066054344 0
0.3316550552845001 0
0.1710388958454132 0
0.37300723791122437 0
0.5703220963478088 1
0.00011018064105883241 0
0.21888160705566406 0
0.4151909351348877 0
0.011108186095952988 0
0.6671980619430542 1
0.08767516911029816 0
0.29062700271606445 0
0.33243387937545776 0
0.03664010018110275 0
0.9369701147079468 1
0.2275398075580597 0
0.11017870157957077 0
0.6470136642456055 0
0.05199460685253143 0
0.6161353588104248 1
0.3338508605957031 0
0.3334593176841736 0
0.33824777603149414 0
0.3312463164329529 0
0.6577313542366028 1
0.3068646192550659 0
0.33663076162338257 0
0.3378727436065674 0
0.3754580020904541 0
0.60634845495224 1
0.058046113699674606 0
0.33320024609565735 0
0.20236659049987793 0
0.23471614718437195 0
0.6753107309341431 1
0.3115537464618683 0
0.5425291657447815 0
0.020258646458387375 0
0.0767272338271141 0
0.5909900069236755 1
0.32956573367118835 0
0.33453553915023804 0
0.3319556713104248 0
0.06911040097475052 0
0.7960931658744812 1
0.6733599901199341 0
0.9198155403137207 0
0.6666586399078369 0
0.3894754648208618 0
0.44041797518730164 1
0.32774245738983154 0
0.24158543348312378 0
0.3470763564109802 0
0.09466572105884552 0
0.6706458926200867 1
0.03855796158313751 0
0.434775173664093 0
0.32404625415802 0
0.20124801993370056 0
0.6318281888961792 1
0.18539437651634216 0
0.6400601267814636 0
0.2592477798461914 0
0.04489051550626755 0
0.36587846279144287 1
0.10221593081951141 0
0.017383715137839317 0
0.20966766774654388 0
0.00036746280966326594 0
0.6098014116287231 1
0.047755107283592224 0
0.07816394418478012 0
0.33120834827423096 0
0.029756998643279076 0
0.6858095526695251 1
0.19120728969573975 0
0.5738165378570557 0
0.6051135063171387 0
0.008948110044002533 0
