0.11447517573833466 1
0.5360090732574463 1
0.15980182588100433 1
0.6477296352386475 1
0.01020829752087593 1
0.5179983973503113 1
0.4672187268733978 1
0.03513966128230095 1
0.5194458961486816 1
0.2712944447994232 1
0.3010290563106537 1
0.15662002563476562 1
0.27754926681518555 1
0.5257470607757568 1
0.9218282699584961 1
0.16846314072608948 1
0.003198502119630575 1
0.46795499324798584 1
0.033974625170230865 1
0.5711548924446106 1
0.23893855512142181 1
0.3612098693847656 1
0.7454879283905029 1
0.001054443884640932 0
0.00038229007623158395 0
0.5765328407287598 0
0.0013151220045983791 0
0.07105933129787445 0
0.11901234835386276 0
0.00023200949362944812 0
0.0018035457469522953 0
0.0812673345208168 0
0.002679622732102871 0
0.003698707092553377 0
0.905226469039917 0
6.528134690597653e-05 0
0.00021571936667896807 0
0.9069973230361938 0
0.00039416487561538815 0
0.0001677504915278405 0
0.28358161449432373 0
0.0002741660864558071 0
0.0010179353412240744 0
0.48404964804649353 0
0.00977715477347374 0
0.004206994082778692 0
0.32353365421295166 0
0.0007302403682842851 0
0.004036705009639263 0
0.3135072886943817 0
0.0003958589513786137 0
0.002621942898258567 0
0.28350913524627686 0
0.001881506061181426 0
0.004409790970385075 0
0.3252371847629547 0
0.003876667469739914 0
0.008113770745694637 0
0.34066832065582275 0
0.0034694415517151356 0
0.0032989380415529013 0
0.3395887613296509 0
0.0004048606497235596 0
0.013503479771316051 0
0.27920740842819214 0
0.018074722960591316 0
0.010735007002949715 0
0.3361695408821106 0
0.0009130693506449461 0
0.0035448854323476553 0
0.370911568403244 0
0.0027605295181274414 0
0.01171109825372696 0
0.388537734746933 0
0.0002803018724080175 0
0.006380321457982063 0
0.32948893308639526 0
0.000241455330979079 0
0.0007920584175735712 0
0.3467366397380829 0
0.003573727561160922 0
0.003918228205293417 0
0.5948905944824219 0
0.004918097518384457 0
0.023323532193899155 0
0.3747459352016449 0
0.003602434881031513 0
0.005134700797498226 0
0.6536639928817749 0
0.09997141361236572 0
0.0010274462401866913 0
0.657904863357544 0
0.6895862817764282 1
0.7784677743911743 1
0.43793249130249023 1
0.6829668879508972 1
0.8932963609695435 1
0.9608771800994873 1
0.9889979362487793 1
0.9365188479423523 1
0.8028544187545776 1
0.36002683639526367 1
0.4015207886695862 1
0.8198285102844238 1
0.3769869804382324 1
0.3032262325286865 1
0.3803454637527466 1
0.3144272267818451 1
0.9481637477874756 1
0.3361569046974182 1
0.48785945773124695 1
0.33750611543655396 1
0.46341392397880554 1
0.5707694292068481 1
0.6455305814743042 1
