0.9902347326278687 1
0.059307761490345 0
0.16247835755348206 0
0.028075437992811203 0
0.6659638285636902 0
0.8817896842956543 1
0.06235050410032272 0
0.21695882081985474 0
0.12776808440685272 0
0.9400222301483154 0
0.9837793111801147 1
0.09673970192670822 0
0.23900745809078217 0
0.11992999166250229 0
0.1756659746170044 0
0.9958125948905945 1
0.07207497954368591 0
0.2508015036582947 0
0.4107856750488281 0
0.9272441267967224 0
0.9936541318893433 1
0.9201108813285828 0
0.6375474333763123 0
0.587714672088623 0
0.9956064224243164 0
0.9998512268066406 1
0.6786109805107117 0
0.8732327222824097 0
0.19889865815639496 0
0.9934673309326172 0
0.7211653590202332 1
0.21173398196697235 0
0.7823367118835449 0
0.02018037810921669 0
0.05378520488739014 0
0.987226665019989 1
0.3291899561882019 0
0.006999963894486427 0
0.03276960924267769 0
0.20717135071754456 0
0.8115324974060059 1
0.8672000765800476 0
0.9213618636131287 0
0.00243723439052701 0
0.03856833279132843 0
0.9988948106765747 1
0.022450631484389305 0
0.2894384264945984 0
0.04227500781416893 0
0.9431573152542114 0
0.9892627596855164 1
0.23094570636749268 0
0.056117407977581024 0
0.652470052242279 0
0.9528117179870605 0
0.9982005953788757 1
0.1656588912010193 0
0.24553105235099792 0
0.717287003993988 0
0.9876922369003296 0
0.9876083135604858 1
0.18784645199775696 0
0.0069412607699632645 0
0.04115406796336174 0
0.06158970296382904 0
0.9893357753753662 1
0.9711472988128662 0
0.8658906817436218 0
0.7549025416374207 0
0.9899033904075623 0
0.9888157248497009 1
0.07345235347747803 0
0.033545076847076416 0
0.06455318629741669 0
0.8859266638755798 0
0.9805676341056824 1
0.1516752392053604 0
0.2867114543914795 0
0.5139907598495483 0
0.7471804618835449 0
0.9806727170944214 1
0.48989278078079224 0
0.011741753667593002 0
0.9696125984191895 0
0.671626091003418 0
0.9992902278900146 1
0.069237619638443 0
0.18262891471385956 0
0.8678040504455566 0
0.714404284954071 0
0.9663938283920288 1
0.0015095428097993135 0
0.031704969704151154 0
0.34152883291244507 0
0.1579113006591797 0
0.9949304461479187 1
0.011231946758925915 0
0.180311381816864 0
0.019720057025551796 0
0.16964313387870789 0
0.36109670996665955 1
0.005543760489672422 0
0.09968818724155426 0
0.031102335080504417 0
0.06831657886505127 0
0.9997653961181641 1
0.14886316657066345 0
0.999400794506073 0
0.4830116927623749 0
0.037116631865501404 0
0.9987427592277527 1
0.06541316211223602 0
0.9657630324363708 0
0.027270842343568802 0
0.11110790818929672 0
0.9772524237632751 1
0.07660333067178726 0
0.9655522108078003 0
0.025564804673194885 0
0.050199419260025024 0
0.9796619415283203 1
0.14902883768081665 0
0.9485685229301453 0
0.9620921015739441 0
0.7793976664543152 0
0.9760006666183472 1
0.04457378387451172 0
0.8931493163108826 0
0.6649084091186523 0
0.6879059672355652 0
0.7091211080551147 1
0.6323874592781067 0
0.9153677225112915 0
0.04837973043322563 0
0.14453327655792236 0
0.9943150877952576 1
0.021102039143443108 0
0.7248095870018005 0
0.9600731730461121 0
0.7438896894454956 0
0.998481035232544 1
0.04821442812681198 0
0.36565837264060974 0
0.5771276354789734 0
0.2004164457321167 0
0.8476025462150574 1
0.01519535481929779 0
0.08120796084403992 0
0.2869186997413635 0
0.10542958229780197 0
0.999550461769104 1
0.03314219415187836 0
0.6553852558135986 0
0.025708815082907677 0
0.34322673082351685 0
0.998564600944519 1
0.11279596388339996 0
0.43626856803894043 0
0.1284811794757843 0
0.00427359389141202 0
0.8634955286979675 1
0.011376055888831615 0
0.11604010313749313 0
0.007057878188788891 0
0.021480735391378403 0
0.9286448359489441 1
0.0023194863460958004 0
0.4608699679374695 0
0.22658511996269226 0
0.020778775215148926 0
0.9951024055480957 1
0.0006498870206996799 0
0.02778317779302597 0
0.034619297832250595 0
0.03836730495095253 0
0.8086303472518921 1
0.0044803256168961525 0
0.0348471999168396 0
0.0067600286565721035 0
0.0063469260931015015 0
0.9402419924736023 1
0.1685398817062378 0
0.5642167329788208 0
0.6418212652206421 0
0.004350043833255768 0
0.8618571162223816 1
0.26091307401657104 0
0.9326047897338867 0
0.9181876182556152 0
0.7410590052604675 0
0.9398860931396484 1
0.8114352226257324 0
0.7873492240905762 0
0.6818364858627319 0
0.8746945261955261 0
0.4632171094417572 1
0.004770406521856785 0
0.0750870481133461 0
0.3785010576248169 0
0.0017485686112195253 0
0.8967854380607605 1
0.0019443896599113941 0
0.03473557159304619 0
0.041651561856269836 0
0.0011247261427342892 0
0.980106770992279 1
0.006824405863881111 0
0.025116657838225365 0
0.03119366429746151 0
0.13141782581806183 0
0.9972042441368103 1
0.9443682432174683 0
0.9625169038772583 0
0.7266523241996765 0
8.552783401682973e-05 0
0.999849796295166 1
0.5213131308555603 0
0.9625147581100464 0
0.9581429362297058 0
0.7285000681877136 0
0.9972414970397949 1
0.8257554769515991 0
0.8378443717956543 0
0.5571602582931519 0
0.7385119199752808 0
0.9991216659545898 1
0.004451945889741182 0
0.38955211639404297 0
0.7607018351554871 0
0.00020543862774502486 0
0.9994297027587891 1
0.0070612370036542416 0
0.4419013261795044 0
0.12336613237857819 0
0.0007714730454608798 0
0.9975001215934753 1
0.6648804545402527 0
0.6161167621612549 0
0.8635056018829346 0
0.06947784125804901 0
0.2626194357872009 1
0.8525874018669128 0
0.7121391296386719 0
0.6184400916099548 0
0.9024659991264343 0
0.8063745498657227 1
0.8995091319084167 0
0.880398690700531 0
0.05419493839144707 0
0.5940917730331421 0
0.7777345180511475 1
0.3287178874015808 0
0.8573896288871765 0
0.06047813594341278 0
0.36423346400260925 0
0.5894241333007812 1
0.905728280544281 0
0.9304372668266296 0
0.7923843860626221 0
0.05070655047893524 0
0.7226590514183044 1
0.5311974883079529 0
0.9655073881149292 0
0.020494725555181503 0
0.01868831366300583 0
0.45892566442489624 1
0.58995521068573 0
0.8350942134857178 0
0.17337994277477264 0
0.981782078742981 0
0.9985506534576416 1
0.0692124143242836 0
0.6290629506111145 0
0.9593760967254639 0
0.00044939585495740175 0
0.9973152875900269 1
0.3779263496398926 0
0.9109711647033691 0
0.9857733249664307 0
0.9132570028305054 0
0.9979718923568726 1
0.10096075385808945 0
0.30801379680633545 0
0.15704599022865295 0
0.9835294485092163 0
0.9509703516960144 1
0.0008585415198467672 0
0.029470039531588554 0
0.8988933563232422 0
0.00041032544686459005 0
0.9984018206596375 1
0.0040086908265948296 0
0.12293296307325363 0
0.8685451745986938 0
0.0008345491951331496 0
0.999447762966156 1
0.03685767203569412 0
0.13202118873596191 0
0.7416946291923523 0
0.03411175683140755 0
0.960608959197998 1
0.6740097999572754 0
0.010247142985463142 0
0.49444204568862915 0
0.02761535719037056 0
0.9448058009147644 1
0.33710718154907227 0
0.21761439740657806 0
0.889091968536377 0
0.752894401550293 0
0.9763829708099365 1
0.4806003272533417 0
0.2260357141494751 0
0.23740607500076294 0
0.1474352478981018 0
0.9834527969360352 1
0.1100165843963623 0
0.9129378795623779 0
0.00037033375701867044 0
0.00182135752402246 0
0.8933371305465698 1
0.03602609038352966 0
0.02940526232123375 0
0.062319766730070114 0
0.00435619056224823 0
0.9965593814849854 1
0.9487787485122681 0
0.9855507612228394 0
0.8953505754470825 0
0.3753119707107544 0
0.7822031378746033 1
0.005361841060221195 0
0.7012103796005249 0
0.4910237193107605 0
9.816145029617473e-05 0
0.9965478181838989 1
0.032068464905023575 0
0.9345449209213257 0
0.6822189092636108 0
0.10348194092512131 0
0.9887875914573669 1
0.2566090226173401 0
0.9209596514701843 0
0.5151752233505249 0
0.5640282034873962 0
0.14329597353935242 1
0.00099388905800879 0
0.01024058647453785 0
0.13677912950515747 0
8.346465619979426e-06 0
0.9214453101158142 1
0.003024937119334936 0
0.04241953417658806 0
0.1811247318983078 0
0.0010453463764861226 0
0.9877835512161255 1
0.21320085227489471 0
0.3193635940551758 0
0.4904975891113281 0
0.01571633294224739 0
